28 112 115 219 220 221 324 361 424 558 623 
4 27 28 29 113 322 361 362 376 377 378 424 427 430 431 432 433 465 469 471 472 473 474 495 496 497 558 564 566 609 610 611 612 613 623 627 663 664 666 711 712 713 723 739 740 741 754 755 779 780 817 863 885 893 894 910 925 926 973 974 1033 1064 1092 1109 1134 1145 1151 
27 29 111 115 219 220 221 324 361 558 623 
33 108 189 212 321 342 
1191 1192 
1150 1151 
675 676 
34 35 125 330 384 432 
34 35 38 39 125 127 248 330 333 384 390 432 463 571 674 750 
575 576 
573 574 
366 382 430 
190 210 
105 106 
94 103 
0 
6 
16 
18 
20 
24 94 
52 106 
32 109 210 
370 426 
34 35 122 327 375 508 576 
4 465 572 628 676 
28 29 112 115 219 220 221 324 361 558 623 
75 76 77 78 79 80 81 82 83 137 139 140 164 165 166 167 192 193 194 195 196 204 205 206 207 260 261 262 318 319 344 348 413 414 435 446 480 512 514 619 684 762 805 
23 38 39 47 48 93 127 131 132 143 144 145 147 148 149 245 248 249 250 251 252 253 254 257 275 276 277 280 281 282 283 284 285 286 287 288 289 332 333 334 335 336 337 338 339 340 341 402 415 416 417 418 419 420 421 422 423 482 486 502 505 536 537 539 554 557 592 593 594 620 621 701 704 717 718 743 744 767 768 769 781 801 802 839 840 886 929 978 999 1041 1070 1095 
4 27 28 30 34 35 111 112 113 114 115 116 120 121 123 124 125 126 216 217 218 219 220 221 234 235 236 322 323 324 325 328 329 330 331 376 377 378 379 382 383 384 385 465 466 469 471 472 473 474 495 496 497 564 566 609 610 611 612 613 627 664 665 712 723 740 741 742 755 779 780 817 862 884 893 910 973 976 1033 1064 1065 1092 1109 1134 1145 1150 
33 108 189 212 321 1190 1191 
