38 39 47 48 127 128 132 143 145 146 147 148 149 252 253 254 256 275 276 277 278 279 280 281 282 283 284 285 286 287 288 289 335 336 337 338 339 340 341 363 364 365 415 416 417 418 419 420 421 422 423 482 486 503 505 535 536 537 539 555 557 592 593 594 620 621 701 702 704 717 718 743 744 769 781 840 841 886 929 999 1041 1070 1095 
38 127 131 247 249 250 251 333 334 363 364 
38 39 127 131 247 249 250 251 333 334 363 364 
30 361 374 424 507 558 574 623 
29 30 361 374 507 558 574 623 
190 210 
94 103 
10 
15 
17 
19 
11 91 
24 103 
104 187 
32 109 210 
38 39 128 247 333 363 
27 28 29 111 115 219 220 221 324 361 558 623 
75 76 77 78 79 80 81 82 83 138 140 141 165 192 194 195 205 206 207 260 261 262 318 319 344 347 358 413 434 438 439 446 479 480 511 512 619 683 727 762 805 
23 93 1070 1095 
