23 38 39 47 48 93 127 128 143 144 146 147 149 252 255 275 278 279 280 281 282 283 284 287 288 289 335 336 337 338 339 340 341 363 364 365 415 416 417 418 419 420 421 422 423 481 484 504 505 535 537 538 539 554 555 556 557 592 593 594 620 621 701 702 703 704 743 744 768 769 781 801 802 839 840 886 929 978 999 1041 1070 1095 
34 35 121 229 327 367 
49 54 172 268 368 396 450 521 637 691 729 763 800 834 
26 38 39 54 58 60 61 64 66 127 128 159 246 333 390 428 470 506 618 633 734 838 855 857 858 859 876 877 878 879 880 881 904 937 938 939 940 941 942 948 994 995 1031 1039 1056 1057 1090 1107 1126 1128 1129 1130 1131 1132 1142 1159 1160 1161 1166 1167 1171 1175 1177 1179 1180 
26 38 39 54 58 59 60 61 66 127 128 159 246 333 390 428 470 506 618 633 734 838 855 856 857 858 876 877 878 879 880 881 904 937 938 939 940 941 942 948 994 995 1031 1039 1056 1057 1090 1107 1126 1128 1129 1130 1131 1132 1142 1159 1160 1161 1166 1167 1171 1175 1177 1179 1180 
26 54 58 59 60 61 64 66 159 428 470 618 838 855 856 857 858 859 876 877 878 879 880 881 904 937 938 939 940 941 942 948 994 995 1031 1039 1056 1057 1090 1107 1126 1128 1129 1130 1131 1132 1142 1159 1160 1161 1166 1167 1171 1175 1177 1179 1180 
26 47 48 54 58 59 60 61 66 143 144 159 284 339 363 365 388 389 390 428 463 464 470 506 578 618 632 673 725 798 827 838 855 856 857 858 876 877 878 879 880 904 937 938 939 940 941 942 948 994 995 1031 1039 1056 1057 1090 1107 1126 1128 1129 1130 1131 1132 1142 1159 1160 1161 1166 1167 1171 1175 1177 1179 1180 
47 48 62 64 143 144 182 284 311 339 405 458 544 645 699 731 764 800 865 
38 39 69 127 132 246 252 253 254 333 335 363 386 475 509 630 720 746 782 
38 127 128 246 251 333 334 363 364 
39 69 128 132 246 252 253 254 333 335 363 386 475 509 630 720 746 782 
36 169 290 362 393 424 447 516 582 634 694 729 763 800 865 
50 59 177 273 385 401 433 455 531 642 686 728 763 800 865 
49 54 172 268 368 396 450 521 637 691 729 763 800 865 
428 467 507 574 
32 107 188 211 321 369 425 
1191 1192 
1150 1151 
675 676 
575 576 
573 574 
366 382 430 
367 381 429 
342 369 425 
1 
10 
15 
20 
11 91 
21 92 
38 39 127 128 246 333 363 
35 123 231 232 233 328 366 
34 35 121 229 327 375 508 575 
4 465 572 628 676 
760 799 
51 84 85 86 87 88 89 90 153 155 156 157 199 200 201 208 209 299 300 301 320 351 352 353 443 444 487 488 540 541 622 706 732 770 804 
4 27 28 30 34 35 111 112 114 115 116 121 123 125 214 216 217 218 219 220 221 222 223 224 231 232 233 235 237 238 239 241 322 323 324 325 328 329 330 331 376 377 378 379 382 383 384 385 465 466 469 471 472 473 474 495 496 497 564 566 567 609 610 611 612 613 627 663 664 665 666 711 713 723 739 741 754 755 779 780 817 862 863 884 885 893 894 910 925 926 973 974 1033 1065 1092 1109 1134 1145 1151 
26 27 28 54 58 59 60 61 64 66 112 159 226 326 380 470 618 838 855 856 857 858 859 876 877 878 879 880 881 904 937 938 939 940 941 942 948 994 995 1031 1039 1056 1057 1090 1107 1126 1128 1129 1130 1131 1132 1142 1159 1160 1161 1166 1167 1171 1175 1177 1179 1180 
32 107 188 211 321 1190 1192 
