23 38 47 48 93 127 128 132 143 144 147 148 249 252 253 254 257 277 280 281 282 283 284 285 286 289 334 335 336 337 338 339 340 341 363 364 365 402 415 416 417 418 419 420 421 422 423 481 482 485 486 502 505 535 536 537 538 539 554 557 592 593 594 620 621 704 717 718 743 744 768 769 781 801 802 839 840 886 929 978 999 1041 1070 1095 
23 38 39 47 93 127 128 132 143 144 145 147 148 252 253 254 257 275 276 277 278 280 281 282 283 284 285 286 287 289 335 336 337 338 339 340 341 363 364 365 402 415 416 417 418 419 420 421 422 423 481 482 483 485 486 502 505 535 536 537 538 539 554 557 592 593 594 620 621 701 702 703 704 717 718 743 744 768 769 781 801 802 839 840 886 929 978 999 1041 1070 1095 
23 38 39 47 48 93 127 132 143 144 147 148 249 252 253 254 257 277 280 281 282 283 284 285 286 289 334 335 336 337 338 339 340 341 363 364 365 402 415 416 417 418 419 420 421 422 423 481 482 485 486 502 505 535 536 537 538 539 554 557 592 593 594 620 621 704 717 718 743 744 768 769 781 801 802 839 840 886 929 978 999 1041 1070 1095 
23 39 47 48 69 70 93 128 132 143 144 147 148 252 253 254 277 280 281 282 283 284 285 286 289 335 337 338 339 340 341 363 364 365 402 415 416 417 418 419 420 421 422 423 475 476 477 478 481 482 485 486 502 505 509 510 535 536 537 538 539 554 557 592 593 594 620 621 630 631 704 717 718 743 744 745 746 768 769 781 782 801 802 839 840 886 929 978 999 1041 1070 1095 
30 374 428 467 507 574 
1150 1151 
834 865 
368 380 428 
105 106 
8 
10 
17 
18 
52 105 
370 426 
27 28 117 326 380 428 
46 75 76 77 78 79 80 81 82 83 138 140 164 166 167 194 195 196 204 206 207 260 261 262 318 319 343 344 347 358 413 438 439 446 479 480 511 512 619 683 727 762 805 
31 118 191 800 834 
23 38 39 47 48 93 127 128 131 132 143 144 147 148 245 248 249 250 251 252 253 254 257 277 280 281 282 283 284 285 286 289 332 333 334 335 336 337 338 339 340 341 402 415 416 417 418 419 420 421 422 423 481 482 485 486 502 505 535 536 537 538 539 554 557 592 593 594 620 621 704 717 718 743 744 768 769 781 801 802 839 840 886 929 978 999 1041 1070 1095 
4 27 28 34 35 111 112 113 114 115 116 120 123 124 125 126 216 217 218 222 223 224 234 235 236 240 241 242 322 323 324 325 328 329 330 331 376 377 378 379 382 383 384 385 465 469 471 472 473 474 495 496 497 564 566 567 609 610 611 612 613 627 664 666 712 714 740 742 755 779 780 817 862 863 884 885 893 910 973 976 1033 1065 1109 1134 1145 1150 
