4 27 28 112 113 114 115 213 214 215 216 217 218 219 220 221 222 322 323 324 325 376 377 378 379 427 430 431 432 433 465 469 471 472 473 474 495 496 497 564 565 566 567 609 610 611 612 613 626 627 664 665 666 723 739 740 741 742 754 755 779 780 818 884 885 890 910 926 974 976 1033 1065 1109 1134 1145 1151 
4 27 28 111 113 114 115 213 214 215 216 217 218 219 220 221 222 322 323 324 325 376 377 378 379 427 430 431 432 433 465 469 471 472 473 474 495 496 497 564 565 566 567 609 610 611 612 613 626 627 664 665 666 723 739 740 741 742 754 755 779 780 818 884 885 890 910 926 974 976 1033 1065 1109 1134 1145 1151 
25 58 110 368 380 429 430 431 432 463 470 506 571 633 674 733 747 748 749 750 787 788 789 790 810 811 812 813 846 866 867 871 872 873 874 875 915 930 931 932 933 934 935 958 1009 1014 1046 1048 1049 1075 1117 1118 1119 1120 1121 1138 1153 1154 1155 1162 1163 1169 1173 1176 1178 1180 1182 1183 1184 1185 1187 1188 
25 27 28 37 64 110 111 112 216 222 323 325 368 377 379 380 429 430 431 432 463 469 470 506 571 633 674 733 747 748 749 750 787 788 789 790 810 811 812 813 831 850 866 867 872 873 874 875 899 930 931 932 933 934 935 943 977 997 998 1014 1048 1049 1117 1118 1119 1120 1121 1138 1143 1144 1149 1154 1155 1162 1163 1169 1173 1176 1178 1180 1182 1183 1184 1185 1187 1188 
26 57 58 64 110 119 159 368 380 429 430 431 432 463 470 506 559 571 632 633 674 682 725 733 734 747 748 749 750 773 787 788 789 790 793 794 795 796 797 798 810 811 812 813 822 823 824 825 826 827 846 850 854 855 859 866 867 871 872 873 874 875 876 877 878 879 880 881 915 917 918 919 920 921 930 931 932 933 934 935 942 958 962 963 964 965 966 1009 1014 1017 1019 1021 1023 1025 1046 1048 1049 1050 1051 1052 1053 1054 1075 1083 1084 1085 1086 1087 1117 1118 1119 1120 1121 1127 1131 1138 1141 1153 1154 1155 1162 1163 1166 1168 1169 1171 1173 1175 1176 1178 1179 1180 1182 1183 1184 1185 1187 1188 
4 27 28 111 112 115 213 216 219 220 221 322 323 324 376 377 378 427 430 431 432 433 465 469 471 472 473 474 495 496 497 564 567 609 610 611 612 613 626 627 664 665 666 723 739 740 741 742 754 755 779 780 818 884 885 890 910 926 974 976 1033 1065 1109 1134 1145 1151 
27 28 30 112 117 222 225 226 227 325 326 374 379 380 427 467 507 573 
27 28 30 111 117 222 225 226 227 325 326 374 379 380 427 467 507 573 
25 54 58 64 110 428 429 430 431 432 463 470 506 559 571 616 633 651 674 677 733 747 748 749 750 761 787 788 789 790 810 811 812 813 833 846 850 866 867 871 872 873 874 875 915 930 931 932 933 934 935 945 958 1009 1036 1046 1048 1049 1075 1077 1078 1100 1115 1117 1118 1119 1120 1121 1138 1153 1154 1155 1162 1163 1169 1173 1176 1178 1180 1182 1183 1184 1185 1187 1188 
25 58 64 110 368 380 429 430 431 432 463 470 506 571 633 674 733 747 748 749 750 787 788 789 790 810 811 812 813 846 850 866 867 871 872 873 874 875 915 930 931 932 933 934 935 958 1009 1014 1046 1048 1049 1075 1117 1118 1119 1120 1121 1138 1153 1154 1155 1162 1163 1169 1173 1176 1178 1180 1182 1183 1184 1185 1187 1188 
38 127 131 244 249 250 251 332 334 364 365 
27 28 111 117 222 225 226 227 325 326 368 379 427 
27 28 112 117 222 225 226 227 325 326 368 379 427 
27 111 112 222 224 325 379 427 
28 111 112 222 223 325 379 427 
39 127 128 243 244 332 365 
30 374 428 467 507 573 
32 107 188 211 321 342 
1191 1192 
834 865 
34 35 120 121 228 327 367 
575 576 
573 574 
367 381 429 
27 28 111 112 222 325 379 427 
368 380 428 
22 342 369 425 
16 
106 
38 39 128 244 332 365 
27 28 111 112 225 326 380 467 507 574 
34 35 120 121 228 327 375 508 575 
760 799 
49 53 171 292 395 449 520 584 636 692 729 763 800 865 
25 27 28 34 35 37 58 64 110 111 112 119 120 121 216 222 225 228 231 234 323 325 326 327 328 329 377 379 380 381 382 383 463 469 470 506 571 577 633 674 678 733 734 747 748 749 756 757 758 787 788 789 791 792 793 810 811 812 820 821 822 831 836 846 850 855 859 866 867 868 869 871 872 873 874 875 877 878 879 880 881 899 902 930 931 932 933 934 935 937 938 939 940 941 942 943 946 977 985 997 998 1014 1015 1016 1031 1048 1049 1056 1057 1117 1118 1119 1120 1121 1128 1129 1130 1131 1132 1138 1142 1143 1144 1147 1148 1149 1154 1155 1157 1160 1161 1162 1163 1166 1167 1169 1171 1173 1175 1176 1177 1178 1179 1182 1183 1184 1185 1187 1188 
32 107 188 211 321 1190 1192 
