39 70 128 131 249 250 251 255 334 336 364 387 478 510 631 719 745 782 
38 39 70 127 131 249 250 251 255 334 336 364 387 478 510 631 719 745 782 
27 28 115 324 367 374 375 468 507 508 574 576 
27 28 30 113 114 115 322 323 324 361 376 377 378 427 430 431 432 433 466 469 471 472 473 474 495 496 497 558 564 609 610 611 612 613 623 626 627 664 666 712 713 714 723 740 741 742 754 755 779 780 818 862 884 890 910 926 974 976 1033 1064 1065 1092 1109 1134 1145 1151 
28 112 116 222 223 224 325 367 375 379 468 508 575 
30 375 381 429 468 508 575 
26 27 28 36 59 60 61 115 159 324 378 427 428 469 470 506 633 734 829 856 857 858 876 877 878 879 880 881 898 936 937 938 939 940 941 942 985 994 995 1015 1016 1031 1056 1057 1128 1129 1130 1131 1132 1142 1147 1148 1157 1160 1161 1166 1167 1171 1175 1177 1179 1180 
30 367 375 468 508 575 
34 35 123 328 366 
27 28 113 114 115 322 323 324 361 371 372 411 465 493 494 498 558 607 608 614 623 650 715 778 803 864 896 927 970 996 1040 
4 27 29 112 113 114 214 217 322 323 361 371 411 465 493 494 498 558 607 608 614 623 650 715 778 803 864 896 927 970 996 1040 
4 28 29 111 113 114 227 322 323 326 361 368 371 411 465 493 494 498 558 607 608 614 623 650 715 778 803 864 896 927 970 996 1040 
38 70 127 128 245 255 332 336 365 387 478 510 631 719 745 782 
39 70 127 128 244 255 332 336 365 387 478 510 631 719 745 782 
34 121 122 238 327 330 367 384 432 
35 120 122 230 327 367 
27 111 116 222 223 224 325 379 427 
30 367 375 468 508 576 
361 424 558 623 
428 467 507 574 
573 574 
366 382 430 
368 380 428 
6 
9 
17 
18 
21 92 
29 424 
27 30 111 117 225 226 227 326 374 380 467 507 573 
28 112 116 222 223 224 325 379 427 
34 35 122 327 381 429 
38 39 70 127 128 255 336 387 478 510 631 719 745 782 
41 45 73 74 96 97 98 100 101 102 134 135 136 162 163 168 202 203 258 264 316 346 349 350 357 391 392 412 436 437 445 501 579 629 679 726 760 799 
27 28 29 113 114 115 322 323 324 371 372 411 465 493 494 498 607 608 614 650 715 778 803 864 896 927 970 996 1040 
