7 25 26 30 36 38 39 47 48 54 59 60 64 65 66 119 127 128 147 148 158 159 243 281 282 283 284 285 286 332 338 339 363 373 374 377 378 388 389 390 427 428 433 463 464 467 469 470 500 506 507 559 574 580 617 618 628 632 633 670 672 673 675 680 682 725 733 734 765 793 794 795 796 797 798 819 820 821 822 823 824 825 826 827 833 835 838 847 848 856 857 868 869 870 871 872 873 874 875 876 877 878 879 880 881 897 898 901 902 903 904 917 918 919 920 921 922 928 930 931 932 933 934 935 936 945 946 947 948 962 963 964 965 966 967 968 969 977 985 992 993 994 995 997 998 1014 1017 1019 1021 1023 1025 1027 1037 1038 1039 1048 1049 1050 1051 1052 1053 1054 1055 1060 1061 1080 1081 1083 1084 1085 1086 1087 1088 1089 1103 1105 1107 1117 1118 1119 1120 1121 1122 1123 1124 1125 1126 1127 1138 1139 1140 1141 1143 1144 1148 1149 1154 1155 1157 1159 1162 1163 1167 1168 1169 1171 1173 1175 1176 1178 1179 1180 1182 1183 1184 1185 1187 1188 
7 26 36 38 39 54 59 60 61 66 127 128 158 243 332 374 378 389 427 464 467 469 506 507 574 633 733 819 833 847 848 849 870 871 872 873 874 875 897 901 928 930 931 932 933 934 935 945 977 992 993 997 998 1014 1048 1049 1117 1118 1119 1120 1121 1138 1143 1144 1149 1154 1155 1162 1163 1169 1173 1176 1178 1180 1182 1183 1184 1185 1187 1188 
7 26 36 38 39 57 59 60 61 66 127 128 158 243 332 363 374 378 389 390 427 463 464 467 469 506 507 559 574 633 651 733 761 819 833 845 847 848 849 870 871 872 873 874 875 897 901 928 930 931 932 933 934 935 945 977 992 993 997 998 1014 1048 1049 1117 1118 1119 1120 1121 1138 1143 1144 1149 1154 1155 1162 1163 1169 1173 1176 1178 1180 1182 1183 1184 1185 1187 1188 
7 25 36 38 39 47 48 54 55 57 59 60 61 66 67 68 119 127 128 147 148 158 159 243 281 282 283 284 285 286 332 338 339 363 374 378 388 389 390 427 433 463 464 467 469 506 507 559 574 632 633 651 670 672 673 682 725 733 734 771 773 793 794 795 796 797 798 819 821 822 823 824 825 826 827 833 843 845 846 847 848 849 851 854 855 856 857 858 869 870 871 872 873 874 875 876 877 878 879 880 881 897 901 905 908 917 918 919 920 921 922 928 930 931 932 933 934 935 945 950 953 962 963 964 965 966 967 977 992 993 995 997 998 1014 1017 1019 1021 1023 1025 1027 1048 1049 1050 1051 1052 1053 1054 1055 1056 1083 1084 1085 1086 1087 1088 1117 1118 1119 1120 1121 1127 1132 1138 1141 1143 1144 1149 1154 1155 1162 1163 1166 1168 1169 1171 1173 1175 1176 1178 1179 1180 1182 1183 1184 1185 1187 1188 
26 36 47 54 57 61 64 66 148 158 159 284 285 286 339 363 365 374 378 388 389 390 427 463 464 467 469 506 507 559 574 633 651 655 673 682 733 734 772 774 786 798 809 819 827 829 833 838 845 850 854 859 870 871 875 876 877 881 897 898 901 904 928 930 934 935 936 937 941 942 945 948 977 985 992 993 994 995 997 998 1014 1015 1016 1031 1048 1049 1056 1057 1120 1121 1131 1132 1138 1142 1143 1144 1147 1148 1149 1154 1155 1157 1160 1161 1162 1163 1166 1167 1169 1171 1172 1174 1176 1177 1178 1179 1181 1182 1183 1184 1185 1187 1188 
26 36 47 54 57 59 60 61 64 66 148 158 159 284 285 286 339 374 378 388 427 467 469 507 574 651 673 682 733 734 772 774 798 819 827 829 833 838 845 847 848 849 850 854 859 870 871 872 873 874 875 876 877 881 897 898 901 904 928 930 931 932 933 934 935 936 937 941 942 945 948 977 985 992 993 994 995 997 998 1014 1015 1016 1031 1048 1049 1056 1057 1117 1118 1119 1120 1121 1131 1132 1138 1142 1143 1144 1147 1148 1149 1154 1155 1157 1160 1161 1162 1163 1166 1167 1169 1171 1173 1174 1176 1177 1178 1179 1180 1182 1183 1184 1185 1187 1188 
7 25 26 30 38 39 47 48 54 57 59 60 61 64 65 66 119 127 128 147 148 159 243 281 282 283 284 285 286 332 338 339 363 374 378 388 389 390 427 428 433 463 464 469 470 506 507 559 573 617 618 632 633 670 672 673 680 682 725 734 765 793 794 795 796 797 798 820 821 822 823 824 825 826 827 835 838 854 856 857 858 868 869 876 877 878 879 880 881 902 903 904 917 918 919 920 921 922 946 947 948 962 963 964 965 966 967 968 969 994 995 1016 1017 1019 1021 1023 1025 1027 1037 1039 1050 1051 1052 1053 1054 1055 1060 1061 1080 1083 1084 1085 1086 1087 1088 1089 1103 1105 1107 1122 1124 1125 1126 1127 1139 1140 1141 1147 1157 1159 1167 1168 1171 1175 1179 1180 
28 30 112 116 221 222 223 224 324 325 374 379 427 507 573 
27 30 111 112 219 221 324 374 507 573 
28 30 111 114 221 323 324 373 374 507 573 628 675 
7 26 36 38 39 54 57 59 60 61 66 127 128 158 243 332 374 378 389 427 464 467 469 506 507 574 633 733 819 833 845 847 848 849 870 871 872 873 874 875 897 901 928 930 931 932 933 934 935 945 977 992 993 997 998 1014 1048 1049 1117 1118 1119 1120 1121 1138 1143 1144 1149 1154 1155 1162 1163 1169 1173 1176 1178 1180 1182 1183 1184 1185 1187 1188 
28 29 111 112 114 116 216 217 218 222 223 224 323 325 362 379 424 427 
47 64 148 284 285 286 339 363 365 388 389 390 463 464 506 559 633 673 682 734 774 798 827 859 881 937 1142 1158 1168 1174 1175 1177 1179 1180 
38 39 70 127 133 243 255 256 257 332 336 365 387 477 510 631 719 745 782 
38 39 70 128 133 243 255 256 257 332 336 365 387 477 510 631 719 745 782 
38 127 128 243 248 332 333 363 365 
39 127 128 243 247 332 333 363 365 
29 30 362 373 424 628 675 
27 29 114 216 217 218 323 362 424 
675 676 
575 576 
573 574 
366 382 430 
368 380 428 
16 
19 
20 
38 39 127 128 243 332 365 
34 35 120 233 328 366 
117 225 226 227 326 368 
27 114 216 217 218 323 373 572 628 676 
84 85 86 87 88 89 90 152 155 156 179 197 199 200 208 299 300 301 320 353 355 443 540 622 705 706 732 770 804 
7 26 27 28 36 38 39 54 57 59 60 61 66 111 127 128 158 159 221 224 243 324 325 332 378 379 389 464 469 506 633 733 734 819 829 833 838 845 847 848 849 854 856 857 858 870 871 872 873 874 875 876 877 878 879 880 881 897 898 901 904 928 930 931 932 933 934 935 936 937 938 939 940 941 942 945 948 977 985 992 993 994 995 997 998 1014 1015 1016 1031 1048 1049 1056 1057 1117 1118 1119 1120 1121 1128 1129 1130 1131 1132 1138 1142 1143 1144 1147 1148 1149 1154 1155 1157 1160 1161 1162 1163 1166 1167 1169 1171 1173 1175 1176 1177 1178 1179 1182 1183 1184 1185 1187 1188 
