4 27 28 29 34 35 113 125 322 330 361 362 376 377 378 384 424 427 430 431 433 465 469 471 472 473 474 495 496 497 558 564 566 609 610 611 612 613 623 627 663 664 666 712 723 740 741 742 754 755 779 780 817 862 884 893 894 910 925 926 973 974 1033 1064 1092 1109 1134 1145 1151 
26 57 58 59 60 61 64 159 363 390 431 432 463 506 559 632 682 725 758 759 773 793 794 795 796 797 798 822 823 824 825 826 827 854 855 856 857 858 859 876 877 878 879 880 881 917 918 919 920 921 942 962 963 964 965 966 1017 1019 1021 1023 1025 1050 1051 1052 1053 1054 1083 1084 1085 1086 1087 1127 1131 1141 1166 1168 1171 1175 1179 1180 
28 112 115 219 220 221 324 361 424 558 623 
27 29 111 115 219 220 221 324 361 558 623 
1191 1192 
675 676 
34 35 125 330 384 432 
34 35 38 39 125 127 248 330 333 384 390 432 463 571 674 750 
575 576 
573 574 
94 103 
0 
6 
16 
18 
20 
24 94 
34 35 122 327 375 508 576 
28 29 112 115 219 220 221 324 361 558 623 
4 465 572 628 676 
75 76 77 78 79 80 81 82 83 137 139 140 164 165 166 167 192 193 194 195 196 204 205 206 207 260 261 262 318 319 344 348 413 414 435 446 480 512 514 619 684 762 805 
23 38 39 47 48 93 127 131 132 143 144 145 147 148 149 245 248 249 250 251 252 253 254 257 275 276 277 280 281 282 283 284 285 286 287 288 289 332 333 334 335 336 337 338 339 340 341 402 415 416 417 418 419 420 421 422 423 482 486 502 505 536 537 539 554 557 592 593 594 620 621 701 704 717 718 743 744 767 768 769 781 801 802 839 840 886 929 978 999 1041 1070 1095 
33 108 189 212 321 1190 1191 
