23 39 47 48 93 127 128 131 132 143 144 145 147 148 149 252 253 254 257 275 276 277 280 281 282 283 284 285 286 287 288 289 334 335 336 337 338 339 340 341 363 364 365 402 415 416 417 418 419 420 421 422 423 482 486 502 505 536 537 539 554 557 592 593 594 620 621 701 704 717 718 743 744 767 768 769 781 801 802 839 840 886 929 978 999 1041 1070 1095 
23 38 39 48 93 127 132 143 144 145 146 147 148 149 252 253 254 257 275 276 277 278 279 280 281 282 283 284 285 286 287 288 289 335 336 337 338 339 340 341 363 364 365 402 415 416 417 418 419 420 421 422 423 481 482 486 502 505 535 536 537 539 554 557 592 593 594 620 621 701 703 704 717 718 743 744 766 767 768 769 781 801 802 839 840 886 929 978 999 1041 1070 1095 
23 38 39 47 93 127 132 143 144 145 147 148 149 252 253 254 257 275 276 277 278 280 281 282 283 284 285 286 287 288 289 335 336 337 338 339 340 341 363 364 365 402 415 416 417 418 419 420 421 422 423 482 483 484 486 502 505 536 537 539 554 557 592 593 594 620 621 701 703 704 717 718 743 744 766 767 768 769 781 801 802 839 840 886 929 978 999 1041 1070 1095 
23 38 39 47 48 93 127 132 143 145 147 148 149 252 253 254 257 275 276 277 280 281 282 283 284 285 286 287 288 289 335 336 337 338 339 340 341 363 364 365 402 415 416 417 418 419 420 421 422 423 482 483 484 486 502 505 536 537 539 554 557 592 593 594 620 621 701 703 704 717 718 743 744 766 767 768 769 781 801 802 839 840 886 929 978 999 1041 1070 1095 
23 38 39 47 48 69 93 127 143 144 145 147 148 149 257 275 276 277 280 281 282 283 284 285 286 287 288 289 336 337 338 339 340 341 363 364 365 386 402 415 416 417 418 419 420 421 422 423 476 482 486 502 505 509 536 537 539 554 557 592 593 594 620 621 630 701 704 717 718 720 743 744 746 767 768 769 781 782 801 802 839 840 886 929 978 999 1041 1070 1095 
23 38 47 48 70 93 132 143 144 145 147 148 149 252 253 254 275 276 277 280 281 282 283 284 285 286 287 288 289 335 337 338 339 340 341 363 364 365 387 402 415 416 417 418 419 420 421 422 423 477 482 486 502 505 510 536 537 539 554 557 592 593 594 620 621 631 701 704 717 718 719 743 744 745 767 768 769 781 782 801 802 839 840 886 929 978 999 1041 1070 1095 
27 28 117 326 380 467 507 573 
4 27 28 29 113 322 361 362 376 377 378 424 427 430 431 432 433 465 469 471 472 473 474 495 496 497 558 564 566 609 610 611 612 613 623 627 663 664 666 712 723 740 741 742 754 755 779 780 817 862 884 893 894 910 925 926 973 974 1033 1064 1092 1109 1134 1145 1151 
28 112 115 219 220 221 324 361 424 558 623 
27 29 111 115 219 220 221 324 361 558 623 
1191 1192 
575 576 
573 574 
94 103 
0 
6 
16 
18 
24 94 
34 35 122 327 375 508 576 
28 29 112 115 219 220 221 324 361 558 623 
23 38 39 47 48 93 127 131 132 143 144 145 147 148 149 245 248 249 250 251 252 253 254 257 275 276 277 280 281 282 283 284 285 286 287 288 289 332 333 334 335 336 337 338 339 340 341 402 415 416 417 418 419 420 421 422 423 482 486 502 505 536 537 539 554 557 592 593 594 620 621 701 704 717 718 743 744 767 768 769 781 801 802 839 840 886 929 978 999 1041 1070 1095 
33 108 189 212 321 1190 1191 
