25 26 27 28 30 37 53 54 110 112 158 226 326 374 378 380 427 428 463 469 470 507 559 574 615 616 651 667 677 761 789 790 810 811 812 813 831 832 833 866 867 870 871 915 916 943 944 945 958 959 960 961 992 993 998 1008 1010 1034 1036 1046 1047 1058 1059 1067 1075 1076 1077 1078 1096 1098 1100 1110 1113 1114 1115 1135 1136 1143 1149 1153 1163 
25 26 54 59 119 159 428 463 470 506 559 632 633 682 725 734 765 793 794 795 796 797 798 820 821 822 823 824 825 826 827 838 856 868 869 876 877 878 879 880 881 917 918 919 920 921 922 948 962 963 964 965 966 967 968 969 994 995 1017 1019 1021 1023 1025 1027 1031 1050 1051 1052 1053 1054 1055 1060 1061 1083 1084 1085 1086 1087 1088 1103 1105 1124 1125 1127 1139 1140 1141 1161 1166 1168 1171 1175 1179 1180 
38 39 128 247 333 363 
38 39 127 129 243 244 245 250 332 334 364 365 
38 47 48 128 132 133 143 145 146 147 148 149 250 275 276 277 278 279 280 281 282 283 284 285 286 287 288 289 334 335 336 337 338 339 340 341 363 364 365 415 416 417 418 419 420 421 422 423 482 486 504 505 535 536 537 539 554 555 556 557 592 593 594 620 621 701 702 704 743 744 769 781 840 841 886 929 999 1041 1070 1095 
39 127 128 249 250 334 364 
30 361 374 424 507 558 574 623 
29 30 361 374 507 558 574 623 
367 381 429 
368 380 428 
190 210 
94 103 
1 
10 
15 
17 
19 
11 91 
24 103 
106 
104 187 
32 109 210 
38 39 128 250 334 364 
370 426 
34 35 121 229 327 381 429 
27 28 29 111 115 219 220 221 324 361 558 623 
75 76 77 78 79 80 81 82 83 138 140 141 165 192 194 195 205 206 207 260 261 262 318 319 344 347 358 413 434 438 439 446 479 480 511 512 619 683 727 762 805 
23 93 1070 1095 
25 26 27 28 37 53 54 59 111 112 115 119 159 219 220 221 223 226 324 325 326 378 379 380 463 469 470 506 559 617 618 632 633 680 681 682 725 734 765 793 794 795 796 797 798 820 821 822 823 824 825 826 827 836 837 838 856 868 869 876 877 878 879 880 881 917 918 919 920 921 922 946 947 948 962 963 964 965 966 967 968 969 994 995 1016 1017 1019 1021 1023 1025 1027 1037 1039 1050 1051 1052 1053 1054 1055 1060 1061 1080 1083 1084 1085 1086 1087 1088 1090 1103 1105 1122 1124 1125 1126 1127 1139 1140 1141 1147 1157 1159 1167 1168 1171 1175 1179 1180 
