7 26 47 58 64 148 159 284 285 286 339 363 388 389 390 432 463 464 506 559 633 673 682 734 759 773 774 794 798 823 827 855 859 877 881 937 941 1142 1158 1166 1168 1171 1175 1179 1180 
123 125 231 232 233 328 330 366 384 432 
34 120 121 123 126 231 232 233 240 241 242 328 331 366 385 433 
35 120 121 122 123 228 229 230 231 232 233 327 328 366 367 
35 121 126 230 240 241 242 327 331 381 385 429 433 
35 121 126 239 240 241 242 330 331 384 385 432 433 
35 123 125 231 232 233 328 330 366 384 432 
34 121 125 238 330 384 432 
35 120 125 239 330 384 432 
34 35 125 330 384 432 
34 120 122 228 229 230 327 367 
35 120 125 230 327 330 381 384 429 432 
38 127 128 248 249 333 334 363 364 
39 127 129 248 332 333 363 365 
28 112 115 219 220 221 324 374 467 507 574 
1150 1151 
573 574 
367 381 429 
6 
10 
21 92 
38 39 127 248 333 363 
370 426 
34 35 120 121 126 240 241 242 331 385 433 
46 75 76 77 78 79 80 81 82 83 138 141 166 193 194 195 204 205 206 260 261 262 318 319 343 348 359 414 435 438 439 446 479 480 511 512 619 683 727 762 805 
28 112 113 213 214 215 322 371 466 1134 1145 1151 
