38 69 128 129 243 244 245 253 254 332 335 365 386 476 509 630 720 746 782 
38 39 47 48 128 143 144 145 148 149 253 256 275 276 277 279 282 284 285 286 287 288 289 335 336 337 338 339 340 341 363 364 365 402 415 416 417 418 419 420 421 422 423 482 483 486 502 503 504 505 536 539 554 555 556 557 592 593 594 620 621 703 717 743 744 768 781 839 841 886 929 999 1041 1070 1095 
39 69 128 131 249 250 251 252 334 335 364 386 476 509 630 720 746 782 
38 69 127 129 243 244 245 253 332 335 365 386 476 509 630 720 746 782 
127 128 129 130 131 243 244 245 246 247 248 249 250 251 332 333 334 363 364 365 
27 29 112 113 115 213 214 215 219 220 221 322 324 360 361 558 623 996 1040 
28 29 112 114 216 217 218 227 323 326 362 368 424 
27 28 111 227 326 368 
27 111 112 225 227 326 368 
28 29 111 112 115 117 219 220 221 225 226 227 324 326 361 380 428 558 623 
38 127 128 129 131 243 244 245 249 250 251 332 334 364 365 
39 127 130 131 246 247 248 249 250 251 333 334 363 364 
30 368 374 380 467 507 573 
428 467 507 574 
33 108 189 212 321 370 426 
33 108 189 212 321 342 
1191 1192 
675 676 
34 35 120 230 327 381 429 
34 35 120 236 329 383 431 
575 576 
573 574 
367 381 429 
368 380 428 
52 105 
104 106 187 
1 
2 
8 
10 
13 
14 
18 
19 
52 106 
22 370 426 
34 35 120 230 327 375 508 576 
27 28 29 112 115 219 220 221 324 361 558 623 
4 465 572 628 676 
38 39 69 128 253 335 386 476 509 630 720 746 782 
23 93 1070 1095 
33 108 189 212 321 1190 1192 
