25 54 55 58 59 60 67 119 428 430 431 432 463 470 506 559 577 618 633 678 681 682 734 757 758 759 765 792 793 794 821 822 823 838 852 855 856 857 869 877 878 879 880 881 907 921 937 938 939 940 941 942 948 952 966 994 1026 1039 1054 1056 1057 1087 1089 1090 1107 1126 1128 1129 1130 1131 1132 1142 1159 1160 1161 1166 1167 1171 1175 1177 1179 1180 
34 120 125 230 237 238 239 327 330 367 384 432 
34 120 123 230 231 232 233 327 328 367 382 430 
39 129 243 244 245 251 332 334 364 365 
38 127 128 249 251 334 364 
39 127 130 251 333 334 363 364 
30 427 468 508 576 
360 371 466 1040 1134 1145 1150 
35 125 237 238 239 330 384 432 
27 28 111 112 213 322 360 1040 
1150 1151 
834 865 
675 676 
573 574 
366 382 430 
32 107 188 211 321 342 
190 210 
105 106 
1 
2 
5 
8 
10 
13 
14 
15 
52 105 
32 109 210 
33 108 189 212 321 342 
38 39 127 251 334 364 
27 116 222 223 224 325 379 427 
34 35 125 237 238 239 330 384 432 
28 114 216 217 218 323 373 572 628 675 
760 799 
62 64 182 304 405 458 545 596 645 699 731 764 800 865 
27 28 30 111 112 213 322 371 466 1145 1151 
