30 374 428 467 507 574 
1150 1151 
834 865 
368 380 428 
105 106 
8 
10 
17 
18 
52 105 
370 426 
27 28 117 326 380 428 
46 75 76 77 78 79 80 81 82 83 138 140 164 166 167 194 195 196 204 206 207 260 261 262 318 319 343 344 347 358 413 438 439 446 479 480 511 512 619 683 727 762 805 
31 118 191 800 834 
4 27 28 34 35 111 112 113 114 115 116 120 123 124 125 126 216 217 218 222 223 224 234 235 236 240 241 242 322 323 324 325 328 329 330 331 376 377 378 379 382 383 384 385 465 469 471 472 473 474 495 496 497 564 566 567 609 610 611 612 613 627 664 666 712 714 740 742 755 779 780 817 862 863 884 885 893 910 973 976 1033 1065 1109 1134 1145 1150 
