34 35 121 229 327 367 
63 67 185 314 363 408 461 550 648 696 731 764 800 834 
63 67 185 314 363 408 461 550 648 696 731 764 800 865 
49 54 172 268 368 396 450 521 637 691 729 763 800 865 
428 467 507 574 
32 107 188 211 321 369 425 
1191 1192 
1150 1151 
675 676 
575 576 
573 574 
366 382 430 
367 381 429 
342 369 425 
1 
10 
15 
20 
21 92 
35 123 231 232 233 328 366 
34 35 121 229 327 375 508 575 
4 465 572 628 676 
760 799 
51 84 85 86 87 88 89 90 153 155 156 157 199 200 201 208 209 299 300 301 320 351 352 353 443 444 487 488 540 541 622 706 732 770 804 
4 27 28 30 34 35 111 112 114 115 116 121 123 125 214 216 217 218 219 220 221 222 223 224 231 232 233 235 237 238 239 241 322 323 324 325 328 329 330 331 376 377 378 379 382 383 384 385 465 466 469 471 472 473 474 495 496 497 564 566 567 609 610 611 612 613 627 663 664 665 666 711 713 723 739 741 754 755 779 780 817 862 863 884 885 893 894 910 925 926 973 974 1033 1065 1092 1109 1134 1145 1151 
26 27 28 54 58 59 60 61 64 66 112 159 226 326 380 470 618 838 855 856 857 858 859 876 877 878 879 880 881 904 937 938 939 940 941 942 948 994 995 1031 1039 1056 1057 1090 1107 1126 1128 1129 1130 1131 1132 1142 1159 1160 1161 1166 1167 1171 1175 1177 1179 1180 
32 107 188 211 321 1190 1192 
