4 28 29 111 113 114 227 322 323 326 361 368 371 411 465 493 494 498 558 607 608 614 623 650 715 778 803 864 896 927 970 996 1040 
27 28 29 113 114 115 322 323 324 361 371 372 411 493 494 498 558 607 608 614 623 650 715 778 803 864 896 927 970 996 1040 
4 27 28 29 30 113 322 361 371 372 376 377 378 411 427 430 431 432 433 465 466 469 471 472 473 474 493 494 495 496 497 498 558 564 566 567 607 608 609 610 611 612 613 614 623 627 650 664 666 712 713 714 715 740 741 742 755 778 779 780 803 817 862 864 884 893 896 910 927 970 973 976 996 1033 1040 1064 1065 1092 1109 1134 1145 1151 
4 27 28 29 30 114 115 323 324 361 371 372 376 377 378 411 427 430 431 432 433 465 466 469 471 472 473 474 493 494 495 496 497 498 558 564 565 567 607 608 609 610 611 612 613 614 623 626 650 664 666 712 713 714 715 740 741 742 755 778 779 780 803 817 862 864 884 893 896 910 927 970 973 976 996 1033 1040 1064 1065 1092 1109 1134 1145 1151 
4 27 29 112 113 114 214 217 322 323 361 371 411 465 493 494 498 558 607 608 614 623 650 715 778 803 864 896 927 970 996 1040 
27 28 113 114 115 322 323 324 361 371 372 411 465 493 494 498 558 607 608 614 623 650 715 778 803 864 896 927 970 996 1040 
428 467 507 574 
361 424 558 623 
368 380 428 
27 111 117 225 226 227 326 380 428 
29 424 
27 28 29 113 114 115 322 323 324 371 372 411 465 493 494 498 607 608 614 650 715 778 803 864 896 927 970 996 1040 
