25 26 47 48 54 57 58 60 61 64 119 144 146 147 148 159 281 282 283 337 338 339 363 365 388 389 390 428 433 463 464 470 506 559 570 633 652 653 655 672 682 724 725 734 765 774 783 784 786 793 794 796 797 798 806 807 809 820 821 822 823 825 826 827 838 849 850 854 855 857 858 859 868 869 874 875 876 877 879 880 881 911 917 918 921 922 930 931 932 933 939 948 954 962 963 966 967 968 969 994 995 1001 1017 1019 1025 1027 1031 1042 1050 1051 1054 1055 1060 1061 1071 1083 1084 1087 1088 1103 1105 1116 1117 1118 1119 1124 1125 1129 1137 1138 1139 1140 1142 1152 1158 1161 1164 1166 1168 1171 1173 1175 1176 1178 1179 1180 1182 1183 1184 1185 1187 1188 
25 26 47 48 54 57 58 61 64 110 146 148 158 337 339 363 365 388 389 390 428 463 464 470 506 559 570 632 651 653 655 724 761 784 786 789 790 807 809 810 811 812 813 833 845 846 849 850 866 867 870 871 874 875 911 915 916 930 931 932 945 954 958 959 960 961 992 993 1001 1008 1010 1014 1042 1046 1047 1058 1059 1071 1075 1076 1096 1098 1113 1114 1116 1117 1118 1119 1135 1136 1137 1138 1152 1155 1162 1164 1169 1172 1173 1176 1178 1180 1182 1183 1184 1185 1187 1188 
25 26 47 48 54 57 58 61 64 119 146 148 159 337 339 365 388 389 428 433 463 470 559 570 632 633 652 653 655 682 724 725 734 765 783 784 786 793 794 795 796 797 798 806 807 809 820 821 822 823 824 825 826 827 838 849 850 854 855 858 859 868 869 874 875 876 877 878 879 880 881 911 917 918 919 920 921 922 930 931 932 933 948 954 962 963 964 965 966 967 968 969 994 995 1001 1017 1019 1021 1023 1025 1027 1031 1042 1050 1051 1052 1053 1054 1055 1060 1061 1071 1083 1084 1085 1086 1087 1088 1103 1105 1116 1117 1118 1119 1124 1125 1127 1137 1138 1139 1140 1141 1152 1161 1164 1166 1168 1171 1173 1175 1176 1178 1179 1180 1182 1183 1184 1185 1187 1188 
25 26 47 48 54 57 58 61 64 119 146 148 159 337 339 363 365 388 389 390 428 433 463 470 506 559 570 632 633 652 653 655 682 724 725 734 765 783 784 786 793 794 795 796 797 798 806 807 809 820 821 822 823 824 825 826 827 838 849 850 854 855 858 859 868 869 874 875 876 877 878 879 880 881 911 917 918 919 920 921 922 930 931 932 933 948 954 962 963 964 965 966 967 968 969 994 995 1001 1017 1019 1021 1023 1025 1027 1031 1042 1050 1051 1052 1053 1054 1055 1060 1061 1071 1083 1084 1085 1086 1087 1088 1103 1105 1116 1117 1118 1119 1124 1125 1127 1137 1138 1139 1140 1141 1152 1161 1164 1166 1168 1171 1173 1175 1176 1178 1179 1180 1182 1183 1184 1185 1187 1188 
25 26 47 48 57 58 61 64 66 119 146 148 159 337 339 363 365 388 389 390 428 433 464 470 506 559 570 578 632 652 653 655 670 671 672 673 682 724 765 774 783 784 786 793 794 795 796 797 798 806 807 809 820 821 822 823 824 825 826 827 835 849 850 854 855 856 857 858 859 868 869 874 875 876 877 878 879 880 881 904 911 917 918 919 920 921 922 930 931 932 933 948 954 962 963 964 965 966 967 968 969 994 995 1001 1017 1019 1021 1023 1025 1027 1031 1042 1050 1051 1052 1053 1054 1055 1060 1061 1071 1083 1084 1085 1086 1087 1088 1103 1105 1116 1117 1118 1119 1124 1125 1127 1137 1138 1139 1140 1141 1152 1161 1164 1166 1168 1171 1173 1175 1176 1178 1179 1180 1182 1183 1184 1185 1187 1188 
25 26 47 48 54 57 58 61 64 119 146 148 159 337 339 365 388 389 428 433 463 464 470 506 559 570 632 633 652 653 655 682 724 725 734 765 783 784 786 793 794 795 796 797 798 806 807 809 820 821 822 823 824 825 826 827 838 849 850 854 855 858 859 868 869 874 875 876 877 878 879 880 881 911 917 918 919 920 921 922 930 931 932 933 948 954 962 963 964 965 966 967 968 969 994 995 1001 1017 1019 1021 1023 1025 1027 1031 1042 1050 1051 1052 1053 1054 1055 1060 1061 1071 1083 1084 1085 1086 1087 1088 1103 1105 1116 1117 1118 1119 1124 1125 1127 1137 1138 1139 1140 1141 1152 1161 1164 1166 1168 1171 1173 1175 1176 1178 1179 1180 1182 1183 1184 1185 1187 1188 
25 26 47 48 57 58 61 64 66 119 146 148 159 337 339 363 388 390 428 433 463 464 470 506 559 570 632 633 652 653 655 682 724 725 734 765 783 784 786 793 794 795 796 797 798 806 807 809 820 821 822 823 824 825 826 827 835 849 850 854 855 858 859 868 869 874 875 876 877 878 879 880 881 904 911 917 918 919 920 921 922 930 931 932 933 948 954 962 963 964 965 966 967 968 969 994 995 1001 1017 1019 1021 1023 1025 1027 1031 1042 1050 1051 1052 1053 1054 1055 1060 1061 1071 1083 1084 1085 1086 1087 1088 1103 1105 1116 1117 1118 1119 1124 1125 1127 1137 1138 1139 1140 1141 1152 1161 1164 1166 1168 1171 1173 1175 1176 1178 1179 1180 1182 1183 1184 1185 1187 1188 
25 26 47 48 54 57 58 59 60 61 64 119 144 146 147 159 281 282 283 337 338 363 365 389 390 428 433 463 464 470 506 559 570 578 632 633 652 653 655 670 671 672 673 682 724 725 734 765 774 783 784 786 793 794 795 796 797 798 806 807 809 820 821 822 823 824 825 826 827 838 849 850 854 855 856 857 858 859 868 869 874 875 876 877 878 879 880 881 911 917 918 919 920 921 922 930 931 932 933 948 954 962 963 964 965 966 967 968 969 988 989 994 995 1001 1017 1019 1022 1024 1025 1027 1031 1042 1050 1051 1054 1055 1060 1061 1071 1083 1084 1085 1086 1087 1088 1103 1105 1116 1117 1118 1119 1124 1125 1127 1137 1138 1139 1140 1141 1152 1161 1164 1166 1168 1171 1173 1175 1176 1178 1179 1180 1182 1183 1184 1185 1187 1188 
23 38 39 47 48 61 64 93 127 128 132 133 144 145 146 147 149 252 253 254 281 282 283 335 336 337 338 340 341 363 364 365 388 389 390 402 415 416 417 418 419 420 421 422 423 433 463 464 481 482 485 505 506 535 536 537 538 554 555 557 570 592 593 594 620 621 632 652 653 655 701 702 704 718 724 744 769 781 783 784 786 806 807 809 840 841 849 850 874 875 886 911 929 930 931 932 933 949 954 978 999 1001 1041 1042 1070 1071 1095 1116 1117 1118 1119 1137 1138 1152 1164 1173 1176 1178 1180 1182 1183 1184 1185 1187 1188 
47 48 61 64 148 339 363 365 388 389 390 433 463 464 506 570 632 652 655 724 783 786 806 809 849 850 874 875 911 930 931 933 954 1001 1042 1071 1116 1117 1118 1119 1137 1138 1152 1164 1173 1176 1178 1180 1182 1183 1184 1185 1187 1188 
25 26 47 48 54 57 58 59 60 61 119 144 146 147 148 159 281 282 283 337 338 339 363 365 388 389 390 428 433 463 464 470 506 559 570 578 632 633 652 653 655 670 671 672 673 682 724 725 734 765 774 783 784 786 793 794 795 796 797 798 806 807 809 820 821 822 823 824 825 826 827 838 849 850 854 855 856 857 858 859 868 869 874 875 876 877 878 879 880 881 911 917 918 919 920 921 922 930 931 932 933 948 954 962 963 964 965 966 967 968 969 986 988 989 994 995 1001 1018 1019 1022 1024 1025 1027 1031 1042 1051 1054 1055 1060 1061 1071 1083 1084 1085 1086 1087 1088 1103 1105 1116 1117 1118 1119 1124 1125 1127 1137 1138 1139 1140 1141 1152 1161 1164 1166 1168 1171 1173 1175 1176 1178 1179 1180 1182 1183 1184 1185 1187 1188 
47 48 64 146 148 337 339 363 365 388 389 390 433 463 464 506 570 632 652 653 655 724 783 784 786 806 807 809 850 875 911 930 932 933 954 1001 1042 1071 1116 1117 1118 1119 1137 1138 1152 1164 1173 1176 1178 1180 1182 1183 1184 1185 1187 1188 
47 61 64 144 146 148 279 282 337 338 339 363 365 388 389 390 433 463 464 506 570 632 652 653 654 655 724 783 784 785 786 806 807 808 809 849 850 874 875 911 912 930 931 932 933 954 955 1001 1003 1042 1043 1071 1072 1116 1117 1118 1119 1137 1138 1152 1164 1173 1176 1178 1180 1182 1183 1184 1185 1187 1188 
48 61 64 143 146 148 280 286 337 339 363 365 388 389 390 433 463 464 506 570 632 652 653 655 724 783 784 786 806 807 809 849 850 874 875 911 930 931 932 933 954 1001 1042 1071 1116 1117 1118 1119 1137 1138 1152 1164 1173 1176 1178 1180 1182 1183 1184 1185 1187 1188 
47 48 61 64 146 148 337 339 363 365 388 389 390 433 463 464 506 570 632 652 653 655 724 783 784 786 806 807 809 849 850 874 875 911 930 931 932 933 954 1001 1042 1071 1116 1117 1118 1119 1137 1138 1152 1164 1173 1176 1178 1180 1182 1183 1184 1185 1187 1188 
7 34 35 38 47 48 61 64 121 127 130 146 148 241 246 247 248 331 333 337 339 385 388 389 390 463 464 506 570 578 632 652 653 655 670 671 673 724 725 783 784 786 795 796 798 806 807 809 824 825 827 849 850 858 859 874 875 880 881 911 917 930 931 932 933 937 938 939 940 954 962 1001 1018 1042 1050 1071 1083 1116 1117 1118 1119 1127 1128 1129 1130 1137 1138 1141 1142 1152 1158 1164 1168 1173 1175 1176 1177 1178 1179 1182 1183 1184 1185 1187 1188 
