38 39 47 48 127 128 132 143 144 252 253 254 255 275 278 281 284 287 335 336 337 338 339 340 341 363 364 365 402 415 416 417 418 419 420 421 422 423 481 482 483 484 485 486 502 503 505 535 536 537 538 539 554 555 557 592 593 594 620 621 704 718 744 768 769 781 801 802 839 840 886 949 978 999 1041 1070 1095 
26 36 54 57 60 159 374 378 427 463 467 469 506 507 559 574 633 682 734 765 829 835 838 854 857 876 877 878 879 880 881 898 904 936 937 938 939 940 941 942 948 985 994 995 1015 1016 1031 1056 1057 1128 1129 1130 1131 1132 1142 1147 1148 1157 1160 1161 1166 1167 1171 1175 1177 1179 1180 
28 30 111 114 227 323 326 368 373 628 675 
30 360 371 372 373 374 411 465 466 467 493 494 498 507 572 574 607 608 614 628 650 676 715 778 803 864 895 927 970 996 1040 1145 1150 
27 28 30 114 115 323 324 360 371 372 411 465 466 493 494 498 607 608 614 650 715 778 803 864 895 927 970 996 1040 1145 1150 
27 111 116 222 223 224 325 375 379 468 508 575 
26 29 54 57 60 159 361 362 377 378 424 427 463 469 506 558 559 623 633 682 734 765 835 838 854 857 876 877 878 879 880 881 904 937 938 939 940 941 942 948 985 994 995 1015 1016 1031 1056 1057 1128 1129 1130 1131 1132 1142 1147 1148 1157 1160 1161 1166 1167 1171 1175 1177 1179 1180 
63 67 185 307 408 461 551 599 648 696 731 764 800 865 
28 29 112 113 213 214 215 227 322 326 360 368 996 1040 
27 29 111 113 213 214 215 322 360 996 1040 
28 112 116 222 223 224 227 325 326 368 375 379 468 508 575 
27 111 116 222 223 224 325 379 427 
28 112 116 222 223 224 227 325 326 368 379 427 
38 128 129 130 243 244 245 246 247 248 332 333 363 365 
39 127 129 130 243 244 245 246 247 248 332 333 363 365 
34 121 124 241 329 331 383 385 431 433 
35 120 124 233 328 329 366 383 431 
29 30 360 371 466 996 1040 1145 1150 
30 427 468 508 576 
1191 1192 
1150 1151 
675 676 
575 576 
367 381 429 
2 
5 
6 
8 
21 92 
38 39 130 246 247 248 333 363 
34 35 124 329 383 431 
41 43 45 72 73 74 96 98 100 102 134 135 136 162 168 202 263 316 317 349 356 357 412 436 445 501 513 579 679 726 760 799 
31 118 191 800 865 
27 28 111 112 113 213 214 215 322 371 466 1134 1145 1151 
26 27 28 53 54 57 60 65 114 115 159 323 324 377 378 463 506 559 633 682 734 765 835 837 838 854 857 876 877 878 879 880 881 903 904 937 938 939 940 941 942 947 948 985 994 995 1015 1016 1031 1056 1057 1128 1129 1130 1131 1132 1142 1147 1148 1157 1160 1161 1166 1167 1171 1175 1177 1179 1180 
32 107 188 211 321 1190 1191 
