27 28 113 114 115 322 323 324 361 371 372 411 465 493 494 498 558 607 608 614 623 650 715 778 803 864 896 927 970 996 1040 
27 28 29 111 113 114 115 227 322 323 324 326 361 368 371 372 411 493 494 498 558 607 608 614 623 650 715 778 803 864 896 927 970 996 1040 
4 27 28 30 111 113 114 116 222 223 224 322 323 325 361 372 376 377 378 379 430 431 432 433 465 466 469 471 472 473 474 495 496 497 558 564 567 609 610 611 612 613 623 626 627 663 664 666 713 714 739 740 741 742 754 755 779 780 818 884 885 890 893 894 910 925 926 973 974 1033 1065 1092 1109 1134 1145 1151 
4 27 29 112 113 114 214 217 322 323 361 371 411 465 493 494 498 558 607 608 614 623 650 715 778 803 864 896 927 970 996 1040 
34 120 124 234 235 236 238 329 330 383 384 431 432 
35 121 124 234 235 236 242 329 331 383 385 431 433 
34 35 123 328 366 
35 121 124 230 234 235 236 327 329 367 383 431 
35 120 123 242 328 331 366 385 433 
120 121 123 124 230 234 235 236 238 327 328 329 330 366 367 383 384 431 432 
4 26 36 59 60 61 159 361 372 378 427 428 465 469 470 506 558 623 633 734 829 856 857 858 876 877 878 879 880 881 898 936 937 938 939 940 941 942 985 994 995 1015 1016 1031 1056 1057 1128 1129 1130 1131 1132 1142 1147 1148 1157 1160 1161 1166 1167 1171 1175 1177 1179 1180 
4 28 29 111 113 114 227 322 323 326 361 368 371 411 465 493 494 498 558 607 608 614 623 650 715 778 803 864 896 927 970 996 1040 
38 70 127 128 245 255 332 336 365 387 478 510 631 719 745 782 
39 70 127 128 244 255 332 336 365 387 478 510 631 719 745 782 
122 123 231 232 233 327 328 367 382 430 
35 120 122 242 327 331 381 385 429 433 
34 121 122 238 327 330 367 384 432 
35 120 122 230 327 367 
30 368 374 380 467 507 573 
27 111 116 222 223 224 325 379 427 
30 367 375 468 508 576 
361 424 558 623 
428 467 507 574 
834 865 
34 35 122 327 381 429 
34 35 120 121 124 234 235 236 329 383 431 
575 576 
573 574 
366 382 430 
368 380 428 
6 
9 
17 
18 
21 92 
29 424 
27 30 111 117 225 226 227 326 374 380 467 507 573 
28 112 116 222 223 224 325 379 427 
34 35 122 327 375 508 575 
38 39 70 127 128 255 336 387 478 510 631 719 745 782 
41 45 73 74 96 97 98 100 101 102 134 135 136 162 163 168 202 203 258 264 316 346 349 350 357 391 392 412 436 437 445 501 579 629 679 726 760 799 
63 309 410 440 730 764 800 865 
27 28 29 113 114 115 322 323 324 371 372 411 465 493 494 498 607 608 614 650 715 778 803 864 896 927 970 996 1040 
