34 120 123 126 240 241 242 328 331 382 385 430 433 
34 35 121 232 235 328 329 382 383 430 431 471 472 610 611 711 739 740 780 863 
35 120 125 126 237 238 239 240 241 242 330 331 384 385 432 433 
27 28 112 214 217 220 223 322 323 324 325 366 372 376 377 378 379 382 431 432 433 465 469 471 472 473 474 495 496 497 564 609 610 611 612 613 626 627 664 666 723 739 740 741 742 754 755 779 780 818 884 885 890 910 926 974 976 1033 1065 1109 1134 1145 1151 
27 28 34 35 112 120 126 214 217 220 223 240 241 242 322 323 324 325 331 372 376 377 378 379 385 430 431 432 465 469 471 472 473 474 495 496 497 564 609 610 611 612 613 626 627 664 666 711 714 723 739 742 754 755 779 780 818 862 863 884 885 890 910 926 974 976 1033 1065 1109 1134 1145 1151 
7 48 64 144 148 284 285 286 339 363 388 389 390 463 464 506 559 633 673 682 734 774 798 827 859 881 937 1142 1158 1168 1174 1175 1177 1179 1180 
35 120 121 231 232 328 382 430 
30 362 373 424 558 572 623 628 676 
38 128 130 244 332 333 363 365 
39 127 130 251 333 334 363 364 
29 30 373 558 572 623 628 676 
366 382 430 
367 381 429 
5 
38 39 130 333 363 
369 425 
122 228 229 230 327 381 429 
34 35 120 126 240 241 242 331 385 433 
27 28 29 112 220 324 372 465 558 623 
