38 39 47 48 128 144 145 148 244 247 250 253 256 275 276 277 279 282 284 285 286 288 332 333 334 335 336 337 338 339 340 341 402 415 416 417 418 419 420 421 422 423 482 483 485 486 502 503 504 505 536 538 539 554 555 556 557 592 593 594 620 621 701 702 703 743 744 768 769 781 801 802 839 840 886 929 978 999 1041 1070 1095 1146 1156 
7 64 148 284 285 286 339 363 388 389 390 463 464 506 559 633 673 682 734 774 798 827 859 881 937 1142 1158 1168 1174 1175 1177 1179 1180 
4 27 28 111 215 218 221 322 323 324 376 377 378 427 430 431 432 433 465 469 471 472 473 474 495 496 497 564 609 610 611 612 613 626 627 664 666 711 714 723 739 742 754 755 779 780 818 862 863 884 885 890 910 926 974 976 1033 1065 1109 1134 1145 1151 
38 127 131 247 249 250 251 333 334 363 364 
39 127 128 246 247 333 363 
30 374 428 467 507 574 
1191 1192 
834 865 
675 676 
27 116 222 223 224 325 379 427 
368 380 428 
2 
6 
8 
13 
14 
16 
18 
103 
106 
104 187 
38 39 128 247 333 363 
27 28 111 227 326 380 428 
4 465 572 628 676 
31 118 191 800 865 
23 93 1146 1156 
84 85 86 87 88 89 90 152 157 179 180 197 198 199 201 208 209 299 300 301 320 351 354 442 443 444 487 488 540 541 622 706 732 770 1170 1190 1191 
