39 69 127 132 251 334 335 364 386 476 509 630 720 746 782 
38 69 128 132 244 332 335 365 386 476 509 630 720 746 782 
7 48 64 144 148 284 285 286 339 363 388 389 390 463 464 506 559 633 673 682 734 774 798 827 859 881 937 1142 1158 1168 1174 1175 1177 1179 1180 
35 120 121 231 232 328 382 430 
30 362 373 424 558 572 623 628 676 
38 128 130 244 332 333 363 365 
39 127 130 251 333 334 363 364 
29 30 373 558 572 623 628 676 
122 228 229 230 327 367 
375 381 429 508 576 
367 375 508 576 
834 865 
573 574 
366 382 430 
190 210 
5 
17 
106 
32 109 190 
369 425 
122 228 229 230 327 381 429 
34 35 120 126 240 241 242 331 385 433 
28 30 117 225 226 227 326 374 380 467 507 574 
27 28 29 112 220 324 372 465 558 623 
38 39 69 132 335 386 476 509 630 720 746 782 
84 85 86 87 88 89 90 152 155 156 179 197 199 200 208 299 300 301 320 353 355 443 540 622 705 706 732 770 804 
62 65 183 305 406 459 547 597 646 698 731 764 800 865 
