27 28 112 214 217 220 223 322 323 324 325 372 376 377 378 379 430 431 432 433 465 469 471 472 473 474 495 496 497 564 609 610 611 612 613 626 627 664 666 711 714 723 739 742 754 755 779 780 818 862 863 884 885 890 910 926 974 976 1033 1065 1109 1134 1145 1151 
7 48 64 144 148 284 285 286 339 363 388 389 390 463 464 506 559 633 673 682 734 774 798 827 859 881 937 1142 1158 1168 1174 1175 1177 1179 1180 
30 362 373 424 558 572 623 628 676 
38 128 130 244 332 333 363 365 
39 127 130 251 333 334 363 364 
29 30 373 558 572 623 628 676 
366 382 430 
367 381 429 
5 
38 39 130 333 363 
369 425 
122 228 229 230 327 381 429 
34 35 121 232 328 382 430 
27 28 29 112 220 324 372 465 558 623 
