25 26 57 58 61 64 119 159 431 432 463 506 559 577 632 633 678 682 725 734 758 759 773 793 794 795 796 797 798 822 823 824 825 826 827 854 855 858 859 876 877 878 879 880 881 917 918 919 920 921 942 962 963 964 965 966 990 1017 1019 1021 1023 1026 1050 1051 1052 1053 1083 1084 1085 1086 1087 1127 1131 1141 1166 1168 1171 1175 1179 1180 
34 35 120 126 235 240 241 242 329 331 383 385 431 433 
34 121 124 235 329 383 431 
25 34 110 120 122 228 229 230 327 381 429 463 571 656 674 747 787 810 
35 121 125 235 237 238 239 329 330 383 384 431 432 
1191 1192 
28 117 225 226 227 326 380 428 
1150 1151 
834 865 
575 576 
367 381 429 
368 380 428 
2 
18 
11 91 
52 105 
106 
104 187 
34 35 121 235 329 383 431 
28 116 222 223 224 325 375 379 468 508 575 
31 118 191 800 865 
27 28 30 112 214 322 371 466 1145 1150 
40 41 42 44 72 73 74 95 96 97 99 102 134 135 136 162 168 202 259 263 316 317 345 349 350 356 357 391 392 412 436 437 445 501 579 629 679 726 760 828 1189 1190 1191 
