27 28 117 326 380 467 507 573 
23 27 28 29 93 113 322 361 362 376 377 378 424 427 428 429 430 431 432 433 469 470 471 472 473 474 489 490 491 492 558 561 601 602 603 604 605 606 623 625 658 660 661 708 721 722 736 737 738 752 753 775 776 814 816 860 882 888 909 924 972 975 1032 1062 1063 1091 1108 1133 1146 1156 
28 112 115 219 220 221 324 361 424 558 623 
27 29 111 115 219 220 221 324 361 558 623 
1191 1192 
575 576 
573 574 
94 103 
0 
6 
16 
18 
24 94 
34 35 122 327 375 508 576 
28 29 112 115 219 220 221 324 361 558 623 
33 108 189 212 321 1190 1191 
