38 39 128 247 333 363 
38 39 127 129 243 244 245 250 332 334 364 365 
38 47 48 128 132 133 143 145 146 147 148 149 250 275 276 277 278 279 280 281 282 283 284 285 286 287 288 289 334 335 336 337 338 339 340 341 363 364 365 415 416 417 418 419 420 421 422 423 482 486 504 505 535 536 537 539 554 555 556 557 592 593 594 620 621 701 702 704 743 744 769 781 840 841 886 929 999 1041 1070 1095 
39 127 128 249 250 334 364 
30 361 374 424 507 558 574 623 
27 28 54 112 226 326 380 428 463 470 559 616 651 677 761 833 945 1036 1078 
29 30 361 374 507 558 574 623 
367 381 429 
368 380 428 
190 210 
94 103 
1 
10 
15 
17 
19 
11 91 
24 103 
104 187 
32 109 210 
38 39 128 250 334 364 
370 426 
34 35 121 229 327 381 429 
27 28 29 111 115 219 220 221 324 361 558 623 
75 76 77 78 79 80 81 82 83 138 140 141 165 192 194 195 205 206 207 260 261 262 318 319 344 347 358 413 434 438 439 446 479 480 511 512 619 683 727 762 805 
23 93 1070 1095 
