27 28 30 112 217 323 373 628 675 
29 373 411 465 466 493 498 558 572 607 614 623 628 650 676 715 716 777 778 803 864 896 927 970 996 1040 1134 1145 1151 
362 372 374 424 465 467 507 558 574 623 
29 372 374 465 467 507 558 574 623 
675 676 
575 576 
367 381 429 
190 210 
9 
11 91 
32 109 190 
22 370 426 
34 35 121 229 327 381 429 
116 222 223 224 325 375 379 468 508 576 
84 85 86 87 88 89 90 153 154 156 157 197 198 200 201 208 209 299 300 301 320 351 353 355 441 487 540 622 706 770 804 
27 28 29 112 214 217 220 322 323 324 371 372 411 465 493 494 498 607 608 614 650 715 778 803 864 896 927 970 996 1040 
