38 39 47 48 128 143 144 145 148 149 253 256 275 276 277 279 282 284 285 286 287 288 289 335 336 337 338 339 340 341 363 364 365 402 415 416 417 418 419 420 421 422 423 482 483 486 502 503 504 505 536 539 554 555 556 557 592 593 594 620 621 703 743 744 768 781 839 841 886 929 999 1041 1070 1095 
4 29 30 34 35 120 236 329 360 361 362 376 377 378 383 424 427 430 432 433 465 466 469 471 472 473 474 495 496 497 558 564 567 609 610 611 612 613 623 626 627 663 664 666 739 740 741 742 755 779 780 818 884 885 890 893 894 910 925 926 973 974 996 1033 1040 1065 1092 1109 1134 1145 1151 
4 27 28 30 111 112 115 215 218 219 220 221 322 323 324 376 377 378 427 430 431 432 433 465 466 469 471 472 473 474 495 496 497 564 567 609 610 611 612 613 626 627 664 665 666 712 723 740 741 742 754 755 779 780 818 862 884 890 910 926 974 976 1033 1064 1065 1092 1109 1134 1145 1151 
27 29 112 113 115 213 214 215 219 220 221 322 324 360 361 558 623 996 1040 
28 29 111 112 115 117 219 220 221 225 226 227 324 326 361 368 558 623 
38 127 128 129 131 243 244 245 249 250 251 332 334 364 365 
39 127 130 131 246 247 248 249 250 251 333 334 363 364 
428 467 507 574 
33 108 189 212 321 370 426 
33 108 189 212 321 342 
1191 1192 
675 676 
34 35 120 230 327 381 429 
34 35 120 236 329 383 431 
575 576 
573 574 
367 381 429 
52 105 
104 106 187 
2 
8 
10 
13 
14 
18 
19 
52 106 
38 39 127 131 249 250 251 334 364 
22 370 426 
34 35 120 230 327 375 508 576 
27 28 29 112 115 219 220 221 324 361 558 623 
4 465 572 628 676 
23 93 1070 1095 
33 108 189 212 321 1190 1192 
