25 27 28 37 58 64 110 111 112 216 323 377 427 428 429 430 431 432 469 470 506 559 571 633 651 656 657 674 733 747 748 749 750 771 787 788 789 790 810 811 812 813 831 845 846 866 867 870 871 872 873 874 875 899 915 930 931 932 933 934 935 943 958 977 997 998 1009 1014 1046 1048 1049 1075 1117 1118 1119 1120 1121 1138 1143 1144 1149 1153 1154 1155 1162 1163 1169 1173 1176 1178 1180 1182 1183 1184 1185 1187 1188 
25 47 48 58 64 110 144 279 282 337 338 428 429 430 431 432 433 463 470 570 571 632 633 652 653 654 674 724 733 747 748 749 750 783 784 785 787 788 789 790 806 807 808 810 811 812 813 846 850 866 867 871 872 873 874 875 915 930 931 932 933 934 935 958 1009 1014 1046 1048 1049 1075 1117 1118 1119 1120 1121 1138 1153 1154 1155 1162 1163 1169 1173 1176 1178 1180 1182 1183 1184 1185 1187 1188 
25 58 61 64 110 119 428 429 430 431 432 463 470 506 559 571 577 632 674 678 682 725 733 734 747 748 749 750 756 757 758 759 774 787 788 789 790 791 792 793 794 797 798 810 811 812 813 820 821 822 823 826 827 846 855 858 859 866 867 868 869 871 872 873 874 875 877 880 881 915 917 921 930 931 932 933 934 935 938 941 942 958 962 966 1009 1014 1017 1026 1031 1046 1048 1049 1050 1054 1056 1057 1075 1083 1087 1117 1118 1119 1120 1121 1128 1131 1132 1138 1142 1153 1154 1155 1159 1160 1161 1162 1163 1166 1167 1169 1171 1173 1174 1176 1177 1178 1179 1180 1182 1183 1184 1185 1187 1188 
25 58 110 428 429 430 432 463 470 506 571 633 674 733 747 748 750 787 788 790 810 811 813 846 866 867 871 872 873 874 875 915 930 931 932 933 934 958 1009 1014 1046 1048 1049 1075 1117 1118 1119 1120 1121 1138 1153 1154 1155 1162 1163 1169 1173 1176 1178 1180 1182 1183 1184 1185 1187 1188 
25 58 110 429 430 431 432 463 506 571 633 674 733 747 748 749 750 787 788 789 790 810 811 812 813 846 866 867 871 872 873 874 875 915 930 931 932 933 934 935 958 1009 1046 1048 1049 1075 1117 1118 1119 1120 1121 1138 1153 1154 1155 1162 1163 1169 1173 1176 1178 1180 1182 1183 1184 1185 1187 1188 
25 58 110 428 429 431 432 463 470 506 571 633 674 733 747 749 750 787 789 790 810 812 813 846 866 871 872 873 874 875 915 930 931 932 933 934 935 958 1009 1014 1046 1049 1075 1117 1118 1119 1120 1121 1138 1153 1154 1155 1162 1163 1169 1173 1176 1178 1180 1182 1183 1184 1185 1187 1188 
25 58 110 428 430 431 432 463 470 506 571 633 674 733 748 749 750 788 789 790 811 812 813 846 867 871 872 873 874 875 915 930 931 932 933 934 935 958 1009 1014 1046 1048 1075 1117 1118 1119 1120 1121 1138 1153 1154 1155 1162 1163 1169 1173 1176 1178 1180 1182 1183 1184 1185 1187 1188 
25 58 110 428 429 430 431 432 463 470 506 571 633 674 733 747 748 749 750 787 788 789 790 810 811 812 813 846 866 867 871 872 873 874 875 915 930 931 932 933 934 935 958 1009 1014 1046 1048 1049 1075 1117 1118 1119 1120 1121 1138 1153 1154 1155 1162 1163 1169 1173 1176 1178 1180 1182 1183 1184 1185 1187 1188 
25 27 28 37 64 110 111 112 216 323 377 427 428 429 430 431 432 463 469 470 506 571 633 674 733 747 748 749 750 787 788 789 790 810 811 812 813 831 850 866 867 872 873 874 875 899 930 931 932 933 934 935 943 977 997 998 1014 1048 1049 1117 1118 1119 1120 1121 1138 1143 1144 1149 1154 1155 1162 1163 1169 1173 1176 1178 1180 1182 1183 1184 1185 1187 1188 
26 57 58 64 110 119 159 428 429 430 431 432 463 470 506 559 571 632 633 674 682 725 733 734 747 748 749 750 773 787 788 789 790 793 794 795 796 797 798 810 811 812 813 822 823 824 825 826 827 846 850 854 855 859 866 867 871 872 873 874 875 876 877 878 879 880 881 915 917 918 919 920 921 930 931 932 933 934 935 942 958 962 963 964 965 966 1009 1014 1017 1019 1021 1023 1025 1046 1048 1049 1050 1051 1052 1053 1054 1075 1083 1084 1085 1086 1087 1117 1118 1119 1120 1121 1127 1131 1138 1141 1153 1154 1155 1162 1163 1166 1168 1169 1171 1173 1175 1176 1178 1179 1180 1182 1183 1184 1185 1187 1188 
25 27 28 34 35 37 58 64 110 111 112 119 120 121 216 222 225 228 231 234 323 325 326 327 328 329 377 379 380 381 382 383 463 469 470 506 571 577 633 674 678 733 734 747 748 749 756 757 758 787 788 789 791 792 793 810 811 812 820 821 822 831 836 846 850 855 859 866 867 868 869 871 872 873 874 875 877 878 879 880 881 899 902 930 931 932 933 934 935 937 938 939 940 941 942 943 946 977 985 997 998 1014 1015 1016 1031 1048 1049 1056 1057 1117 1118 1119 1120 1121 1128 1129 1130 1131 1132 1138 1142 1143 1144 1147 1148 1149 1154 1155 1157 1160 1161 1162 1163 1166 1167 1169 1171 1173 1175 1176 1177 1178 1179 1182 1183 1184 1185 1187 1188 
