34 35 121 232 328 366 
27 28 34 35 111 112 113 114 121 213 214 215 216 217 218 220 241 322 323 324 331 376 377 378 385 427 428 429 430 431 432 469 470 471 472 473 474 489 490 491 492 560 561 562 563 601 602 603 604 605 606 624 625 658 660 661 662 709 722 735 736 737 751 752 753 775 776 815 861 883 887 909 923 971 975 1032 1062 1063 1070 1091 1095 1108 1133 1146 1156 
26 58 61 64 159 363 390 432 433 463 506 559 632 633 670 682 725 734 759 773 794 795 796 797 798 823 824 825 826 827 855 858 859 877 878 879 880 881 917 918 919 920 941 962 963 964 965 1017 1019 1021 1023 1050 1051 1052 1053 1083 1084 1085 1086 1127 1141 1166 1168 1171 1175 1179 1180 
38 128 130 131 246 247 248 249 250 251 333 334 363 364 
39 127 128 130 131 246 247 248 249 250 251 333 334 363 364 
34 120 122 228 229 230 241 327 331 367 385 433 
34 121 126 241 331 385 433 
35 120 121 237 241 330 331 384 385 432 433 
30 362 373 424 558 572 623 628 676 
29 30 373 558 572 623 628 676 
30 375 381 429 468 508 576 
368 380 467 507 573 
30 374 428 467 507 574 
573 574 
366 382 430 
367 381 429 
368 380 428 
190 210 
9 
14 
15 
18 
24 94 
32 109 210 
38 39 128 130 246 247 248 333 363 
34 35 121 241 331 385 433 
27 28 29 112 220 324 372 465 558 623 
51 84 85 86 87 88 89 90 153 154 155 180 198 199 200 201 209 299 300 301 320 352 354 355 442 488 541 622 705 706 732 770 804 
46 75 76 77 78 79 80 81 82 83 137 138 167 192 193 194 195 196 204 205 207 260 261 262 318 319 348 359 414 438 439 446 479 480 511 512 619 683 727 762 805 
23 93 1070 1095 
