25 47 48 59 60 61 64 66 67 68 119 144 285 339 363 388 390 430 463 464 506 559 577 578 632 669 673 682 725 765 773 792 798 821 827 838 852 853 854 855 856 857 858 859 869 876 877 878 879 880 881 904 907 908 917 937 938 939 940 941 942 948 952 953 962 968 994 995 1018 1031 1050 1056 1057 1060 1083 1104 1124 1127 1128 1129 1130 1131 1132 1139 1141 1142 1158 1159 1160 1161 1166 1167 1168 1171 1175 1177 1179 1180 
47 48 59 60 61 144 282 285 338 339 363 365 388 389 390 463 464 506 578 632 672 673 725 797 798 826 827 856 857 858 878 879 880 918 937 938 939 940 963 1020 1051 1084 1127 1128 1129 1130 1141 1142 1158 1168 1175 1177 1179 1180 
47 48 59 60 64 144 282 285 338 339 363 365 388 389 390 463 464 506 578 632 672 673 725 797 798 826 827 856 857 859 878 879 881 917 937 938 939 940 962 1018 1050 1083 1127 1128 1129 1130 1141 1142 1158 1168 1175 1177 1179 1180 
47 48 59 61 64 144 282 338 363 365 389 390 463 464 506 578 632 672 725 797 826 856 858 859 878 880 881 918 937 938 940 963 1020 1051 1084 1127 1128 1129 1130 1141 1142 1158 1168 1175 1177 1179 1180 
47 48 60 61 64 144 282 338 363 365 389 390 463 464 506 578 632 672 725 797 826 857 858 859 879 880 881 918 937 938 939 963 1020 1051 1084 1127 1128 1129 1130 1141 1142 1158 1168 1175 1177 1179 1180 
35 120 121 231 232 328 366 
27 28 111 112 114 115 213 216 217 218 219 220 221 322 323 324 366 376 377 378 382 427 428 429 431 432 433 469 470 471 472 473 474 489 490 491 492 561 562 563 601 602 603 604 605 606 625 658 659 660 661 707 721 735 737 738 751 752 753 775 776 815 816 860 882 887 888 891 892 909 923 924 971 972 1032 1062 1091 1108 1133 1146 1156 
34 120 125 231 237 238 239 328 330 366 384 432 
4 27 28 30 111 112 114 115 213 216 217 218 219 220 221 322 323 324 376 377 378 427 430 431 432 433 465 466 469 471 472 473 474 495 496 497 564 566 567 609 610 611 612 613 627 663 664 665 666 723 739 740 741 742 754 755 779 780 817 884 885 893 894 910 925 926 973 974 1033 1065 1092 1109 1134 1145 1150 
59 60 61 64 363 365 389 390 433 463 464 506 578 632 670 725 795 824 856 857 858 859 878 879 880 881 920 937 938 939 940 965 1024 1053 1086 1127 1128 1129 1130 1141 1142 1158 1168 1175 1177 1179 1180 
38 69 70 128 132 133 250 252 253 254 334 335 336 364 387 475 476 477 478 509 510 630 631 745 746 782 
39 127 128 249 250 334 364 
34 35 50 120 121 231 295 328 366 398 452 
35 122 228 229 230 327 381 429 
35 122 228 229 230 327 367 
375 381 429 508 576 
367 375 508 576 
1150 1151 
834 865 
675 676 
573 574 
34 35 122 228 229 230 327 381 429 
366 382 430 
27 117 225 226 227 326 368 
368 380 428 
32 109 210 
342 370 426 
190 210 
105 106 
0 
1 
8 
19 
20 
52 106 
38 39 128 250 334 364 
32 107 188 211 321 370 426 
34 126 240 241 242 331 385 433 
4 465 572 628 676 
27 30 117 225 226 227 326 374 380 467 507 573 
63 309 410 440 730 764 800 834 
4 27 28 34 35 111 112 114 115 116 120 121 126 213 216 217 218 219 220 221 222 223 224 231 234 237 240 241 242 322 323 324 325 328 329 330 331 376 377 378 379 382 383 384 385 465 469 471 472 473 474 495 496 497 564 566 567 609 610 611 612 613 627 663 664 665 666 714 723 739 740 742 754 755 779 780 817 863 885 893 894 910 925 926 973 974 1033 1064 1092 1109 1134 1145 1151 
23 93 1146 1156 
47 48 59 60 61 64 129 130 144 243 244 245 246 247 248 282 332 333 338 389 390 463 464 506 578 632 672 725 797 826 856 857 858 859 878 879 880 881 918 937 938 939 940 963 1020 1051 1084 1127 1128 1129 1130 1141 1142 1158 1168 1175 1177 1179 1180 
