23 38 47 48 93 127 128 132 143 144 147 148 249 252 253 254 257 277 280 281 282 283 284 285 286 289 334 335 336 337 338 339 340 341 363 364 365 402 415 416 417 418 419 420 421 422 423 481 482 485 486 502 505 535 536 537 538 539 554 557 592 593 594 620 621 704 717 718 743 744 768 769 781 801 802 839 840 886 929 978 999 1041 1070 1095 
23 38 39 47 93 127 128 132 143 144 145 147 148 252 253 254 257 275 276 277 278 280 281 282 283 284 285 286 287 289 335 336 337 338 339 340 341 363 364 365 402 415 416 417 418 419 420 421 422 423 481 482 483 485 486 502 505 535 536 537 538 539 554 557 592 593 594 620 621 701 702 703 704 717 718 743 744 768 769 781 801 802 839 840 886 929 978 999 1041 1070 1095 
23 38 39 47 48 93 127 132 143 144 147 148 249 252 253 254 257 277 280 281 282 283 284 285 286 289 334 335 336 337 338 339 340 341 363 364 365 402 415 416 417 418 419 420 421 422 423 481 482 485 486 502 505 535 536 537 538 539 554 557 592 593 594 620 621 704 717 718 743 744 768 769 781 801 802 839 840 886 929 978 999 1041 1070 1095 
23 39 47 48 69 70 93 128 132 143 144 147 148 252 253 254 277 280 281 282 283 284 285 286 289 335 337 338 339 340 341 363 364 365 402 415 416 417 418 419 420 421 422 423 475 476 477 478 481 482 485 486 502 505 509 510 535 536 537 538 539 554 557 592 593 594 620 621 630 631 704 717 718 743 744 745 746 768 769 781 782 801 802 839 840 886 929 978 999 1041 1070 1095 
4 26 27 28 30 36 53 58 60 61 112 113 114 159 216 217 218 322 323 368 376 377 380 427 430 431 432 433 463 465 466 469 470 471 472 473 474 495 496 497 506 559 564 566 567 609 610 611 612 613 627 633 663 664 665 666 682 712 714 723 734 740 742 754 755 765 779 780 817 829 835 837 855 857 858 862 863 876 877 878 879 880 881 884 885 893 894 898 903 910 925 926 936 937 938 939 940 941 942 947 973 974 985 994 995 1015 1016 1031 1033 1056 1057 1065 1092 1109 1128 1129 1130 1131 1132 1134 1142 1145 1147 1148 1151 1157 1160 1161 1166 1167 1171 1175 1177 1179 1180 
4 26 27 28 29 36 53 58 60 61 112 113 114 159 216 217 218 322 323 368 371 372 378 380 411 463 465 470 493 498 506 559 608 614 633 650 682 715 734 765 778 803 829 835 837 855 857 858 864 876 877 878 879 880 881 896 898 903 927 936 937 938 939 940 941 942 947 970 985 994 995 996 1015 1016 1031 1040 1056 1057 1128 1129 1130 1131 1132 1142 1147 1148 1157 1160 1161 1166 1167 1171 1175 1177 1179 1180 
26 27 36 53 58 60 61 112 115 159 223 324 325 368 378 379 380 427 463 470 506 559 633 682 734 765 829 835 837 855 857 858 876 877 878 879 880 881 898 903 936 937 938 939 940 941 942 947 985 994 995 1015 1016 1031 1056 1057 1128 1129 1130 1131 1132 1142 1147 1148 1157 1160 1161 1166 1167 1171 1175 1177 1179 1180 
26 28 36 53 58 60 61 111 115 159 224 324 325 368 378 379 380 427 463 470 506 559 633 682 734 765 829 835 837 855 857 858 876 877 878 879 880 881 898 903 936 937 938 939 940 941 942 947 985 994 995 1015 1016 1031 1056 1057 1128 1129 1130 1131 1132 1142 1147 1148 1157 1160 1161 1166 1167 1171 1175 1177 1179 1180 
26 27 28 30 36 53 58 60 61 115 159 324 374 378 463 467 470 506 507 559 574 633 682 734 765 829 835 837 855 857 858 876 877 878 879 880 881 898 903 936 937 938 939 940 941 942 947 985 994 995 1015 1016 1031 1056 1057 1128 1129 1130 1131 1132 1142 1147 1148 1157 1160 1161 1166 1167 1171 1175 1177 1179 1180 
30 374 428 467 507 574 
1150 1151 
834 865 
368 380 428 
105 106 
2 
8 
10 
17 
18 
52 105 
104 187 
369 425 
370 426 
46 75 76 77 78 79 80 81 82 83 138 140 164 166 167 194 195 196 204 206 207 260 261 262 318 319 343 344 347 358 413 438 439 446 479 480 511 512 619 683 727 762 805 
31 118 191 800 834 
23 38 39 47 48 93 127 128 131 132 143 144 147 148 245 248 249 250 251 252 253 254 257 277 280 281 282 283 284 285 286 289 332 333 334 335 336 337 338 339 340 341 402 415 416 417 418 419 420 421 422 423 481 482 485 486 502 505 535 536 537 538 539 554 557 592 593 594 620 621 704 717 718 743 744 768 769 781 801 802 839 840 886 929 978 999 1041 1070 1095 
4 27 28 34 35 111 112 113 114 115 116 120 123 124 125 126 216 217 218 222 223 224 234 235 236 240 241 242 322 323 324 325 328 329 330 331 376 377 378 379 382 383 384 385 465 469 471 472 473 474 495 496 497 564 566 567 609 610 611 612 613 627 664 666 712 714 740 742 755 779 780 817 862 863 884 885 893 910 973 976 1033 1065 1109 1134 1145 1150 
26 27 28 36 53 58 60 61 115 117 159 324 326 378 380 463 470 506 559 633 682 734 765 829 835 837 855 857 858 876 877 878 879 880 881 898 903 936 937 938 939 940 941 942 947 985 994 995 1015 1016 1031 1056 1057 1128 1129 1130 1131 1132 1142 1147 1148 1157 1160 1161 1166 1167 1171 1175 1177 1179 1180 
