38 127 131 247 249 250 251 333 334 363 364 
38 39 127 131 247 249 250 251 333 334 363 364 
30 360 362 374 376 377 378 424 427 428 429 430 431 432 433 469 470 471 472 473 474 489 490 491 492 507 560 561 563 574 601 602 603 604 605 606 624 625 658 659 661 708 709 721 736 737 752 753 775 776 814 815 816 860 861 882 883 887 888 891 892 909 923 924 971 972 1032 1040 1063 1070 1091 1095 1108 1133 1146 1156 
30 361 374 424 507 558 574 623 
27 28 54 112 226 326 380 428 463 470 559 616 651 677 761 833 945 1036 1078 
29 30 361 374 507 558 574 623 
368 380 428 
190 210 
94 103 
10 
15 
17 
19 
11 91 
24 103 
104 187 
32 109 210 
38 39 128 247 333 363 
370 426 
27 28 29 111 115 219 220 221 324 361 558 623 
75 76 77 78 79 80 81 82 83 138 140 141 165 192 194 195 205 206 207 260 261 262 318 319 344 347 358 413 434 438 439 446 479 480 511 512 619 683 727 762 805 
23 93 1070 1095 
