34 120 121 123 126 231 232 233 240 241 242 328 331 366 385 433 
35 121 126 230 240 241 242 327 331 367 385 433 
7 26 38 39 47 48 58 60 127 144 146 147 148 159 248 278 279 280 281 282 283 284 285 286 333 337 338 339 388 389 390 432 463 506 559 632 633 671 672 673 682 725 734 759 773 794 795 796 797 798 823 824 825 826 827 855 857 877 878 879 880 881 917 918 919 920 941 962 963 964 965 1017 1019 1021 1023 1050 1051 1052 1053 1083 1084 1085 1086 1127 1141 1166 1168 1171 1175 1179 1180 
7 25 34 35 47 56 64 68 119 125 148 284 285 286 330 339 363 384 388 389 390 428 430 431 463 464 470 506 559 577 633 673 678 682 734 757 758 759 774 792 793 794 798 821 822 823 827 853 859 869 881 908 937 941 942 953 968 995 1031 1056 1060 1104 1124 1131 1132 1139 1142 1159 1160 1161 1166 1167 1171 1174 1177 1179 1180 
7 26 47 58 64 148 159 284 285 286 339 363 388 389 390 432 463 464 506 559 633 673 682 734 759 773 774 794 798 823 827 855 859 877 881 937 941 1142 1158 1166 1168 1171 1175 1179 1180 
34 120 126 238 240 241 242 330 331 384 385 432 433 
123 125 231 232 233 328 330 366 384 432 
34 121 125 238 330 384 432 
35 120 125 230 327 330 367 384 432 
38 127 128 248 249 333 334 363 364 
39 127 129 248 332 333 363 365 
28 112 115 219 220 221 324 374 467 507 574 
1150 1151 
573 574 
6 
38 39 127 248 333 363 
34 35 120 121 126 240 241 242 331 385 433 
46 75 76 77 78 79 80 81 82 83 138 141 166 193 194 195 204 205 206 260 261 262 318 319 343 348 359 414 435 438 439 446 479 480 511 512 619 683 727 762 805 
28 112 113 213 214 215 322 371 466 1134 1145 1151 
