7 48 64 144 148 284 285 286 339 363 388 389 390 463 464 506 559 633 673 682 734 774 798 827 859 881 937 1142 1158 1168 1174 1175 1177 1179 1180 
39 69 127 132 251 334 335 364 386 476 509 630 720 746 782 
39 69 127 132 248 333 335 363 386 476 509 630 720 746 782 
35 120 125 126 237 238 239 240 241 242 330 331 384 385 432 433 
30 362 373 424 558 572 623 628 676 
38 128 130 244 332 333 363 365 
39 127 130 251 333 334 363 364 
29 30 373 558 572 623 628 676 
122 228 229 230 327 367 
375 381 429 508 576 
367 375 508 576 
1150 1151 
834 865 
27 28 29 112 220 324 372 465 558 623 
573 574 
366 382 430 
190 210 
5 
10 
13 
17 
106 
104 187 
32 109 190 
369 425 
122 228 229 230 327 381 429 
34 35 120 126 240 241 242 331 385 433 
28 30 117 225 226 227 326 374 380 467 507 574 
38 39 69 132 335 386 476 509 630 720 746 782 
84 85 86 87 88 89 90 152 155 156 179 197 199 200 208 299 300 301 320 353 355 443 540 622 705 706 732 770 804 
75 76 77 78 79 80 81 82 83 138 139 141 142 165 167 192 193 195 196 205 207 260 261 262 318 319 343 347 358 359 413 414 434 446 479 511 514 619 684 762 805 
62 65 183 305 406 459 547 597 646 698 731 764 800 865 
27 28 30 34 35 112 120 121 126 214 217 220 223 232 235 238 240 241 242 322 323 324 325 328 329 330 331 372 376 377 378 379 382 383 384 385 465 466 469 471 472 473 474 495 496 497 564 609 610 611 612 613 626 627 664 666 714 723 739 740 742 754 755 779 780 818 863 885 890 910 926 974 976 1033 1064 1065 1092 1109 1134 1145 1150 
