53 59 66 115 139 146 147 167 326 328 329 330 390 429 476 477 478 572 573 574 689 690 788 789 946 948 1285 1396 1397 1778 1954 2965 3029 3091 3127 3173 
48 58 66 78 80 81 104 134 138 147 168 179 183 206 244 253 254 280 295 326 328 422 423 476 505 555 556 567 572 647 703 704 705 706 755 790 826 830 950 994 1002 1003 1184 1286 1314 1318 1398 1421 1425 1499 1671 1821 1822 1823 1824 1833 1889 1951 2022 2086 2157 2359 2465 2499 2858 2859 2860 2905 2985 3045 3086 3124 
48 49 58 66 78 80 81 104 138 147 168 181 183 206 280 295 326 328 476 505 567 572 647 703 704 705 706 708 755 790 828 830 834 950 998 1002 1003 1184 1286 1316 1318 1398 1423 1425 1499 1671 1748 1821 1822 1823 1824 1831 1833 1834 1889 1947 1951 1990 1992 2022 2023 2043 2052 2086 2089 2091 2157 2359 2364 2365 2368 2465 2468 2470 2499 2591 2592 2858 2859 2860 2905 2985 3017 3023 3045 3075 3076 3077 3079 3086 3104 3124 3164 3167 3192 3193 3194 
48 49 53 58 66 78 80 81 104 133 134 138 147 168 180 181 183 206 251 252 280 292 293 295 326 328 420 421 476 505 553 554 567 572 647 703 704 705 706 755 790 827 828 830 950 996 998 1002 1003 1184 1286 1318 1398 1422 1423 1425 1499 1671 1821 1822 1823 1824 1831 1833 1889 1951 1990 2022 2043 2086 2089 2157 2359 2364 2365 2465 2468 2499 2591 2858 2859 2860 2905 2985 3045 3075 3086 3124 3164 3166 3192 3194 
48 49 50 53 58 59 60 61 62 66 68 71 78 80 81 104 116 134 135 138 139 146 147 148 149 155 156 157 158 159 160 161 168 170 173 178 206 215 225 228 244 253 254 255 257 261 280 285 326 329 330 331 332 389 392 394 404 422 423 424 425 426 477 478 479 480 505 555 556 557 567 573 574 575 576 601 615 616 647 670 676 677 678 679 680 683 694 695 696 697 703 704 705 706 755 777 778 779 780 781 783 784 790 815 818 825 923 930 932 934 935 936 938 950 976 982 983 992 1136 1137 1140 1184 1213 1278 1279 1280 1286 1305 1308 1313 1389 1390 1391 1392 1393 1398 1412 1415 1420 1499 1534 1598 1671 1690 1749 1758 1759 1760 1766 1791 1792 1793 1794 1801 1821 1822 1823 1824 1889 1909 1951 1957 1963 1964 1965 1966 1967 2016 2018 2022 2031 2032 2063 2085 2086 2157 2192 2263 2264 2271 2272 2349 2350 2358 2359 2396 2402 2403 2404 2446 2464 2465 2499 2523 2550 2552 2593 2649 2744 2768 2791 2794 2848 2849 2850 2858 2859 2860 2866 2868 2879 2891 2905 2919 2938 2949 2961 2962 2985 2988 2989 3015 3032 3045 3046 3049 3086 3099 3100 3124 3130 3131 3139 3181 3182 3212 3235 3256 3290 3315 3316 3337 3350 3382 3397 3410 3427 3446 3454 3464 3473 3484 3490 3499 3503 
49 58 66 80 81 104 134 147 168 178 206 244 254 326 328 423 476 505 556 572 647 703 705 706 755 790 825 950 992 1184 1286 1313 1398 1420 1499 1671 1821 1822 1823 1824 1889 1951 2022 2086 2157 2359 2465 2499 2858 2859 2860 2905 2985 3045 3086 3124 
48 49 58 66 80 104 134 147 168 178 206 244 254 326 328 423 476 505 556 572 647 703 704 706 755 790 825 950 992 1184 1286 1313 1398 1420 1499 1671 1821 1822 1823 1824 1889 1951 2022 2086 2157 2359 2465 2499 2858 2859 2860 2905 2985 3045 3086 3124 
48 49 58 66 81 104 134 147 168 178 206 244 254 326 328 423 476 505 556 572 647 703 704 705 755 790 825 950 992 1184 1286 1313 1398 1420 1499 1671 1821 1822 1823 1824 1889 1951 2022 2086 2157 2359 2465 2499 2858 2859 2860 2905 2985 3045 3086 3124 
48 49 53 58 59 66 78 80 81 104 115 134 138 139 146 147 179 183 206 244 253 280 295 330 390 422 429 478 505 555 567 574 647 689 690 703 704 705 706 755 788 826 830 946 994 1002 1003 1184 1314 1318 1396 1421 1425 1499 1671 1778 1821 1822 1823 1824 1833 1889 1954 2022 2059 2086 2157 2359 2465 2499 2858 2859 2860 2905 2965 3029 3091 3127 3173 
48 49 58 66 78 80 81 134 138 147 168 178 183 244 254 280 295 326 328 423 476 556 567 572 703 704 705 706 790 825 830 950 992 1002 1003 1286 1313 1318 1398 1420 1425 1821 1822 1823 1824 1833 1951 2022 2086 2359 2465 2858 2859 2860 2905 2985 3045 3086 3124 
48 49 53 58 59 66 78 80 81 104 134 138 146 167 168 179 183 206 244 253 267 280 295 328 422 476 477 505 555 567 572 573 647 690 703 704 705 706 755 789 790 826 830 948 950 994 1002 1003 1184 1286 1314 1318 1397 1398 1421 1425 1499 1671 1821 1822 1823 1824 1833 1889 1951 1955 2022 2086 2157 2359 2465 2499 2858 2859 2860 2905 2966 2985 3030 3045 3086 3093 3124 3128 3174 
48 49 58 70 75 80 81 87 104 134 140 147 168 179 186 194 206 244 253 277 304 317 326 328 422 436 472 476 505 555 564 572 647 703 704 705 706 731 755 790 826 833 950 994 1009 1124 1159 1184 1286 1314 1321 1398 1421 1428 1444 1446 1499 1671 1821 1822 1823 1824 1851 1889 1946 1951 2022 2051 2157 2260 2359 2465 2476 2499 2646 2766 2844 2858 2859 2860 2887 2905 2906 2984 2985 3042 3043 3045 3073 3086 3119 3124 
48 49 50 53 59 60 61 62 66 68 71 78 80 81 104 116 134 135 138 139 146 147 148 149 155 156 157 158 159 160 161 168 170 173 179 183 206 215 225 228 244 253 255 257 280 285 295 326 328 329 330 331 332 389 392 394 404 422 424 425 426 476 477 478 479 480 505 555 557 567 572 573 574 575 576 601 615 616 647 670 676 677 678 679 680 683 694 695 696 697 703 704 705 706 755 777 778 779 780 781 783 784 790 815 818 826 830 923 930 932 934 935 936 939 950 976 982 983 994 1002 1003 1136 1137 1140 1184 1213 1278 1279 1280 1281 1286 1305 1308 1314 1318 1389 1390 1391 1392 1393 1398 1412 1415 1421 1425 1499 1534 1598 1671 1690 1749 1758 1759 1760 1766 1791 1792 1793 1794 1801 1821 1822 1823 1824 1833 1889 1909 1951 1957 1963 1964 1965 1966 1967 2016 2018 2022 2031 2032 2063 2085 2086 2157 2192 2263 2264 2271 2272 2349 2350 2358 2359 2396 2402 2403 2404 2446 2464 2465 2499 2523 2550 2552 2593 2649 2744 2768 2791 2794 2848 2849 2850 2858 2859 2860 2866 2868 2879 2891 2905 2919 2938 2949 2961 2962 2985 2988 2989 3015 3032 3045 3046 3049 3086 3099 3100 3124 3130 3131 3139 3181 3182 3212 3235 3256 3290 3315 3316 3337 3350 3382 3397 3410 3427 3446 3454 3464 3473 3484 3490 3499 3503 
53 58 59 66 115 139 146 147 168 326 328 330 390 429 476 478 572 574 689 690 788 790 946 950 1286 1396 1398 1778 1954 2965 3029 3091 3127 3173 
13 
37 
60 115 
48 49 58 66 78 80 81 104 134 138 147 168 179 183 206 244 253 280 295 326 328 422 476 505 555 567 572 647 703 704 705 706 755 790 826 830 950 994 1002 1003 1184 1286 1314 1318 1398 1421 1425 1499 1671 1821 1822 1823 1824 1833 1889 1951 2022 2086 2157 2359 2465 2499 2858 2859 2860 2905 2985 3045 3086 3124 
