48 49 50 53 58 59 61 62 66 68 71 80 81 116 133 134 135 146 147 148 149 155 156 157 158 159 160 161 169 170 171 228 229 244 255 256 257 258 259 260 261 281 282 283 326 327 389 390 392 393 394 395 403 420 421 422 423 424 425 426 429 476 477 478 479 480 553 554 555 556 557 572 573 574 575 576 669 676 678 683 689 697 777 778 779 780 781 782 785 788 814 815 816 921 930 932 933 934 936 937 938 946 947 974 976 978 1134 1139 1278 1280 1284 1371 1389 1390 1391 1392 1393 1396 1411 1412 1413 1596 1750 1761 1794 1954 1956 1958 1959 1960 1961 1962 2015 2016 2018 2029 2030 2059 2261 2262 2265 2268 2350 2395 2398 2399 2464 2549 2593 2647 2648 2743 2790 2792 2793 2865 2867 2891 2918 2937 2960 2962 2986 3014 3029 3031 3046 3048 3092 3099 3100 3130 3131 3137 3138 3173 3180 3182 3211 3254 3280 3289 3313 3336 3349 3379 3380 3396 3409 3425 3445 3453 3465 3473 3484 3490 3496 3499 3503 
48 49 50 53 58 59 61 62 66 68 71 80 81 115 116 133 134 135 139 146 147 148 149 155 156 157 158 159 160 161 169 170 171 228 229 244 255 256 257 258 259 260 261 281 282 283 326 327 389 390 392 393 394 395 403 420 421 422 423 424 426 429 476 477 479 480 553 554 555 556 557 572 573 575 576 669 676 678 683 689 697 777 778 779 780 781 782 785 788 814 815 816 921 930 932 933 935 936 937 938 946 947 974 976 978 1134 1139 1278 1279 1280 1284 1371 1389 1390 1391 1392 1393 1396 1411 1412 1413 1596 1750 1761 1794 1954 1956 1958 1959 1960 1961 1962 2015 2016 2018 2029 2030 2059 2261 2262 2265 2268 2350 2395 2398 2399 2464 2549 2593 2647 2648 2743 2790 2792 2793 2865 2867 2891 2918 2937 2960 2962 2986 3014 3029 3031 3046 3048 3092 3099 3100 3130 3131 3137 3138 3173 3180 3182 3211 3254 3280 3289 3313 3336 3349 3379 3380 3396 3409 3425 3445 3453 3465 3473 3484 3490 3496 3499 3503 
48 49 50 53 58 59 60 61 66 68 71 80 81 116 133 134 135 139 146 147 148 149 155 156 157 158 159 160 161 165 169 170 171 228 229 244 255 256 257 258 259 260 261 265 281 282 283 326 327 389 392 393 394 395 403 420 421 422 423 424 425 426 476 477 478 479 480 553 554 555 556 557 572 573 574 575 576 669 675 676 677 678 683 687 697 777 778 779 780 781 782 785 786 814 815 816 921 930 931 932 933 934 935 936 937 938 942 974 976 978 1134 1139 1277 1278 1279 1280 1371 1389 1390 1391 1392 1393 1394 1411 1412 1413 1596 1794 1952 1956 1958 1959 1960 1961 1962 2015 2016 2018 2029 2030 2057 2261 2262 2265 2350 2395 2398 2399 2464 2549 2593 2647 2648 2743 2790 2792 2793 2865 2867 2891 2918 2937 2960 2962 2986 3014 3027 3031 3046 3048 3087 3088 3099 3100 3125 3130 3131 3137 3138 3171 3180 3182 3211 3254 3280 3289 3314 3336 3349 3380 3396 3409 3425 3445 3453 3465 3473 3484 3490 3496 3499 3503 
50 53 58 61 62 66 68 116 146 147 148 149 164 165 166 230 264 265 266 326 327 398 399 428 479 480 558 575 576 686 690 786 787 942 944 945 1283 1394 1395 1768 1769 1770 1771 1772 1952 2017 2057 2967 3016 3027 3087 3088 3103 3125 3171 3179 3209 3239 
50 53 58 61 62 66 68 116 146 147 164 166 230 264 266 326 398 399 428 479 558 575 686 687 690 787 944 945 1283 1395 1768 1769 1770 1771 1772 1952 2017 2057 2967 3016 3027 3087 3088 3103 3125 3171 3179 3209 3239 
53 59 66 115 139 146 147 326 390 429 477 478 573 574 689 788 946 947 1284 1396 1954 2059 3029 3092 3173 
53 58 60 66 139 146 147 167 168 267 268 326 390 429 476 477 478 572 573 574 689 788 789 790 946 947 948 950 1284 1396 1397 1398 1951 1954 1955 2059 2060 2966 2985 3029 3030 3044 3086 3092 3093 3094 3124 3128 3173 3174 
53 58 59 60 66 139 146 147 167 168 268 326 390 429 476 478 572 574 689 788 789 790 946 947 949 950 1284 1285 1396 1397 1398 1951 1954 1955 2059 2060 2966 2985 3029 3030 3044 3086 3092 3093 3094 3124 3128 3173 3174 
53 60 62 66 139 146 147 148 149 165 166 265 266 326 327 478 479 480 574 575 576 687 688 786 787 942 944 1394 1395 1952 1953 2057 2058 3027 3028 3087 3088 3089 3090 3125 3126 3171 3172 
53 61 62 76 77 138 146 147 148 149 165 184 185 265 270 277 278 279 326 327 436 437 438 479 480 564 565 566 575 576 687 710 711 786 831 832 942 1005 1006 1319 1320 1394 1426 1427 1843 1949 1952 2057 2971 3025 3027 3082 3087 3088 3122 3125 3169 3171 
53 59 60 97 98 99 139 140 146 147 211 213 302 326 390 429 460 462 477 478 573 574 634 636 689 726 728 788 946 947 1079 1080 1189 1191 1284 1396 1509 1513 1676 1678 1894 1896 1954 2059 2179 2255 3029 3092 3107 3135 3173 3205 3233 3251 
61 62 66 80 81 133 146 147 148 149 165 180 181 265 326 327 479 480 553 554 575 576 687 786 827 828 834 942 996 999 1315 1316 1394 1422 1423 1952 1992 2057 2091 2368 2470 2592 3027 3076 3087 3088 3104 3125 3166 3171 3193 3194 
47 61 62 76 78 97 98 99 133 140 146 147 148 149 165 182 183 185 211 213 265 277 278 280 302 326 327 436 437 439 460 462 479 480 552 564 565 567 575 576 634 636 687 708 710 711 726 728 786 829 830 832 942 1000 1002 1006 1079 1080 1189 1191 1317 1318 1320 1394 1424 1425 1427 1509 1513 1676 1678 1838 1839 1840 1894 1896 1947 1952 2057 2179 2255 2969 3023 3027 3079 3087 3088 3107 3120 3125 3135 3167 3171 3205 3233 3251 
47 59 60 66 76 78 133 139 146 147 182 183 185 277 278 280 326 390 429 436 437 439 477 478 552 564 565 567 573 574 689 708 710 711 788 829 830 832 946 947 1000 1002 1006 1284 1317 1318 1320 1396 1424 1425 1427 1838 1839 1840 1947 1954 2059 2969 3023 3029 3079 3092 3120 3167 3173 
48 49 53 58 61 62 80 81 97 98 99 133 134 140 147 148 149 165 168 178 179 180 211 213 244 265 290 291 292 302 326 327 420 421 422 423 460 462 479 480 553 554 555 556 572 575 576 634 636 687 706 726 728 786 790 825 826 827 942 950 992 994 996 1079 1080 1189 1191 1286 1394 1398 1420 1421 1422 1509 1513 1676 1678 1824 1894 1896 1951 1952 2022 2056 2057 2179 2255 2465 2905 2985 3027 3045 3087 3088 3107 3124 3125 3135 3171 3205 3233 3251 
48 49 53 58 59 60 66 80 81 133 134 139 147 168 178 179 180 244 290 291 292 326 390 420 421 422 423 429 477 478 553 554 555 556 572 573 574 689 706 788 790 825 826 827 946 947 950 992 994 996 1284 1286 1396 1398 1420 1421 1422 1824 1951 1954 2022 2056 2059 2465 2905 2985 3029 3045 3092 3124 3173 
48 49 53 59 60 61 62 66 80 81 133 134 139 147 148 149 165 166 167 178 179 180 244 265 290 291 292 326 327 390 420 421 422 423 479 480 553 554 555 556 573 574 575 576 687 706 786 787 788 789 825 826 827 942 945 947 949 992 994 996 1283 1284 1285 1394 1395 1396 1397 1420 1421 1422 1824 1951 1952 2022 2056 2057 2465 2905 2963 2985 3027 3045 3087 3088 3124 3125 3171 
47 48 49 58 60 61 62 66 76 78 80 133 134 139 147 148 149 165 166 168 178 179 181 182 183 185 244 265 277 278 280 290 291 326 327 422 423 436 437 439 478 480 552 555 556 564 565 567 572 574 576 687 688 706 707 708 710 711 786 787 790 825 826 828 829 830 832 942 945 950 992 994 999 1000 1002 1006 1151 1283 1286 1316 1317 1318 1320 1394 1395 1398 1420 1421 1423 1424 1425 1427 1824 1833 1834 1835 1836 1837 1838 1839 1840 1947 1951 1952 1953 1993 2022 2023 2056 2057 2058 2094 2369 2447 2465 2905 2969 2973 2985 3017 3023 3027 3028 3045 3079 3087 3088 3089 3090 3104 3120 3124 3125 3126 3165 3166 3167 3171 3172 3193 3194 
47 48 49 53 58 61 62 66 76 78 80 97 98 99 134 140 146 148 149 165 168 178 179 181 182 183 185 211 213 244 265 277 278 280 290 291 302 327 328 422 423 436 437 439 460 462 476 479 480 552 555 556 564 565 567 572 575 576 634 636 687 706 707 708 710 711 726 728 786 790 825 826 828 829 830 832 942 950 992 994 999 1000 1002 1006 1079 1080 1151 1189 1191 1286 1316 1317 1318 1320 1394 1398 1420 1421 1423 1424 1425 1427 1509 1513 1676 1678 1824 1833 1834 1835 1836 1837 1838 1839 1840 1894 1896 1947 1951 1952 1993 2022 2023 2056 2057 2094 2179 2255 2369 2447 2465 2905 2969 2973 2985 3017 3023 3027 3044 3045 3079 3087 3088 3104 3107 3120 3124 3125 3135 3165 3166 3167 3171 3193 3194 3205 3233 3251 
47 48 49 58 61 62 66 76 78 80 134 146 147 148 149 165 168 178 179 181 182 183 185 244 265 277 278 280 290 291 326 327 422 423 436 437 439 479 480 552 555 556 564 565 567 572 575 576 687 706 707 708 710 711 786 790 825 826 828 829 830 832 942 950 992 994 999 1000 1002 1006 1151 1286 1316 1317 1318 1320 1394 1398 1420 1421 1423 1424 1425 1427 1824 1833 1834 1835 1836 1837 1838 1839 1840 1947 1951 1952 1993 2022 2023 2056 2057 2094 2369 2447 2465 2905 2969 2973 2985 3017 3023 3027 3045 3079 3087 3088 3104 3120 3124 3125 3165 3166 3167 3171 3193 3194 
48 49 53 58 60 61 62 66 80 81 133 134 139 148 149 165 166 178 179 180 244 265 290 291 292 327 390 420 421 422 423 480 553 554 555 556 576 687 688 690 706 786 787 788 825 826 827 942 945 947 992 994 996 1283 1284 1394 1395 1396 1420 1421 1422 1773 1774 1778 1824 1951 1952 1954 1955 2022 2056 2057 2060 2465 2905 2965 2966 2985 3027 3029 3030 3045 3087 3088 3091 3093 3094 3124 3125 3127 3128 3171 3173 3174 
48 49 53 59 61 62 66 80 81 97 98 99 133 134 140 146 147 148 149 165 167 178 179 180 211 213 244 265 290 291 292 302 327 329 420 421 422 423 460 462 477 479 480 553 554 555 556 573 575 576 634 636 687 706 726 728 786 789 825 826 827 942 949 992 994 996 1079 1080 1189 1191 1285 1394 1397 1420 1421 1422 1509 1513 1676 1678 1824 1894 1896 1951 1952 1955 2022 2056 2057 2060 2179 2255 2465 2905 2966 2985 3027 3030 3045 3087 3088 3093 3094 3107 3124 3125 3128 3135 3171 3174 3205 3233 3251 
48 49 53 58 61 62 80 81 97 98 99 133 134 140 146 148 149 165 168 178 179 180 211 213 244 265 290 291 292 302 327 328 420 421 422 423 460 462 476 479 480 553 554 555 556 572 575 576 634 636 687 706 726 728 786 790 825 826 827 942 950 992 994 996 1079 1080 1189 1191 1286 1394 1398 1420 1421 1422 1509 1513 1676 1678 1824 1894 1896 1951 1952 2022 2056 2057 2179 2255 2465 2905 2985 3027 3045 3087 3088 3107 3124 3125 3135 3171 3205 3233 3251 
48 49 53 58 59 60 66 80 81 133 134 139 146 168 178 179 180 244 290 291 292 328 390 420 421 422 423 429 476 477 478 553 554 555 556 572 573 574 689 706 788 790 825 826 827 946 947 950 992 994 996 1284 1286 1396 1398 1420 1421 1422 1824 1951 1954 2022 2056 2059 2465 2905 2985 3029 3045 3092 3124 3173 
47 61 62 66 76 78 133 146 148 149 165 182 183 185 265 277 278 280 326 327 331 436 437 439 479 480 552 564 565 567 575 576 687 708 710 711 786 829 830 832 942 1000 1002 1006 1317 1318 1320 1394 1424 1425 1427 1838 1839 1840 1947 1952 2057 2969 3023 3027 3079 3087 3088 3120 3125 3167 3171 
47 58 60 61 62 66 76 78 133 139 146 147 148 149 165 168 182 183 185 265 277 278 280 327 328 329 330 390 436 437 439 476 477 478 479 480 552 564 565 567 572 573 574 575 576 687 689 690 708 710 711 786 788 790 829 830 832 942 947 950 1000 1002 1006 1284 1286 1317 1318 1320 1394 1396 1398 1424 1425 1427 1778 1838 1839 1840 1947 1952 1954 2057 2965 2969 3023 3027 3029 3079 3087 3088 3091 3120 3125 3127 3167 3171 3173 
48 49 53 58 61 62 66 80 81 133 134 146 148 149 165 168 178 179 180 244 265 290 291 292 327 328 420 421 422 423 476 479 480 553 554 555 556 572 575 576 687 706 786 790 825 826 827 942 950 992 994 996 1286 1394 1398 1420 1421 1422 1824 1951 1952 2022 2056 2057 2465 2905 2985 3027 3045 3087 3088 3124 3125 3171 
53 61 62 66 146 148 149 165 265 326 327 331 479 480 575 576 687 786 942 1394 1952 2057 3027 3087 3088 3125 3171 
50 53 58 61 62 66 68 116 147 148 149 164 165 168 230 264 265 326 327 398 399 428 479 480 558 572 573 574 575 576 686 687 688 689 690 786 790 942 950 1286 1394 1398 1768 1769 1770 1771 1772 1952 2017 2057 2967 3016 3027 3087 3088 3103 3125 3171 3179 3209 3239 
53 61 62 97 98 99 140 146 147 148 149 165 211 213 265 302 326 327 460 462 479 480 575 576 634 636 687 726 728 786 942 1079 1080 1189 1191 1394 1509 1513 1676 1678 1894 1896 1952 2057 2179 2255 3027 3087 3088 3107 3125 3135 3171 3205 3233 3251 
47 61 62 66 76 78 133 146 147 148 149 165 182 183 185 265 277 278 280 326 327 436 437 439 479 480 552 564 565 567 575 576 687 708 710 711 786 829 830 832 942 1000 1002 1006 1317 1318 1320 1394 1424 1425 1427 1838 1839 1840 1947 1952 2057 2969 3023 3027 3079 3087 3088 3120 3125 3167 3171 
54 118 203 232 335 401 402 483 577 748 2156 2589 2691 2831 2832 2877 2878 
52 67 69 129 130 151 236 348 411 491 546 583 743 1071 1350 1388 2028 2380 2498 2877 3041 3067 3116 
54 118 227 920 2498 2877 
53 59 60 66 139 146 147 326 390 429 477 478 573 574 689 788 946 947 1284 1396 1954 2059 3029 3092 3173 
