66 69 84 86 87 88 90 91 92 93 94 140 144 151 192 194 195 196 197 198 199 200 201 202 300 304 319 321 348 441 447 448 449 450 451 464 471 472 473 474 494 584 624 625 627 639 640 641 642 717 718 719 720 721 730 731 732 733 836 1017 1018 1021 1022 1023 1024 1025 1026 1027 1124 1157 1159 1161 1162 1163 1164 1165 1166 1167 1168 1169 1441 1444 1446 1448 1450 1453 1454 1455 1456 1459 1460 1462 1463 1606 1609 1646 1648 1649 1651 1652 1653 1654 1655 1656 1849 1851 1855 1856 1857 1858 1859 1860 1861 1862 1864 2025 2115 2116 2118 2123 2124 2125 2128 2133 2134 2135 2139 2140 2143 2144 2258 2294 2295 2296 2297 2302 2303 2304 2305 2373 2374 2375 2421 2474 2487 2488 2489 2555 2556 2561 2562 2563 2564 2610 2644 2662 2663 2666 2667 2668 2762 2780 2802 2807 2842 2871 2873 2885 2896 2926 2928 2997 3001 3037 3056 3058 3148 3152 3187 3219 3221 3263 3264 3267 3284 3286 3297 3299 3324 3328 3340 3353 3355 3371 3388 3392 3405 3413 3435 3440 3441 3450 3451 3463 3476 3480 3486 3487 3493 3497 3506 3508 3510 3511 
66 75 103 104 140 186 206 277 358 436 496 505 506 564 647 648 755 756 833 1008 1072 1073 1074 1184 1321 1428 1499 1671 1889 1946 2157 2158 2159 2160 2381 2499 2615 2717 2861 2862 2906 2984 3043 3073 3119 
47 53 75 76 78 133 134 138 182 185 244 270 278 294 297 419 439 552 565 567 708 711 829 832 1000 1001 1006 1007 1317 1320 1424 1427 1946 1947 1950 2051 2052 2972 2984 3023 3026 3042 3043 3073 3079 3085 3119 3123 3167 3170 
47 53 75 76 78 133 134 138 182 185 244 270 277 278 294 297 419 436 439 552 564 565 567 708 711 829 832 833 1000 1001 1006 1007 1008 1317 1320 1424 1427 1428 1946 1947 1950 2051 2052 2972 2984 3023 3026 3042 3043 3073 3079 3085 3119 3123 3167 3170 
47 53 75 76 78 133 134 138 182 185 186 244 270 278 294 297 419 439 552 565 567 708 711 829 832 1000 1001 1006 1007 1317 1320 1321 1424 1427 1428 1946 1947 1950 2051 2052 2972 2984 3023 3026 3042 3043 3073 3079 3085 3119 3123 3167 3170 
47 53 75 76 78 133 134 138 182 185 186 244 270 278 294 297 298 419 439 552 565 567 708 711 829 832 1000 1001 1006 1007 1008 1317 1320 1321 1424 1427 1428 1946 1947 1950 2051 2052 2972 2984 3023 3026 3042 3043 3073 3079 3085 3119 3123 3167 3170 
47 53 75 76 78 133 134 138 182 185 244 270 277 278 294 297 419 436 439 552 564 565 567 708 711 829 832 833 1000 1001 1006 1007 1008 1009 1317 1320 1321 1424 1427 1428 1946 1947 1950 2051 2052 2972 2984 3023 3026 3042 3043 3073 3079 3085 3119 3123 3167 3170 
47 53 75 76 78 133 134 138 182 185 186 244 270 278 294 297 298 419 439 552 565 567 708 711 829 832 833 1000 1001 1006 1007 1008 1317 1320 1321 1424 1427 1428 1946 1947 1950 2051 2052 2972 2984 3023 3026 3042 3043 3073 3079 3085 3119 3123 3167 3170 
47 53 75 76 78 133 134 138 182 185 186 244 270 277 278 294 297 298 419 439 552 564 565 567 708 711 829 832 833 1000 1001 1006 1007 1008 1317 1320 1321 1424 1427 1428 1946 1947 1950 2051 2052 2972 2984 3023 3026 3042 3043 3073 3079 3085 3119 3123 3167 3170 
47 53 75 76 78 133 134 138 182 185 186 244 270 278 294 297 298 419 436 439 552 564 565 567 708 711 829 832 833 1000 1001 1006 1007 1008 1317 1320 1321 1424 1427 1428 1946 1947 1950 2051 2052 2972 2984 3023 3026 3042 3043 3073 3079 3085 3119 3123 3167 3170 
53 62 66 78 104 138 148 149 183 206 270 295 327 439 480 505 567 576 647 686 755 830 952 953 1002 1003 1184 1275 1318 1425 1499 1671 1833 1889 2017 2067 2086 2157 2348 2445 2499 2688 2826 2827 2828 2876 3016 3070 3190 
47 53 76 78 133 134 138 182 185 186 244 270 277 278 294 297 419 436 439 552 564 565 567 708 711 829 832 833 1000 1001 1006 1007 1008 1009 1317 1320 1321 1424 1427 1428 1946 1947 1950 2051 2052 2972 2984 3023 3026 3042 3043 3073 3079 3085 3119 3123 3167 3170 
47 53 58 59 78 97 133 134 138 140 146 147 167 182 213 244 270 294 302 326 328 329 345 419 439 460 461 476 477 552 567 572 573 634 635 690 708 726 727 789 829 949 1000 1001 1080 1190 1191 1285 1317 1397 1424 1511 1512 1513 1677 1678 1895 1896 1947 1955 2052 2060 2256 3023 3030 3079 3093 3094 3108 3128 3136 3167 3174 3206 3234 3252 
47 53 78 97 99 100 102 103 133 134 138 140 182 207 212 213 244 270 294 302 340 345 358 419 439 460 461 496 502 552 567 634 635 644 646 708 726 727 752 754 829 1000 1001 1075 1076 1077 1078 1079 1080 1185 1190 1191 1317 1424 1501 1511 1512 1513 1610 1677 1678 1890 1895 1896 1897 1947 2052 2169 2170 2171 2172 2173 2256 2320 2382 2506 2695 3023 3079 3108 3109 3132 3136 3167 3206 3210 3234 3247 3252 3278 
75 102 103 104 186 206 207 208 277 340 436 496 503 505 506 564 645 646 647 648 753 754 755 756 833 1008 1072 1073 1074 1075 1184 1185 1186 1321 1428 1499 1501 1503 1610 1671 1673 1889 1890 1891 1897 1946 2061 2157 2158 2159 2160 2320 2381 2499 2506 2615 2695 2717 2861 2862 2906 2984 3043 3073 3119 3199 3210 3247 3278 3279 
47 53 78 97 98 99 133 134 138 140 182 211 212 213 244 270 294 302 345 419 439 460 461 462 552 567 634 635 636 708 726 727 728 829 1000 1001 1189 1190 1191 1317 1424 1509 1511 1512 1513 1676 1677 1678 1894 1895 1896 1947 2052 2179 2255 2256 2451 2452 3023 3079 3108 3135 3136 3167 3205 3206 3207 3234 3251 3252 
75 91 93 94 97 98 102 103 104 186 187 206 212 277 302 358 436 451 461 496 505 506 564 627 635 647 648 721 727 755 756 833 1008 1011 1012 1014 1072 1073 1074 1075 1080 1152 1184 1190 1321 1428 1430 1499 1512 1641 1671 1677 1844 1889 1895 1946 2096 2097 2098 2099 2157 2158 2159 2160 2256 2370 2381 2471 2499 2597 2615 2707 2717 2861 2862 2894 2906 2974 2984 3018 3043 3073 3108 3119 3136 3206 3234 3252 
75 91 93 94 98 102 103 104 186 187 206 212 277 302 358 436 451 460 461 496 505 506 564 627 634 635 647 648 721 726 727 755 756 833 1008 1011 1012 1014 1072 1073 1074 1075 1080 1152 1184 1190 1321 1428 1430 1499 1512 1641 1671 1677 1844 1889 1895 1946 2096 2097 2098 2099 2157 2158 2159 2160 2256 2370 2381 2471 2499 2597 2615 2707 2717 2861 2862 2894 2906 2974 2984 3018 3043 3073 3108 3119 3136 3206 3234 3252 
53 62 66 75 104 148 149 186 206 277 327 436 480 505 564 576 647 686 755 833 952 953 1008 1184 1275 1321 1428 1499 1671 1833 1889 2017 2067 2086 2157 2348 2445 2499 2688 2826 2827 2828 2876 3016 3070 3190 
66 75 97 102 105 140 186 205 213 277 358 436 460 496 505 506 564 634 647 648 726 755 756 833 1008 1072 1073 1075 1183 1191 1321 1428 1497 1513 1670 1678 1888 1896 1946 2157 2158 2159 2160 2169 2381 2499 2615 2717 2861 2862 2906 2984 3043 3073 3119 
75 104 105 186 206 277 436 505 564 647 755 833 1008 1072 1073 1184 1321 1428 1499 1671 1889 1946 2157 2158 2159 2160 2381 2499 2615 2717 2861 2862 2906 2984 3043 3073 3119 
47 53 75 76 78 102 104 105 133 134 138 182 185 206 244 270 278 294 297 419 439 505 552 565 567 647 708 711 755 829 832 1000 1001 1006 1007 1072 1073 1075 1184 1317 1320 1424 1427 1499 1671 1889 1947 1950 2052 2157 2158 2159 2160 2381 2499 2615 2717 2861 2862 2906 2972 3023 3026 3079 3085 3123 3167 3170 
47 53 76 78 102 104 105 133 134 138 182 185 206 244 270 277 278 294 297 419 436 439 505 552 564 565 567 647 708 711 755 829 832 1000 1001 1006 1007 1072 1073 1075 1184 1317 1320 1424 1427 1499 1671 1889 1947 1950 2052 2157 2158 2159 2160 2381 2499 2615 2717 2861 2862 2906 2972 3023 3026 3079 3085 3123 3167 3170 
75 102 104 105 186 206 277 436 505 564 647 755 833 1008 1072 1073 1075 1184 1321 1428 1499 1671 1889 1946 2157 2158 2159 2160 2381 2499 2615 2717 2861 2862 2906 2984 3043 3073 3119 
75 76 102 103 104 138 140 185 186 206 277 278 297 358 436 496 505 506 564 565 647 648 711 755 756 832 833 1006 1007 1008 1072 1073 1074 1075 1184 1320 1321 1427 1428 1499 1671 1889 1946 1950 2157 2158 2159 2160 2381 2499 2615 2717 2861 2862 2906 2972 2984 3026 3043 3073 3085 3119 3123 3170 
102 104 105 215 505 647 755 940 941 1089 1090 1092 1213 1276 1534 1690 1909 2066 2192 2193 2194 2195 2349 2350 2385 2446 2523 2631 2692 2729 2848 2849 2850 2879 2891 2959 3013 3071 3072 3118 3162 
75 97 103 104 105 186 206 213 277 436 460 505 564 634 647 726 755 833 1008 1072 1073 1074 1184 1191 1321 1428 1499 1513 1671 1678 1889 1896 1946 2157 2158 2159 2160 2169 2381 2499 2615 2717 2861 2862 2906 2984 3043 3073 3119 
66 102 104 140 206 208 341 358 503 505 647 753 755 1184 1186 1192 1499 1503 1671 1889 1891 2167 2317 2319 2429 2502 2504 2621 2624 2722 2754 2755 3197 3198 3210 3248 3277 3278 3279 
66 75 97 102 103 104 105 140 186 205 213 277 358 436 460 496 506 564 634 648 726 756 833 1008 1072 1073 1074 1075 1183 1191 1321 1428 1497 1513 1670 1678 1888 1896 1946 2157 2158 2159 2160 2169 2381 2499 2615 2717 2861 2862 2906 2984 3043 3073 3119 
66 75 97 102 103 105 140 186 205 213 277 358 436 460 496 505 506 564 634 647 648 726 755 756 833 1008 1072 1073 1074 1075 1183 1191 1321 1428 1497 1513 1670 1678 1888 1896 1946 2157 2158 2159 2160 2169 2381 2499 2615 2717 2861 2862 2906 2984 3043 3073 3119 
47 53 66 75 77 78 133 134 138 182 183 186 244 277 278 294 419 436 437 552 564 565 708 709 710 711 829 830 833 1000 1001 1003 1008 1317 1318 1321 1424 1425 1428 1841 1842 1947 1948 2052 2970 3023 3024 3079 3080 3121 3167 3168 
47 53 66 75 77 133 134 138 182 183 186 244 270 277 278 294 295 419 436 437 439 552 564 565 567 708 709 710 711 829 830 833 1000 1001 1002 1008 1317 1321 1424 1425 1428 1841 1842 1947 1948 2052 2970 3023 3024 3079 3080 3121 3167 3168 
53 62 66 75 97 148 149 186 213 277 327 436 460 480 564 576 634 686 726 833 952 953 1008 1191 1275 1321 1428 1513 1678 1833 1896 2017 2067 2086 2169 2348 2445 2499 2688 2826 2827 2828 2876 3016 3070 3190 
66 87 97 99 100 101 106 140 194 209 210 211 213 302 304 317 343 344 460 462 463 464 502 634 640 644 726 728 729 731 752 1080 1159 1187 1188 1189 1191 1444 1506 1507 1509 1513 1674 1678 1851 1892 1893 1894 1896 2175 2179 2253 2255 2260 2449 2456 2476 2548 2646 2697 2756 2766 2767 2838 2844 2887 3107 3133 3135 3200 3201 3204 3231 3233 3249 3251 
47 53 66 75 76 78 133 134 182 185 186 244 270 277 278 294 297 419 436 439 552 564 565 567 708 711 829 832 833 1000 1001 1006 1007 1008 1317 1320 1321 1424 1427 1428 1947 1950 2052 2972 3023 3026 3079 3085 3123 3167 3170 
47 53 75 76 78 102 103 104 105 133 134 138 182 185 206 244 270 278 294 297 419 439 505 552 565 567 647 708 711 755 829 832 1000 1001 1006 1007 1072 1073 1074 1075 1184 1317 1320 1424 1427 1499 1671 1889 1947 1950 2052 2157 2158 2159 2160 2381 2499 2615 2717 2861 2862 2906 2972 3023 3026 3079 3085 3123 3167 3170 
47 53 75 76 78 133 134 138 182 185 186 244 270 277 278 294 297 419 436 439 552 564 565 567 708 711 829 832 833 1000 1001 1006 1007 1008 1317 1320 1321 1424 1427 1428 1947 1950 2052 2972 3023 3026 3079 3085 3123 3167 3170 
75 76 89 106 138 140 185 186 192 277 278 297 304 436 464 471 472 473 474 564 565 639 640 641 642 711 730 731 732 733 832 833 1006 1007 1008 1017 1018 1124 1157 1320 1321 1427 1428 1441 1446 1646 1849 1950 2115 2116 2258 2260 2456 2474 2476 2548 2644 2646 2697 2756 2762 2766 2767 2838 2842 2844 2885 2887 2972 3026 3085 3123 3170 
47 53 78 87 106 133 134 138 140 182 194 244 270 294 304 317 419 439 464 552 567 640 708 731 829 1000 1001 1159 1317 1424 1444 1851 1947 2052 2260 2456 2476 2548 2646 2697 2756 2766 2767 2838 2844 2887 3023 3079 3167 
66 102 103 104 140 206 207 208 340 341 358 503 504 505 647 753 754 755 1184 1185 1186 1499 1501 1503 1671 1889 1890 1891 2167 2317 2429 2502 2621 2754 3197 3210 3248 3277 3279 
47 66 78 80 134 138 181 182 244 270 294 419 439 552 553 567 708 828 829 999 1000 1001 1316 1317 1423 1424 1748 1834 1947 2023 2052 3017 3023 3077 3079 3104 3166 3167 3194 
66 87 89 106 140 192 304 464 471 473 474 639 641 642 730 732 733 1017 1018 1124 1157 1441 1446 1646 1849 2112 2115 2116 2258 2260 2456 2474 2476 2548 2644 2646 2697 2756 2762 2766 2767 2838 2842 2844 2885 2887 
66 87 89 140 192 194 304 464 471 472 473 474 639 640 641 642 730 731 732 733 1017 1018 1124 1157 1159 1441 1444 1446 1646 1648 1849 1851 2115 2116 2258 2474 2644 2762 2842 2885 
47 53 76 78 102 103 104 105 133 134 138 182 185 206 244 270 277 278 294 297 419 436 439 505 552 564 565 567 647 708 711 755 829 832 1000 1001 1006 1007 1072 1073 1074 1075 1184 1317 1320 1424 1427 1499 1671 1889 1947 1950 2052 2157 2158 2159 2160 2381 2499 2615 2717 2861 2862 2906 2972 3023 3026 3079 3085 3123 3167 3170 
97 98 101 209 212 213 460 502 634 644 726 752 1079 1080 1187 1190 1191 1506 1512 1513 1674 1677 1678 1892 1895 1896 2175 2177 2253 2254 2255 2256 2449 2450 2451 3108 3133 3134 3135 3136 3200 3201 3203 3205 3206 3231 3234 3249 3250 3251 3252 
75 102 103 104 105 186 206 277 436 505 564 647 755 833 1008 1072 1073 1074 1075 1184 1321 1428 1499 1671 1889 1946 2157 2158 2159 2160 2381 2499 2615 2717 2861 2862 2906 2984 3043 3073 3119 
47 53 78 91 93 94 97 98 133 134 138 140 182 187 212 244 270 294 302 419 439 451 461 552 567 627 635 708 721 727 829 1000 1001 1011 1012 1014 1080 1152 1190 1317 1424 1430 1512 1641 1677 1844 1895 1947 2052 2096 2097 2098 2099 2256 2370 2471 2597 2707 2894 2974 3018 3023 3079 3108 3136 3167 3206 3234 3252 
47 53 78 91 93 94 98 133 134 138 140 182 187 212 244 270 294 302 419 439 451 460 461 552 567 627 634 635 708 721 726 727 829 1000 1001 1011 1012 1014 1080 1152 1190 1317 1424 1430 1512 1641 1677 1844 1895 1947 2052 2096 2097 2098 2099 2256 2370 2471 2597 2707 2894 2974 3018 3023 3079 3108 3136 3167 3206 3234 3252 
52 54 67 69 117 127 128 129 130 145 150 151 204 235 236 337 347 354 391 410 411 484 485 490 491 545 546 578 582 583 643 744 748 860 861 1061 1340 1350 1388 1492 1884 2028 2156 2379 2380 2498 2588 2690 2829 2830 2877 2978 3040 3067 3116 
54 118 227 920 1350 1388 3040 3041 3067 3116 
52 67 69 91 105 127 128 150 153 235 272 347 363 380 407 431 443 487 501 518 527 532 542 560 579 590 592 619 658 665 713 765 772 853 854 855 868 869 1069 1070 1170 1251 1252 1338 1339 1348 1349 1473 1475 1496 1657 1714 1715 1869 1874 1883 1934 2145 2147 2156 2232 2497 2536 2588 2690 2829 2830 2877 2878 
52 67 69 117 118 127 128 129 130 145 150 151 203 204 227 232 235 236 335 337 347 354 391 402 410 411 485 490 491 545 546 577 582 583 643 744 748 860 861 920 1061 1071 1340 1350 1388 1492 1884 2028 2379 2978 3040 3067 3116 
94 97 103 104 105 195 215 222 451 460 505 627 634 647 721 726 755 940 941 1089 1090 1091 1161 1213 1220 1276 1448 1534 1548 1649 1690 1697 1855 1909 1916 2066 2119 2192 2193 2194 2195 2202 2349 2350 2385 2446 2523 2631 2692 2711 2729 2848 2849 2850 2879 2891 2959 3013 3071 3072 3118 3162 
53 58 62 146 147 148 149 327 328 476 480 572 576 675 679 940 941 1276 1749 1753 2015 2349 2350 2446 2879 2959 3013 3071 3072 3118 3162 
75 177 277 436 564 822 940 941 990 1276 1312 1419 1801 2066 2085 2349 2350 2446 2692 2848 2849 2850 2879 2891 2959 3013 3071 3072 3118 3162 
66 78 94 104 138 173 195 215 270 285 439 451 505 567 627 647 721 755 818 940 941 982 983 1161 1213 1276 1308 1415 1448 1534 1649 1690 1801 1855 1909 2066 2085 2119 2192 2349 2350 2446 2523 2692 2711 2848 2849 2850 2879 2891 2959 3013 3071 3072 3118 3162 
75 94 102 103 104 105 186 187 206 277 436 451 505 564 627 647 721 755 833 1008 1072 1073 1074 1075 1152 1184 1321 1428 1430 1499 1641 1671 1844 1889 1946 2096 2157 2158 2159 2160 2381 2499 2615 2699 2717 2861 2862 2906 2984 3043 3073 3119 
47 53 66 78 133 134 138 182 244 270 294 419 439 552 567 708 829 1000 1001 1317 1424 1947 2052 3023 3079 3167 
47 53 78 97 98 133 134 138 140 182 212 213 244 270 294 302 419 439 460 461 552 567 634 635 708 726 727 829 1000 1001 1080 1190 1191 1317 1424 1512 1513 1677 1678 1895 1896 1947 2052 2256 3023 3079 3108 3136 3167 3206 3234 3252 
69 86 87 89 97 98 151 192 212 213 302 304 348 460 461 464 471 473 474 494 584 634 635 639 641 642 726 727 730 732 733 835 1017 1018 1080 1124 1157 1190 1191 1441 1446 1512 1513 1604 1646 1677 1678 1849 1853 1895 1896 2024 2095 2115 2116 2256 2258 2260 2456 2474 2476 2644 2646 2762 2766 2767 2842 2844 2885 2887 3108 3136 3206 3234 3252 
89 97 98 106 192 212 213 302 304 460 461 464 471 472 473 474 634 635 639 640 641 642 726 727 730 731 732 733 1017 1018 1080 1124 1157 1190 1191 1441 1446 1512 1513 1646 1677 1678 1849 1895 1896 2115 2116 2256 2258 2260 2456 2474 2476 2548 2644 2646 2697 2756 2762 2766 2767 2838 2842 2844 2885 2887 3108 3136 3206 3234 3252 
53 62 97 98 140 148 149 212 213 302 327 460 461 480 576 634 635 675 726 727 940 941 1080 1190 1191 1276 1512 1513 1677 1678 1895 1896 2015 2256 2349 2446 2879 3072 3108 3118 3136 3162 3206 3234 3252 
53 62 75 76 138 148 149 185 186 277 278 297 327 436 480 564 565 576 675 701 711 832 833 940 941 1006 1007 1008 1276 1320 1321 1427 1428 1950 2015 2349 2446 2879 2972 3026 3072 3085 3118 3123 3162 3170 
87 89 106 192 194 317 471 473 474 639 640 641 642 730 731 732 733 1017 1018 1124 1157 1159 1441 1444 1446 1646 1849 1851 2115 2116 2258 2260 2456 2474 2476 2548 2644 2646 2697 2756 2762 2766 2767 2838 2842 2844 2885 2887 
54 118 203 232 335 401 402 483 577 748 2156 2588 2690 2829 2830 2877 2878 
54 117 145 336 748 749 920 2156 2498 2588 2690 2829 2830 2877 2878 
54 75 91 105 118 203 232 272 335 363 380 401 402 431 443 483 501 518 527 532 560 577 590 592 619 658 665 713 748 765 772 853 854 855 1170 1251 1252 1338 1339 1473 1475 1657 1714 1715 1869 1874 1934 2145 2147 2156 2232 2497 2536 2588 2690 2829 2830 2877 2878 
54 117 145 203 227 232 336 401 483 577 749 920 2498 2878 
52 67 69 117 118 127 128 129 130 145 150 151 203 204 227 232 235 236 335 337 347 354 391 402 410 411 485 490 491 545 546 577 582 583 643 744 748 860 861 920 1061 1340 1492 1884 2028 2380 2498 2878 
53 58 59 60 61 62 66 139 146 147 148 149 157 158 159 161 257 258 259 261 326 327 389 425 476 477 478 479 480 572 573 574 575 576 676 677 678 777 778 779 780 781 785 930 931 932 933 934 935 936 937 938 939 940 941 1139 1276 1277 1278 1279 1280 1281 1389 1390 1391 1392 1393 1749 1958 1959 1960 1961 1962 2016 2029 2030 2064 2265 2266 2267 2268 2349 2350 2398 2399 2446 2647 2648 2792 2793 2867 2879 2918 2959 2986 3013 3031 3048 3071 3072 3118 3138 3162 3211 3254 3289 3314 3349 3380 3409 3425 
53 62 87 106 140 148 149 194 304 317 327 464 480 576 640 675 731 940 941 1159 1276 1444 1851 2015 2260 2349 2446 2456 2476 2548 2646 2697 2756 2766 2767 2838 2844 2879 2887 3072 3118 3162 
50 71 136 692 953 1275 3070 3101 3161 3190 
50 68 116 160 228 260 394 395 426 557 680 784 940 941 1138 1276 2446 2879 3072 3118 3162 
68 71 116 135 162 163 164 230 231 263 264 397 399 400 427 558 671 681 914 1287 1399 2446 2879 3102 3178 3179 3208 3209 3237 3239 
3238 3239 
1 
7 
33 
35 
37 
96 
20 108 
54 118 227 920 2498 2878 
50 71 135 681 2446 2879 
52 54 67 69 118 127 128 129 130 150 151 227 235 236 347 354 410 411 490 491 545 546 582 583 744 860 861 920 1061 1340 1350 1388 1492 1884 2028 2379 2978 3040 3067 3116 
66 98 99 100 101 140 209 210 211 302 343 344 461 462 463 502 644 727 728 729 752 1079 1187 1188 1189 1506 1507 1509 1674 1892 1893 1894 2175 2253 2449 3133 3200 3201 3231 3249 
75 94 97 102 103 104 105 186 187 206 213 277 436 451 460 505 564 627 634 647 721 726 755 833 1008 1072 1073 1074 1075 1152 1184 1191 1321 1428 1430 1499 1513 1641 1671 1678 1844 1889 1896 1946 2096 2157 2158 2159 2160 2169 2381 2499 2615 2699 2717 2861 2862 2906 2984 3043 3073 3119 
66 98 99 100 101 102 103 104 140 206 207 208 209 210 211 302 340 341 343 344 358 461 462 463 502 503 504 505 644 647 727 728 729 752 753 754 755 1079 1184 1185 1186 1187 1188 1189 1499 1501 1503 1506 1507 1509 1671 1674 1889 1890 1891 1892 1893 1894 2167 2172 2317 2382 2429 2502 2621 2754 3132 3197 3277 
47 48 49 53 66 75 76 77 78 80 81 94 97 102 103 104 105 133 134 138 169 170 171 172 173 174 175 176 177 195 215 222 244 270 277 278 281 282 283 284 285 286 288 419 420 421 422 423 436 437 438 439 451 460 505 552 553 554 555 556 564 565 566 567 627 634 647 696 698 699 700 701 702 721 726 755 814 815 816 817 818 819 820 821 822 823 974 975 976 978 979 980 981 982 983 984 987 988 989 990 1089 1090 1091 1092 1147 1150 1161 1213 1220 1304 1306 1307 1308 1310 1311 1312 1411 1412 1413 1414 1415 1416 1417 1418 1419 1448 1534 1548 1603 1649 1690 1697 1795 1816 1817 1818 1855 1909 1916 1970 1971 1972 1973 1983 1984 1985 1986 1987 2019 2020 2021 2035 2039 2040 2119 2192 2193 2194 2195 2202 2284 2287 2385 2405 2406 2414 2415 2523 2631 2655 2660 2661 2711 2729 2796 2800 2801 2851 2852 2870 2892 2920 2921 2925 2950 2968 2990 2995 3034 3051 3055 3111 3141 3146 3184 3214 3218 3240 3257 3261 3283 3292 3296 3308 3317 3322 3345 3352 3364 3369 3385 3386 3399 3402 3412 3420 3431 3448 3449 3456 3466 3474 3485 3489 3492 3495 3498 3502 
