50 53 58 59 61 62 66 136 146 147 166 167 168 226 266 267 268 326 476 477 479 572 573 575 617 686 687 689 692 787 789 790 944 948 949 950 951 1285 1286 1395 1397 1398 1768 1769 1770 1771 1772 1953 1954 2017 2058 2059 2967 3016 3028 3029 3070 3089 3090 3091 3092 3126 3127 3161 3172 3173 3190 
53 59 87 88 99 100 115 139 140 146 147 193 194 210 302 304 316 326 390 429 453 463 472 473 477 478 573 574 636 637 640 641 689 728 729 731 732 788 946 1078 1158 1159 1188 1396 1442 1443 1444 1507 1647 1648 1675 1850 1851 1893 1954 2059 2117 2254 2259 2450 2455 2475 2645 2764 2765 2843 2886 3029 3091 3092 3127 3134 3173 3203 3250 
87 88 99 100 102 103 193 194 207 208 210 302 304 316 340 341 358 453 463 472 473 503 504 636 637 640 641 728 729 731 732 753 754 1078 1158 1159 1185 1186 1188 1192 1442 1443 1444 1501 1503 1507 1515 1647 1648 1675 1850 1851 1890 1891 1893 2117 2254 2259 2319 2450 2455 2475 2504 2645 2722 2755 2764 2765 2843 2886 3134 3198 3203 3247 3248 3250 3278 3279 
69 86 88 90 99 100 106 125 151 191 210 302 304 348 447 453 463 472 473 474 494 584 623 636 637 640 642 717 728 729 731 732 733 835 1016 1017 1018 1078 1156 1188 1439 1446 1507 1604 1645 1675 1848 1853 1893 2024 2095 2112 2113 2114 2254 2257 2258 2260 2450 2454 2456 2473 2548 2643 2644 2646 2696 2760 2762 2763 2766 2767 2838 2841 2842 2844 2884 2885 2887 3134 3203 3250 
87 88 90 99 100 191 194 210 302 304 447 453 463 472 473 474 623 636 637 640 642 717 728 729 731 732 733 1016 1017 1078 1156 1159 1188 1439 1444 1507 1645 1648 1675 1848 1851 1893 2112 2113 2114 2254 2257 2258 2450 2454 2473 2643 2644 2760 2762 2763 2841 2842 2884 2885 3134 3203 3250 
53 60 61 87 88 99 100 139 140 146 147 166 193 194 210 266 302 304 316 326 453 463 472 473 478 479 574 575 636 637 640 641 688 728 729 731 732 787 944 1078 1158 1159 1188 1395 1442 1443 1444 1507 1647 1648 1675 1850 1851 1893 1953 2058 2117 2254 2259 2450 2455 2475 2645 2764 2765 2843 2886 3028 3089 3090 3126 3134 3172 3203 3250 
53 59 69 86 87 88 106 115 125 139 140 146 147 151 193 304 326 348 390 429 473 477 478 494 573 574 584 641 689 732 788 835 946 1018 1158 1396 1443 1446 1604 1647 1850 1853 1954 2024 2059 2095 2117 2259 2260 2456 2475 2548 2645 2646 2696 2764 2766 2767 2838 2843 2844 2886 2887 3029 3091 3092 3127 3173 
53 60 61 69 86 87 88 106 125 139 140 146 147 151 166 193 266 304 326 348 473 478 479 494 574 575 584 641 688 732 787 835 944 1018 1158 1395 1443 1446 1604 1647 1850 1853 1953 2024 2058 2095 2117 2259 2260 2456 2475 2548 2645 2646 2696 2764 2766 2767 2838 2843 2844 2886 2887 3028 3089 3090 3126 3172 
53 59 87 90 91 92 115 139 140 146 147 189 191 194 300 312 326 390 429 441 447 472 474 477 478 573 574 623 625 640 642 689 717 719 731 733 788 946 1016 1018 1154 1156 1159 1160 1396 1434 1439 1444 1447 1645 1648 1846 1848 1851 1954 2059 2109 2112 2113 2114 2257 2292 2371 2473 2481 2643 2705 2759 2760 2778 2841 2882 2884 2893 2957 3011 3029 3091 3092 3127 3173 
53 59 87 90 115 139 140 146 147 191 194 304 326 390 429 447 472 473 474 477 478 573 574 623 640 641 642 689 717 731 732 733 788 946 1016 1017 1018 1156 1159 1396 1439 1444 1645 1648 1848 1851 1954 2059 2112 2113 2114 2257 2473 2643 2760 2841 2884 3029 3091 3092 3127 3173 
53 60 61 87 90 139 140 146 147 166 191 194 266 304 326 447 472 473 474 478 479 574 575 623 640 641 642 688 717 731 732 733 787 944 1016 1017 1018 1156 1159 1395 1439 1444 1645 1648 1848 1851 1953 2058 2112 2113 2114 2257 2473 2643 2760 2841 2884 3028 3089 3090 3126 3172 
87 90 191 194 447 472 474 623 640 642 717 731 733 1016 1018 1156 1159 1439 1444 1645 1648 1848 1851 2112 2113 2114 2257 2258 2454 2473 2643 2644 2760 2762 2763 2841 2842 2884 2885 
50 53 58 59 60 61 62 66 136 139 146 147 167 168 226 267 268 326 476 477 478 572 573 574 617 686 687 688 689 692 789 790 948 949 950 951 1285 1286 1397 1398 1768 1769 1770 1771 1772 1953 1954 2017 2058 2059 2967 3016 3028 3029 3070 3089 3090 3091 3092 3126 3127 3161 3172 3173 3190 
53 59 60 61 66 139 146 147 166 266 326 390 477 479 573 575 688 689 787 788 944 947 1284 1395 1396 1953 1954 2058 2059 3028 3029 3089 3090 3091 3092 3126 3127 3172 3173 
49 53 58 60 61 66 133 134 139 146 166 168 244 266 328 423 476 478 479 556 572 574 575 688 703 787 790 944 951 1286 1395 1398 1951 1953 2022 2056 2058 2465 2905 2985 3028 3044 3045 3086 3089 3090 3124 3126 3172 
49 53 58 60 61 66 133 134 139 147 166 168 244 266 326 423 478 479 556 572 574 575 688 703 787 790 944 951 1286 1395 1398 1951 1953 2022 2056 2058 2465 2905 2985 3028 3044 3045 3086 3089 3090 3124 3126 3172 
49 50 53 58 59 60 62 66 68 71 116 133 134 135 139 146 147 148 149 155 156 157 158 159 160 161 166 225 228 229 244 256 257 258 259 260 261 266 326 327 389 393 395 403 404 423 424 425 476 477 478 479 480 556 557 572 573 574 575 576 601 615 616 669 670 676 677 678 682 683 684 688 694 777 778 779 780 781 782 783 784 785 787 921 922 923 930 932 933 934 935 936 937 938 939 944 1134 1136 1137 1139 1278 1279 1280 1281 1371 1389 1390 1391 1392 1393 1395 1596 1598 1953 1956 1957 1958 1959 1960 1961 1962 2016 2018 2029 2030 2058 2261 2262 2263 2264 2265 2266 2267 2395 2396 2398 2399 2464 2549 2550 2647 2648 2742 2744 2790 2791 2792 2793 2865 2866 2867 2891 2918 2937 2938 2948 2949 2960 2961 2962 2986 3014 3015 3028 3031 3046 3048 3089 3090 3099 3100 3126 3130 3131 3138 3172 3182 3211 3254 3289 3313 3314 3336 3349 3380 3396 3409 3425 3445 3453 3465 3473 3484 3490 3496 3499 3503 
66 102 103 104 140 206 207 302 339 340 358 453 459 460 461 462 463 502 503 504 506 633 635 644 726 727 728 729 752 753 754 756 877 1074 1075 1087 1184 1185 1192 1193 1194 1195 1196 1197 1198 1199 1200 1201 1499 1501 1515 1520 1522 1523 1611 1612 1614 1681 1682 1728 1729 1731 1889 1890 1900 1901 1902 2001 2002 2168 2186 2318 2319 2322 2430 2432 2503 2504 2514 2570 2622 2623 2721 2722 2723 2727 2755 2784 2814 2837 2908 2909 2944 2979 3021 3095 3198 3246 3247 3277 3278 
66 97 98 100 101 103 104 105 140 205 206 208 209 338 339 341 358 502 503 505 506 644 752 753 755 756 1074 1075 1076 1077 1079 1080 1183 1184 1186 1187 1497 1499 1503 1505 1674 1888 1889 1891 1892 2165 2168 2169 2170 2171 2172 2173 2316 2318 2382 2428 2430 2503 2618 2622 2623 2719 2721 2783 2784 2836 2837 3109 3132 3196 3210 3245 3246 3248 3276 3277 3279 
66 97 98 101 102 140 208 209 302 341 358 453 459 460 461 462 463 502 504 505 506 633 635 644 726 727 728 729 752 754 755 756 877 1076 1079 1080 1087 1186 1187 1193 1194 1195 1196 1197 1198 1199 1200 1201 1503 1505 1520 1522 1523 1612 1613 1614 1674 1681 1682 1729 1730 1731 1891 1892 1900 1901 1902 2001 2002 2169 2170 2171 2172 2173 2186 2321 2382 2431 2514 2570 2723 2727 2814 2908 2909 2944 2979 3021 3095 3109 3132 3210 3248 3279 
66 75 98 100 101 102 103 105 138 140 186 205 206 209 270 298 338 339 358 436 502 505 506 564 644 752 755 756 833 1008 1073 1074 1075 1076 1077 1079 1183 1184 1187 1428 1497 1499 1505 1674 1888 1889 1892 1946 2051 2158 2168 2169 2170 2171 2172 2173 2318 2381 2382 2430 2503 2622 2623 2717 2721 2784 2837 2906 2984 3042 3043 3073 3109 3119 3132 3210 3246 3277 
66 75 97 98 101 102 104 105 138 140 186 205 206 209 270 298 338 339 358 436 502 505 506 564 644 752 755 756 833 1008 1075 1076 1079 1080 1183 1184 1187 1428 1497 1499 1505 1674 1888 1889 1892 1946 2051 2159 2168 2169 2170 2171 2172 2173 2318 2381 2382 2430 2503 2622 2623 2717 2721 2784 2837 2906 2984 3042 3043 3073 3109 3119 3132 3210 3246 3277 
66 87 88 97 98 101 103 104 140 193 194 206 207 209 304 339 340 358 472 473 502 504 505 640 641 644 731 732 752 754 755 1018 1074 1076 1079 1080 1158 1159 1184 1185 1187 1443 1444 1499 1501 1505 1610 1647 1648 1674 1850 1851 1889 1890 1892 1897 2117 2168 2169 2170 2171 2172 2173 2259 2318 2320 2382 2430 2475 2503 2506 2507 2622 2623 2625 2645 2695 2721 2764 2784 2837 2843 2886 3109 3132 3198 3210 3246 3247 3277 3278 
66 97 98 99 100 102 103 104 140 206 211 302 339 344 358 462 502 505 644 728 752 755 1074 1075 1076 1077 1078 1079 1080 1184 1189 1499 1509 1510 1676 1889 1894 2168 2169 2170 2171 2172 2173 2174 2253 2254 2318 2382 2430 2449 2450 2503 2622 2623 2721 2784 2837 3109 3132 3133 3134 3200 3201 3203 3210 3231 3246 3249 3250 3277 
66 102 103 104 105 140 205 206 207 208 338 339 340 341 358 503 504 505 506 753 754 755 756 1183 1184 1185 1186 1497 1499 1501 1503 1888 1889 1890 1891 2163 2315 2427 2500 2616 2617 2718 2753 3196 3245 3248 3276 3279 
66 75 97 98 101 103 104 105 138 140 186 205 206 207 208 209 270 298 338 339 340 341 358 436 502 503 504 505 506 564 644 752 753 754 755 756 833 1008 1075 1076 1079 1080 1183 1184 1185 1186 1187 1428 1497 1499 1501 1503 1505 1674 1888 1889 1890 1891 1892 1946 2051 2160 2169 2170 2171 2172 2173 2381 2382 2717 2906 2984 3042 3043 3073 3109 3119 3132 3210 3248 3279 
66 97 98 101 102 103 104 140 206 209 339 358 502 505 644 752 755 1074 1075 1076 1079 1080 1184 1187 1499 1505 1674 1889 1892 2168 2169 2170 2171 2172 2173 2318 2382 2430 2503 2622 2623 2721 2784 2837 3109 3132 3196 3245 3246 3276 3277 
97 98 101 102 208 209 341 496 502 503 644 645 752 753 1076 1079 1080 1186 1187 1503 1505 1674 1891 1892 2169 2170 2171 2172 2173 2382 3109 3132 3196 3245 3248 3276 3279 
66 97 98 101 102 140 208 209 341 358 502 503 644 752 753 1075 1076 1079 1080 1186 1187 1192 1503 1505 1515 1610 1674 1891 1892 2169 2170 2171 2172 2173 2319 2320 2382 2504 2506 2625 2695 2722 2755 3109 3132 3198 3247 3248 3278 3279 
69 86 89 90 106 125 151 191 192 348 447 472 474 494 584 623 640 642 717 731 733 835 1016 1018 1156 1157 1439 1441 1446 1604 1645 1646 1848 1849 1853 2024 2095 2112 2113 2114 2257 2258 2260 2454 2456 2473 2548 2643 2644 2646 2696 2760 2762 2763 2766 2767 2838 2841 2842 2844 2884 2885 2887 
67 78 137 275 383 434 535 563 595 845 846 1071 1330 1331 1350 1388 1469 1869 2145 2156 2379 2380 2498 2589 2716 2856 2857 2878 2904 2943 2978 3040 3041 3067 3116 
69 86 87 88 89 106 125 151 192 193 348 474 494 584 642 733 835 1017 1018 1157 1158 1441 1443 1446 1604 1646 1647 1849 1850 1853 2024 2095 2117 2258 2259 2260 2454 2455 2456 2475 2548 2644 2645 2646 2696 2762 2763 2764 2766 2767 2838 2842 2843 2844 2885 2886 2887 
66 75 102 104 105 138 140 186 205 206 208 270 298 338 339 341 358 436 503 505 506 564 753 755 756 833 1008 1075 1183 1184 1186 1192 1428 1497 1499 1503 1515 1888 1889 1891 1946 2051 2159 2166 2167 2317 2319 2381 2429 2504 2620 2717 2720 2722 2754 2755 2906 2984 3042 3043 3073 3119 3197 3198 3210 3247 3248 3277 3278 3279 
66 97 98 99 100 101 102 140 208 211 302 341 344 358 462 503 728 753 1076 1077 1078 1079 1080 1186 1189 1503 1509 1510 1676 1891 1894 2169 2170 2171 2172 2173 2174 2253 2254 2382 2449 2450 3109 3132 3133 3134 3200 3201 3203 3210 3231 3248 3249 3250 3279 
66 97 100 101 102 140 208 209 302 341 358 453 461 502 503 635 644 727 752 753 1076 1077 1079 1080 1186 1187 1503 1505 1674 1891 1892 2169 2170 2171 2172 2173 2382 3109 3132 3210 3248 3279 
87 88 97 98 101 103 193 194 207 208 209 304 340 341 358 472 473 502 503 504 640 641 644 731 732 752 753 754 1018 1075 1076 1079 1080 1158 1159 1185 1186 1187 1443 1444 1501 1503 1505 1610 1647 1648 1674 1850 1851 1890 1891 1892 1897 2117 2169 2170 2171 2172 2173 2259 2320 2382 2475 2506 2507 2625 2645 2695 2764 2843 2886 3109 3132 3198 3210 3247 3248 3278 3279 
53 59 61 66 146 147 166 266 326 390 429 477 478 479 573 574 575 688 689 787 788 944 946 1395 1396 1953 1954 2058 2059 3028 3029 3089 3090 3091 3092 3126 3127 3172 3173 
47 60 61 66 75 78 133 138 139 146 147 166 182 183 266 278 280 326 437 439 478 479 552 565 567 574 575 688 708 710 711 787 829 830 944 1000 1002 1317 1318 1395 1424 1425 1838 1839 1840 1947 1953 2058 2969 3023 3028 3079 3089 3090 3120 3126 3167 3172 
66 97 98 99 100 102 140 208 211 302 341 344 358 462 502 503 644 728 752 753 1076 1077 1078 1079 1080 1186 1189 1503 1509 1510 1676 1891 1894 2169 2170 2171 2172 2173 2174 2253 2254 2382 2449 2450 3109 3132 3133 3134 3200 3201 3203 3210 3231 3248 3249 3250 3279 
97 98 100 101 102 103 104 206 207 209 339 502 504 505 644 646 752 754 755 1074 1075 1076 1077 1079 1080 1184 1185 1187 1499 1501 1505 1610 1672 1674 1889 1890 1892 2168 2169 2170 2171 2172 2173 2318 2320 2382 2430 2503 2506 2622 2623 2625 2695 2721 2784 2837 3109 3132 3198 3210 3246 3247 3277 3278 
87 90 98 100 101 102 103 104 191 194 206 209 304 339 358 447 472 473 474 502 505 623 640 641 642 644 717 731 732 733 752 755 1016 1017 1018 1074 1075 1076 1077 1079 1156 1159 1184 1187 1439 1444 1499 1505 1645 1648 1674 1848 1851 1889 1892 2112 2113 2114 2168 2169 2170 2171 2172 2173 2257 2318 2382 2430 2473 2503 2622 2623 2643 2721 2760 2784 2837 2841 2884 3109 3132 3210 3246 3277 
97 98 100 101 102 103 104 206 208 209 339 341 496 502 505 644 645 752 753 755 1074 1075 1076 1077 1079 1080 1184 1186 1187 1499 1503 1505 1674 1889 1891 1892 2168 2169 2170 2171 2172 2173 2318 2382 2430 2503 2622 2623 2721 2784 2837 3109 3132 3210 3246 3248 3277 3279 
53 60 61 87 88 89 90 91 92 139 140 146 147 166 189 191 192 193 194 266 300 312 326 441 447 472 474 478 479 574 575 623 625 640 642 688 717 719 731 733 787 944 1017 1018 1154 1156 1157 1158 1159 1160 1395 1434 1439 1441 1443 1444 1447 1645 1646 1647 1648 1846 1848 1849 1850 1851 1953 2058 2109 2117 2259 2292 2371 2475 2481 2645 2705 2759 2764 2778 2843 2882 2886 2893 2957 3011 3028 3089 3090 3126 3172 
53 58 66 115 139 146 147 167 267 326 390 429 476 477 478 572 573 574 689 690 788 789 946 948 1396 1397 1954 1955 2059 2060 3029 3030 3091 3092 3093 3094 3127 3128 3173 3174 
47 59 66 75 78 115 133 138 139 146 147 182 183 278 280 326 390 429 437 439 477 478 552 565 567 573 574 689 708 710 711 788 829 830 946 1000 1002 1317 1318 1396 1424 1425 1838 1839 1840 1947 1954 2059 2969 3023 3029 3079 3091 3092 3120 3127 3167 3173 
66 88 89 140 192 300 304 441 447 448 449 450 451 470 471 472 473 623 625 627 640 717 718 719 720 721 730 731 732 878 1017 1088 1157 1202 1203 1204 1205 1206 1207 1208 1209 1210 1441 1525 1526 1528 1529 1615 1617 1646 1684 1686 1687 1732 1734 1849 1903 1904 1905 2003 2004 2183 2188 2258 2323 2324 2433 2434 2454 2510 2516 2517 2571 2628 2629 2644 2725 2726 2762 2763 2815 2842 2885 2911 2945 2980 3021 3095 
66 102 103 104 140 206 207 339 340 358 503 504 505 753 754 755 1074 1075 1184 1185 1192 1499 1501 1515 1889 1890 2168 2318 2319 2430 2503 2504 2622 2623 2721 2722 2755 2784 2837 3198 3246 3247 3277 3278 
97 98 101 102 208 209 341 496 502 503 644 645 752 753 1076 1079 1080 1186 1187 1503 1505 1674 1891 1892 2169 2170 2171 2172 2173 2382 3109 3132 3210 3248 3279 
66 97 98 101 102 103 104 140 206 209 339 358 502 505 644 752 755 1074 1075 1076 1079 1080 1184 1187 1499 1505 1674 1889 1892 2168 2169 2170 2171 2172 2173 2318 2382 2430 2503 2622 2623 2721 2784 2837 3109 3132 3210 3246 3277 
66 88 89 140 192 304 473 474 642 732 733 1017 1157 1441 1646 1849 2258 2454 2644 2762 2763 2842 2885 
66 88 89 140 192 304 447 470 471 472 473 474 623 640 642 717 730 731 732 733 878 1017 1088 1157 1202 1203 1204 1205 1206 1441 1525 1526 1528 1646 1684 1685 1686 1687 1688 1849 1903 1904 1905 2182 2188 2258 2454 2510 2516 2628 2644 2725 2762 2763 2842 2885 
53 58 87 88 140 146 147 193 194 304 326 472 473 476 572 640 641 679 731 732 940 941 1018 1140 1158 1159 1276 1443 1444 1599 1647 1648 1749 1753 1850 1851 2015 2117 2259 2349 2350 2446 2475 2645 2764 2843 2879 2886 2959 3013 3071 3072 3118 3162 
88 89 97 98 101 102 103 192 207 209 304 358 473 474 502 504 642 644 646 732 733 752 754 1017 1075 1076 1079 1080 1157 1185 1187 1441 1501 1505 1610 1646 1672 1674 1849 1890 1892 2169 2170 2171 2172 2173 2258 2320 2382 2454 2506 2625 2644 2695 2762 2763 2842 2885 3109 3132 3198 3247 3278 
53 60 61 87 88 139 140 146 147 166 193 194 266 304 326 472 473 478 479 574 575 640 641 688 731 732 787 944 1018 1158 1159 1395 1443 1444 1647 1648 1850 1851 1953 2058 2117 2259 2475 2645 2764 2843 2886 3028 3089 3090 3126 3172 
87 88 102 103 193 194 207 208 304 340 341 358 472 473 503 504 640 641 731 732 753 754 1018 1158 1159 1185 1186 1192 1443 1444 1501 1503 1515 1647 1648 1850 1851 1890 1891 2117 2259 2319 2475 2504 2645 2722 2755 2764 2843 2886 3198 3247 3248 3278 3279 
53 59 87 88 115 139 140 146 147 193 194 304 326 390 429 472 473 477 478 573 574 640 641 689 731 732 788 946 1018 1158 1159 1396 1443 1444 1647 1648 1850 1851 1954 2059 2117 2259 2475 2645 2764 2843 2886 3029 3091 3092 3127 3173 
87 88 97 98 101 102 193 194 208 209 304 341 358 472 473 502 503 640 641 644 731 732 752 753 1018 1076 1079 1080 1158 1159 1186 1187 1443 1444 1503 1505 1647 1648 1674 1850 1851 1891 1892 2117 2169 2170 2171 2172 2173 2259 2382 2475 2645 2764 2843 2886 3109 3132 3210 3248 3279 
87 88 98 100 101 102 103 104 193 194 206 209 304 339 358 472 473 502 505 640 641 644 731 732 752 755 1018 1074 1075 1076 1077 1079 1158 1159 1184 1187 1443 1444 1499 1505 1647 1648 1674 1850 1851 1889 1892 2117 2168 2169 2170 2171 2172 2173 2259 2318 2382 2430 2475 2503 2622 2623 2645 2721 2764 2784 2837 2843 2886 3109 3132 3210 3246 3277 
52 67 69 78 101 127 128 137 150 235 275 347 359 383 410 434 490 497 514 535 545 563 582 586 595 654 761 845 846 858 862 863 1063 1064 1173 1330 1331 1342 1343 1469 1481 1493 1660 1869 1877 1883 2145 2151 2156 2497 2588 2690 2829 2830 2877 2878 
98 100 101 102 208 209 341 496 502 503 644 645 752 753 1076 1077 1079 1186 1187 1503 1505 1674 1891 1892 2169 2170 2171 2172 2173 2382 3109 3132 3210 3248 3279 
66 97 98 100 101 102 103 104 140 206 209 339 358 502 505 644 752 755 1074 1075 1076 1077 1079 1080 1184 1187 1499 1505 1674 1889 1892 2168 2169 2170 2171 2172 2173 2318 2382 2430 2503 2622 2623 2721 2784 2837 3109 3132 3210 3246 3277 
66 103 140 207 208 340 341 358 503 504 753 754 1075 1185 1186 1192 1501 1503 1515 1610 1890 1891 1897 2319 2320 2504 2506 2507 2625 2695 2722 2755 3198 3247 3248 3278 3279 
66 102 103 140 207 208 340 341 358 503 504 753 754 1185 1186 1192 1501 1503 1515 1890 1891 2319 2504 2722 2755 3198 3247 3248 3278 3279 
66 98 100 101 102 140 208 209 341 358 502 503 644 752 753 1076 1077 1079 1186 1187 1503 1505 1674 1891 1892 2169 2170 2171 2172 2173 2382 3109 3132 3210 3248 3279 
66 97 98 101 102 140 208 209 341 358 502 503 644 752 753 1076 1079 1080 1186 1187 1503 1505 1674 1891 1892 2169 2170 2171 2172 2173 2382 3109 3132 3210 3248 3279 
88 89 99 100 192 210 302 304 453 463 473 474 636 637 642 728 729 732 733 1017 1078 1157 1188 1441 1507 1646 1675 1849 1893 2254 2258 2450 2454 2644 2762 2763 2842 2885 3134 3203 3250 
87 88 97 98 100 101 102 193 194 208 209 304 341 358 472 473 502 503 640 641 644 731 732 752 753 1018 1076 1077 1079 1080 1158 1159 1186 1187 1443 1444 1503 1505 1647 1648 1674 1850 1851 1891 1892 2117 2169 2170 2171 2172 2173 2259 2382 2475 2645 2764 2843 2886 3109 3132 3210 3248 3279 
87 88 90 191 193 194 447 472 474 623 640 642 717 731 733 1016 1017 1018 1156 1158 1159 1439 1443 1444 1645 1647 1648 1848 1850 1851 2112 2113 2114 2117 2257 2258 2259 2454 2473 2475 2643 2644 2645 2760 2762 2763 2764 2841 2842 2843 2884 2885 2886 
54 55 117 145 204 227 336 391 485 578 643 748 749 920 2156 2380 2498 2588 2690 2829 2830 2877 
52 62 67 69 127 128 129 130 150 235 236 347 354 410 411 490 491 545 546 582 583 744 860 861 1061 1071 1340 1350 1388 1492 1884 2028 2380 2498 2878 3041 3067 3116 
53 60 61 66 139 146 147 166 266 326 478 479 574 575 688 787 944 1395 1953 2058 3028 3089 3090 3126 3172 
58 59 61 158 329 331 476 477 479 572 573 575 678 679 778 932 940 941 1276 1278 1390 1749 1752 1753 2015 2349 2350 2446 2879 2959 3013 3071 3072 3118 3162 
49 53 66 133 134 244 423 556 694 940 941 1276 2018 2066 2349 2350 2446 2464 2692 2879 2959 3013 3071 3072 3118 3162 
53 59 66 115 139 146 147 326 390 429 477 478 573 574 689 788 946 1396 1954 2059 3029 3091 3092 3127 3173 
50 53 60 61 62 66 68 71 116 139 146 147 148 149 155 156 157 158 160 228 256 257 258 260 326 327 393 395 424 478 479 480 557 574 575 576 677 680 777 778 930 932 1389 1390 1751 2015 2349 2446 2879 
53 59 146 326 329 477 573 678 940 941 1276 1749 1752 2015 2349 2350 2446 2879 2959 3013 3071 3072 3118 3162 
87 89 90 191 192 194 447 472 474 623 640 642 717 731 733 1016 1018 1156 1157 1159 1439 1441 1444 1645 1646 1648 1848 1849 1851 2112 2113 2114 2257 2258 2454 2473 2643 2644 2760 2762 2763 2841 2842 2884 2885 
53 58 59 60 61 66 139 146 147 158 159 161 258 259 261 326 476 477 478 479 572 573 574 575 677 678 778 780 781 785 932 936 937 938 939 940 941 1139 1276 1280 1281 1390 1392 1393 1749 1754 1958 1959 2016 2029 2030 2265 2266 2349 2350 2398 2399 2446 2647 2648 2792 2793 2867 2879 2918 2959 2986 3013 3031 3048 3071 3072 3118 3138 3162 3211 3254 
49 53 88 89 133 134 140 192 254 304 423 473 474 556 642 694 732 733 940 941 1017 1157 1276 1441 1646 1849 2018 2066 2258 2349 2350 2446 2454 2464 2644 2692 2762 2763 2842 2879 2885 2959 3013 3071 3072 3118 3162 
53 59 115 139 146 330 389 477 478 573 574 678 779 934 940 941 1276 1279 1391 1749 1752 2015 2349 2350 2446 2879 2959 3013 3071 3072 3118 3162 
87 88 89 192 193 194 472 474 640 642 731 733 1017 1018 1157 1158 1159 1441 1443 1444 1646 1647 1648 1849 1850 1851 2117 2258 2259 2454 2475 2644 2645 2762 2763 2764 2842 2843 2885 2886 
55 72 117 118 145 204 227 391 485 578 643 748 920 1071 1350 1388 2498 2878 3041 3067 3116 
3238 3239 
46 119 123 223 
1 
16 
24 
42 
10 111 
60 115 
3 123 
54 55 117 145 204 227 336 391 485 578 643 748 749 920 1071 1350 1388 3041 3067 3116 
66 97 98 100 101 102 140 208 209 341 358 502 503 644 752 753 1076 1077 1079 1080 1186 1187 1503 1505 1674 1891 1892 2169 2170 2171 2172 2173 2382 3109 3132 3210 3248 3279 
