66 97 98 99 101 103 140 207 208 212 340 341 358 461 463 496 635 637 645 646 727 729 753 754 1075 1076 1077 1078 1079 1080 1185 1186 1190 1501 1502 1503 1511 1610 1672 1677 1890 1891 1895 2169 2170 2171 2172 2173 2320 2382 2507 2625 2695 3109 3132 3210 3247 3248 3278 3279 
66 102 105 140 205 208 338 341 358 496 505 645 647 648 753 755 756 1073 1075 1183 1186 1497 1498 1503 1504 1610 1670 1673 1888 1891 2061 2164 2165 2168 2316 2318 2320 2428 2430 2501 2507 2619 2622 2625 2695 2721 2783 2784 2836 2837 3196 3197 3199 3210 3245 3246 3247 3276 3277 3278 3279 
70 87 102 103 104 194 206 208 304 341 358 464 472 496 505 640 645 646 647 731 753 754 755 1074 1124 1159 1184 1186 1445 1446 1500 1503 1504 1648 1671 1673 1851 1889 1891 2061 2260 2318 2430 2476 2622 2646 2721 2766 2784 2837 2844 2887 3197 3199 3246 3277 3279 
70 87 97 98 99 101 103 104 194 206 211 304 358 462 463 464 472 496 505 636 637 640 646 647 728 729 731 754 755 1074 1076 1077 1078 1079 1080 1124 1159 1184 1189 1445 1446 1500 1509 1648 1671 1676 1851 1889 1894 2169 2170 2171 2172 2173 2260 2318 2382 2430 2476 2622 2646 2721 2766 2784 2837 2844 2887 3109 3132 3197 3246 3277 
66 91 92 94 97 98 99 100 101 102 103 104 105 140 195 206 207 208 214 215 216 217 218 219 220 221 222 302 340 341 358 364 365 367 371 372 450 451 453 461 462 463 496 626 627 634 635 636 637 644 645 648 720 721 726 727 728 729 752 753 756 1020 1021 1022 1023 1075 1090 1092 1093 1094 1095 1096 1097 1161 1184 1185 1186 1212 1213 1214 1215 1216 1217 1218 1219 1220 1448 1500 1501 1502 1503 1504 1532 1533 1534 1535 1537 1538 1541 1542 1544 1546 1547 1548 1610 1620 1622 1649 1671 1672 1673 1689 1690 1691 1693 1694 1695 1696 1855 1889 1890 1891 1908 1909 1910 1911 1912 1913 1914 1915 1916 2006 2061 2119 2120 2121 2122 2168 2201 2203 2204 2205 2206 2211 2212 2213 2217 2218 2219 2318 2320 2329 2330 2331 2332 2338 2339 2340 2341 2342 2372 2386 2387 2388 2430 2436 2439 2440 2485 2507 2522 2575 2576 2582 2583 2609 2622 2625 2677 2678 2684 2685 2695 2710 2721 2784 2818 2822 2823 2837 2875 2897 2932 2935 2936 2939 2954 2981 3006 3008 3047 3062 3065 3115 3157 3159 3197 3199 3210 3225 3228 3229 3244 3246 3247 3272 3273 3275 3277 3278 3279 3288 3303 3307 3312 3333 3335 3344 3359 3362 3368 3378 3391 3395 3408 3419 3436 3437 3438 3439 3444 3452 3461 3462 3471 3472 3479 3482 3488 3494 3500 3507 3509 
97 98 99 101 102 103 207 208 209 212 340 461 463 502 635 637 644 646 727 729 752 754 1075 1076 1077 1078 1079 1080 1185 1186 1187 1190 1501 1502 1504 1505 1511 1610 1672 1673 1674 1677 1890 1891 1892 1895 2169 2170 2171 2172 2173 2174 2175 2176 2253 2320 2382 2507 2625 2695 3105 3109 3132 3133 3201 3210 3231 3247 3248 3249 3278 3279 
70 87 97 98 99 101 102 103 194 207 208 212 304 340 358 461 463 464 472 496 635 637 640 646 727 729 731 754 1075 1076 1077 1078 1079 1080 1124 1159 1185 1186 1190 1445 1446 1501 1502 1504 1511 1610 1648 1672 1673 1677 1851 1890 1891 1895 2168 2169 2170 2171 2172 2173 2260 2320 2382 2476 2507 2625 2646 2695 2766 2844 2887 3109 3132 3210 3247 3248 3278 3279 
66 97 98 99 101 102 104 140 206 212 358 461 463 496 505 635 637 645 647 727 729 753 755 1075 1076 1077 1078 1079 1080 1184 1190 1500 1511 1610 1671 1677 1889 1895 2168 2169 2170 2171 2172 2173 2318 2320 2382 2430 2507 2622 2625 2695 2721 2784 2837 3109 3132 3197 3210 3246 3247 3277 3278 
66 97 98 99 101 104 140 206 208 212 341 358 461 463 496 505 635 637 645 647 727 729 753 755 1075 1076 1077 1078 1079 1080 1184 1186 1190 1500 1503 1511 1610 1671 1677 1889 1891 1895 2168 2169 2170 2171 2172 2173 2318 2320 2382 2430 2507 2622 2625 2695 2721 2784 2837 3109 3132 3197 3210 3246 3247 3248 3277 3278 3279 
97 98 99 101 102 104 206 208 212 461 463 505 635 637 647 727 729 755 1075 1076 1077 1078 1079 1080 1184 1186 1190 1500 1504 1511 1610 1671 1673 1677 1889 1891 1895 2168 2169 2170 2171 2172 2173 2318 2320 2382 2430 2507 2622 2625 2695 2721 2784 2837 3109 3132 3197 3210 3246 3247 3248 3277 3278 3279 
70 87 97 98 99 101 102 104 194 206 208 212 304 358 461 463 464 472 496 505 635 637 640 645 647 727 729 731 753 755 1075 1076 1077 1078 1079 1080 1124 1159 1184 1186 1190 1445 1446 1500 1504 1511 1610 1648 1671 1673 1677 1851 1889 1891 1895 2168 2169 2170 2171 2172 2173 2260 2318 2320 2382 2430 2476 2507 2622 2625 2646 2695 2721 2766 2784 2837 2844 2887 3109 3132 3197 3210 3246 3247 3248 3277 3278 3279 
66 102 104 140 206 208 341 358 496 505 645 647 753 755 1075 1184 1186 1500 1503 1504 1610 1671 1673 1889 1891 2061 2168 2318 2320 2430 2507 2622 2625 2695 2721 2784 2837 3197 3199 3210 3246 3247 3277 3278 3279 
66 97 98 99 101 102 103 140 207 208 212 340 358 461 463 496 635 637 646 727 729 754 1075 1076 1077 1078 1079 1080 1185 1186 1190 1501 1502 1504 1511 1610 1672 1673 1677 1890 1891 1895 2169 2170 2171 2172 2173 2320 2382 2507 2625 2695 3109 3132 3210 3247 3248 3278 3279 
66 103 104 140 206 358 496 505 646 647 754 755 1074 1184 1500 1671 1889 2317 2318 2429 2430 2502 2620 2621 2622 2720 2721 2754 2784 2837 3197 3246 3277 
97 98 99 101 103 104 206 209 212 461 463 502 505 635 637 644 646 647 727 729 752 754 755 1074 1076 1077 1078 1079 1080 1184 1187 1190 1500 1505 1511 1671 1674 1677 1889 1892 1895 2169 2170 2171 2172 2173 2174 2175 2176 2253 2318 2382 2430 2622 2721 2784 2837 3105 3109 3132 3133 3197 3201 3231 3246 3249 3277 
66 140 302 358 453 461 462 463 496 505 633 634 635 636 637 644 645 646 647 648 726 727 728 729 752 753 754 755 756 877 1087 1193 1194 1195 1196 1197 1198 1199 1200 1201 1519 1520 1524 1611 1612 1614 1679 1680 1681 1683 1728 1729 1731 1900 1901 1902 2001 2002 2180 2181 2187 2322 2432 2515 2570 2724 2727 2814 2908 2909 2944 2979 3021 3095 
53 70 87 140 146 147 148 149 194 304 326 327 328 329 330 331 332 333 334 464 472 475 476 477 478 479 480 481 482 572 573 574 575 576 591 602 603 640 673 731 791 792 793 794 795 924 925 957 960 961 1124 1145 1159 1289 1290 1291 1292 1293 1400 1401 1402 1445 1446 1648 1786 1851 2074 2075 2260 2351 2352 2457 2458 2476 2646 2651 2766 2770 2844 2845 2887 2888 3021 3095 
70 75 76 78 87 138 140 183 184 186 194 277 279 280 296 304 436 439 464 472 564 566 567 640 709 710 711 731 830 831 833 1003 1004 1008 1124 1159 1318 1321 1425 1426 1428 1445 1446 1648 1843 1851 1948 1949 2053 2260 2476 2646 2766 2844 2887 2971 3024 3025 3080 3081 3082 3121 3122 3168 3169 
70 87 97 98 99 101 103 104 194 206 212 304 358 461 463 464 472 496 505 635 637 640 646 647 727 729 731 754 755 1074 1076 1077 1078 1079 1080 1124 1159 1184 1190 1445 1446 1500 1511 1648 1671 1677 1851 1889 1895 2169 2170 2171 2172 2173 2260 2318 2382 2430 2476 2622 2646 2721 2766 2784 2837 2844 2887 3109 3132 3197 3246 3277 
53 66 146 147 148 149 326 327 328 329 330 331 332 333 334 475 476 477 478 479 480 481 482 572 573 574 575 576 591 602 603 673 791 792 793 794 795 924 925 957 960 961 1145 1289 1290 1291 1292 1293 1400 1401 1402 1786 2074 2075 2351 2352 2457 2458 2651 2770 2845 2888 3021 3095 
70 77 78 87 138 140 183 194 279 280 304 439 464 472 566 567 640 709 731 830 1003 1124 1159 1318 1425 1445 1446 1648 1851 1948 2053 2260 2476 2646 2766 2844 2887 3024 3080 3081 3121 3168 
75 76 77 78 183 184 186 277 280 436 439 564 567 709 710 711 830 831 833 1003 1005 1008 1318 1319 1321 1425 1426 1428 1843 1948 1949 2053 2971 3024 3025 3080 3081 3082 3121 3122 3168 3169 
10 113 3129 3177 
121 124 
120 122 
6 
13 
14 
15 
22 
25 
27 
31 
35 
38 
39 
43 107 
2 107 
45 122 
51 124 
20 112 3129 3177 
66 91 92 94 97 98 99 100 101 102 103 104 105 140 195 214 215 216 217 218 219 220 221 222 302 358 364 366 367 371 372 450 451 453 461 462 463 496 505 626 627 634 635 636 637 644 645 646 647 648 720 721 726 727 728 729 752 753 754 755 756 1020 1021 1022 1023 1091 1092 1093 1094 1095 1096 1097 1161 1212 1213 1214 1215 1216 1217 1218 1219 1220 1448 1532 1533 1535 1536 1537 1538 1541 1542 1544 1546 1547 1548 1620 1622 1649 1689 1690 1691 1693 1694 1695 1696 1855 1908 1909 1910 1911 1912 1913 1914 1915 1916 2006 2119 2120 2121 2122 2199 2203 2204 2205 2206 2211 2212 2213 2217 2218 2219 2329 2330 2331 2332 2338 2339 2340 2341 2342 2372 2386 2387 2388 2436 2439 2440 2485 2520 2522 2575 2576 2577 2582 2583 2609 2677 2678 2684 2685 2710 2818 2822 2823 2875 2897 2932 2935 2936 2939 2954 2981 3006 3008 3047 3062 3065 3115 3157 3159 3225 3228 3229 3244 3273 3275 3303 3307 3312 3333 3335 3359 3362 3368 3377 3378 3391 3395 3408 3419 3436 3437 3438 3439 3444 3452 3461 3462 3471 3472 3479 3482 3488 3494 3500 3507 3509 
