66 102 103 105 140 205 207 208 341 358 496 503 504 505 506 646 647 648 753 754 755 756 1073 1074 1183 1185 1186 1192 1498 1502 1503 1504 1515 1610 1670 1672 1673 1888 1890 1891 1897 2061 2164 2165 2316 2319 2320 2428 2501 2504 2506 2507 2618 2619 2625 2695 2719 2722 2755 2783 2836 3198 3199 3210 3245 3247 3276 3278 3279 
66 91 93 97 98 99 100 101 102 103 104 105 140 196 207 208 214 215 216 217 218 219 220 221 222 302 341 358 366 368 370 371 450 451 453 460 461 462 463 496 502 503 505 506 626 627 634 636 644 647 648 720 721 726 727 728 729 752 753 755 756 1020 1021 1023 1075 1091 1092 1093 1094 1095 1096 1097 1162 1185 1186 1212 1213 1214 1215 1216 1217 1218 1219 1220 1450 1502 1503 1504 1533 1535 1536 1537 1538 1540 1542 1544 1545 1546 1547 1548 1610 1620 1622 1650 1672 1673 1689 1690 1691 1692 1694 1695 1696 1697 1856 1890 1891 1897 1908 1909 1910 1911 1912 1913 1914 1915 1916 2006 2061 2119 2120 2121 2122 2199 2203 2204 2205 2206 2211 2212 2213 2217 2218 2320 2329 2330 2331 2332 2338 2339 2340 2341 2342 2372 2386 2387 2388 2436 2439 2440 2485 2506 2507 2575 2576 2577 2609 2625 2630 2677 2678 2684 2685 2686 2695 2710 2818 2822 2823 2875 2897 2932 2936 2939 2981 3006 3008 3047 3062 3065 3066 3115 3157 3159 3198 3199 3225 3229 3244 3247 3273 3275 3278 3279 3303 3307 3312 3332 3333 3335 3344 3359 3363 3368 3377 3391 3395 3408 3419 3423 3436 3444 3452 3461 3471 3479 3482 3483 3488 3494 3501 3504 3507 3509 
67 69 99 101 141 142 301 359 361 362 374 452 455 497 499 500 508 512 514 516 518 586 588 589 629 652 654 656 658 722 759 761 763 765 857 858 1048 1050 1052 1055 1057 1059 1172 1173 1479 1481 1659 1660 1876 1877 2148 2149 2150 2151 2152 2153 2154 2155 2377 2378 2613 2977 3020 3068 3069 3117 3160 
67 69 99 101 141 142 301 359 361 363 374 452 455 497 499 501 508 512 514 518 586 588 590 629 652 654 658 722 759 761 765 855 858 1048 1052 1055 1057 1059 1170 1173 1475 1481 1657 1660 1874 1877 2148 2149 2150 2151 2152 2153 2154 2155 2377 2378 2613 2977 3020 3068 3069 3117 3160 
67 69 99 101 141 142 301 359 362 363 374 452 455 497 500 501 508 512 514 516 518 586 589 590 629 652 654 656 658 722 759 761 763 765 855 858 1048 1050 1052 1055 1057 1059 1170 1173 1475 1481 1657 1660 1874 1877 2148 2149 2150 2151 2152 2153 2154 2155 2377 2378 2613 2977 3020 3068 3069 3117 3160 
67 95 97 98 99 100 101 141 301 359 361 362 363 373 374 452 455 497 499 500 501 507 508 510 512 513 514 518 586 588 589 590 629 649 650 651 652 653 654 658 722 757 758 759 760 761 765 855 856 857 858 913 1048 1050 1052 1053 1055 1057 1059 1170 1171 1172 1173 1266 1267 1268 1269 1270 1271 1272 1273 1274 1475 1477 1479 1481 1589 1591 1635 1636 1637 1638 1657 1658 1659 1660 1721 1722 1724 1725 1744 1745 1746 1747 1874 1875 1876 1877 1941 1942 1943 2013 2014 2148 2149 2150 2151 2152 2153 2154 2155 2242 2243 2248 2249 2377 2378 2441 2442 2546 2547 2586 2613 2641 2642 2740 2741 2824 2915 2946 2977 2982 3020 3022 3068 3069 3096 3117 3160 
66 67 99 101 106 125 140 141 142 151 301 304 359 361 362 363 374 452 455 464 471 497 499 500 501 508 512 514 516 584 586 588 589 590 629 639 652 654 656 722 730 759 761 763 835 857 858 1048 1050 1052 1055 1057 1059 1124 1172 1173 1479 1481 1604 1659 1660 1853 1876 1877 2024 2095 2148 2149 2150 2151 2152 2153 2154 2155 2377 2378 2548 2613 2696 2838 2977 3020 3068 3069 3117 3160 
66 97 99 100 101 102 103 140 207 208 209 211 213 302 342 453 460 462 504 634 636 644 646 726 728 752 754 1075 1076 1077 1078 1080 1185 1186 1187 1189 1191 1502 1504 1505 1509 1513 1610 1672 1673 1676 1678 1890 1891 1892 1894 1896 1897 2169 2170 2171 2172 2173 2174 2175 2176 2253 2320 2382 2506 2507 2625 2695 3105 3109 3132 3133 3198 3200 3210 3231 3247 3248 3249 3278 3279 
50 68 116 160 228 395 426 557 680 941 1276 2066 2349 2446 2692 2833 2834 2835 2879 3071 3072 3118 3162 
50 53 58 60 61 62 66 76 135 139 146 147 148 149 157 158 161 175 225 257 258 261 278 326 327 437 476 478 479 480 565 572 574 575 576 613 677 681 777 778 781 820 930 932 938 939 940 986 1276 1281 1310 1389 1390 1393 1417 1749 1751 1801 2015 2066 2085 2349 2350 2446 2692 2833 2834 2835 2879 3013 3071 3118 3162 
66 102 104 140 206 208 341 358 496 503 504 505 646 647 753 754 755 1074 1075 1184 1186 1500 1503 1504 1610 1671 1673 1889 1891 1897 2061 2168 2318 2320 2430 2503 2506 2507 2622 2623 2625 2695 2721 2784 2837 3198 3199 3210 3246 3247 3277 3278 3279 
66 103 140 207 208 341 358 496 503 504 646 753 754 1075 1185 1186 1192 1502 1503 1515 1610 1672 1890 1891 1897 2319 2320 2504 2506 2507 2625 2695 2722 2755 3198 3247 3248 3278 3279 
87 88 102 103 193 194 207 208 304 341 358 472 473 496 503 504 640 641 646 731 732 753 754 1018 1075 1158 1159 1185 1186 1443 1444 1502 1503 1504 1610 1647 1648 1672 1673 1850 1851 1890 1891 1897 2061 2117 2259 2320 2475 2506 2507 2625 2645 2695 2764 2843 2886 3198 3199 3247 3278 3279 
53 58 59 76 77 115 138 139 146 147 167 184 185 267 278 279 296 326 390 429 437 476 477 478 565 566 572 573 574 690 710 788 789 831 832 946 948 1004 1005 1006 1319 1320 1396 1397 1426 1427 1778 1843 1949 1954 2059 2971 3025 3029 3083 3091 3092 3122 3127 3169 3173 
67 76 101 137 273 359 381 432 497 514 533 561 586 593 654 761 849 850 858 1173 1334 1335 1471 1481 1660 1869 1877 2145 2151 2497 2588 2589 2690 2829 2830 2877 2878 
68 71 76 116 135 136 160 175 225 228 278 395 426 437 557 565 613 680 681 692 820 986 1310 1417 1801 2066 2085 2349 2445 2446 2692 2833 2834 2835 2876 2879 
8 
21 
29 
39 
60 115 
54 72 118 203 227 232 336 402 483 577 748 749 920 2156 2380 2498 2588 2690 2829 2830 2877 
50 68 116 135 160 225 228 395 426 557 613 680 681 2066 2349 2446 2692 2833 2834 2835 2879 
69 142 361 362 363 374 499 500 501 508 516 588 589 590 656 763 857 1048 1050 1052 1172 1479 1659 1876 2147 2148 2149 2150 2377 2496 2612 2689 3069 3117 3160 
66 102 103 140 207 358 496 503 504 646 753 754 1075 1185 1192 1502 1515 1610 1672 1890 1897 2319 2320 2504 2506 2507 2625 2695 2722 2755 3198 3247 3278 
