66 75 97 102 103 104 140 186 206 213 277 358 436 460 496 505 506 564 634 647 648 726 755 756 833 1008 1072 1073 1074 1075 1184 1191 1321 1428 1499 1513 1671 1678 1889 1896 1946 2157 2158 2159 2160 2169 2381 2499 2615 2717 2861 2862 2906 2984 3043 3073 3119 
66 97 99 100 101 102 103 104 140 206 208 209 210 211 213 302 343 344 358 460 462 463 502 503 505 634 644 645 647 726 728 729 752 753 755 1074 1075 1080 1184 1186 1187 1188 1189 1191 1499 1503 1506 1507 1509 1513 1671 1673 1674 1678 1889 1891 1892 1893 1894 1896 2061 2168 2175 2179 2253 2255 2318 2430 2449 2503 2623 2784 2837 3107 3133 3135 3197 3199 3200 3201 3204 3231 3233 3246 3249 3251 3277 3279 
75 97 103 104 105 186 206 213 277 436 460 505 564 634 647 726 755 833 1008 1072 1073 1074 1184 1191 1321 1428 1499 1513 1671 1678 1889 1896 1946 2157 2158 2159 2160 2169 2381 2499 2615 2717 2861 2862 2906 2984 3043 3073 3119 
75 97 102 104 105 186 206 213 277 436 460 505 564 634 647 726 755 833 1008 1072 1073 1075 1184 1191 1321 1428 1499 1513 1671 1678 1889 1896 1946 2157 2158 2159 2160 2169 2381 2499 2615 2717 2861 2862 2906 2984 3043 3073 3119 
66 75 97 102 103 104 105 140 186 205 213 277 358 436 460 496 506 564 634 648 726 756 833 1008 1072 1073 1074 1075 1183 1191 1321 1428 1497 1513 1670 1678 1888 1896 1946 2157 2158 2159 2160 2169 2381 2499 2615 2717 2861 2862 2906 2984 3043 3073 3119 
66 75 97 102 103 105 140 186 205 213 277 358 436 460 496 505 506 564 634 647 648 726 755 756 833 1008 1072 1073 1074 1075 1183 1191 1321 1428 1497 1513 1670 1678 1888 1896 1946 2157 2158 2159 2160 2169 2381 2499 2615 2717 2861 2862 2906 2984 3043 3073 3119 
47 53 66 75 76 78 133 134 182 185 186 244 270 277 278 294 297 419 436 439 552 564 565 567 701 702 708 711 829 832 833 1000 1001 1006 1007 1008 1317 1320 1321 1424 1427 1428 1818 1947 1950 2021 2052 2415 2661 2972 3023 3026 3079 3085 3123 3167 3170 
47 53 66 75 77 133 134 138 182 183 186 244 270 277 278 294 295 419 436 437 439 552 564 565 567 708 709 710 711 829 830 833 1000 1001 1002 1008 1317 1321 1424 1425 1428 1841 1842 1947 1948 2052 2970 3023 3024 3079 3080 3121 3167 3168 
47 53 66 75 77 78 102 103 104 105 133 134 138 182 183 206 244 278 294 419 437 505 552 565 647 708 709 710 711 755 829 830 1000 1001 1003 1072 1073 1074 1075 1184 1317 1318 1424 1425 1499 1671 1841 1842 1889 1947 1948 2052 2157 2158 2159 2160 2381 2499 2615 2717 2861 2862 2906 2970 3023 3024 3079 3080 3121 3167 3168 
47 53 66 77 78 102 103 104 105 133 134 138 182 183 206 244 277 278 294 419 436 437 505 552 564 565 647 708 709 710 711 755 829 830 1000 1001 1003 1072 1073 1074 1075 1184 1317 1318 1424 1425 1499 1671 1841 1842 1889 1947 1948 2052 2157 2158 2159 2160 2381 2499 2615 2717 2861 2862 2906 2970 3023 3024 3079 3080 3121 3167 3168 
66 91 93 94 97 98 99 100 101 102 103 104 105 140 195 209 210 211 214 215 216 217 218 219 220 221 222 302 343 344 358 366 367 368 369 370 371 451 460 461 462 463 496 503 504 505 506 627 634 647 648 721 726 727 728 729 753 754 755 756 1020 1021 1023 1079 1090 1091 1092 1093 1096 1097 1161 1187 1188 1189 1212 1213 1214 1215 1216 1217 1218 1219 1220 1221 1448 1506 1507 1509 1532 1534 1536 1538 1539 1540 1542 1544 1545 1546 1548 1619 1622 1649 1674 1689 1690 1692 1695 1697 1855 1892 1893 1894 1908 1909 1910 1911 1912 1913 1914 1915 1916 2119 2120 2121 2122 2175 2196 2197 2198 2212 2217 2220 2253 2325 2326 2327 2328 2338 2339 2340 2341 2342 2372 2387 2388 2435 2439 2440 2449 2485 2519 2522 2572 2574 2609 2675 2676 2684 2685 2710 2752 2817 2822 2897 2931 2936 2939 2954 2981 3004 3008 3047 3061 3066 3115 3133 3154 3155 3159 3188 3200 3201 3224 3229 3231 3244 3249 3270 3275 3287 3302 3307 3312 3331 3335 3358 3363 3368 3376 3391 3407 3418 3423 3437 3444 3452 3461 3462 3471 3472 3479 3482 3488 3494 3500 3501 3504 3507 3509 
66 69 84 86 87 88 90 91 92 93 94 140 144 151 192 194 195 196 197 198 199 200 201 202 300 304 319 321 348 441 447 448 449 450 451 464 471 472 473 474 494 584 624 625 627 639 640 641 642 717 718 719 720 721 730 731 732 733 836 1017 1018 1021 1022 1023 1024 1025 1026 1027 1124 1157 1159 1161 1162 1163 1164 1165 1166 1167 1168 1169 1441 1444 1446 1448 1450 1453 1454 1455 1456 1459 1460 1462 1463 1606 1609 1646 1648 1649 1651 1652 1653 1654 1655 1656 1849 1851 1855 1856 1857 1858 1859 1860 1861 1862 1864 2025 2115 2116 2118 2123 2124 2125 2128 2133 2134 2135 2139 2140 2143 2144 2258 2294 2295 2296 2297 2302 2303 2304 2305 2373 2374 2375 2421 2474 2487 2488 2489 2555 2556 2561 2562 2563 2564 2610 2644 2662 2663 2666 2667 2668 2762 2780 2802 2807 2842 2871 2873 2885 2896 2926 2928 2997 3001 3037 3056 3058 3148 3152 3187 3219 3221 3263 3264 3267 3284 3286 3297 3299 3324 3328 3340 3353 3355 3371 3388 3392 3405 3413 3435 3440 3441 3450 3451 3463 3476 3480 3486 3487 3493 3497 3506 3508 3510 3511 
47 53 66 75 77 78 133 134 138 182 183 186 244 277 278 294 419 436 437 552 564 565 708 709 710 711 829 830 833 1000 1001 1003 1008 1317 1318 1321 1424 1425 1428 1841 1842 1947 1948 2052 2970 3023 3024 3079 3080 3121 3167 3168 
47 53 66 75 76 78 102 103 104 105 133 134 182 185 206 244 270 278 294 297 419 439 505 552 565 567 647 708 711 755 829 832 1000 1001 1006 1007 1072 1073 1074 1075 1184 1317 1320 1424 1427 1499 1671 1889 1947 1950 2052 2157 2158 2159 2160 2381 2499 2615 2717 2861 2862 2906 2972 3023 3026 3079 3085 3123 3167 3170 
47 53 66 77 102 103 104 105 133 134 138 182 183 206 244 270 277 278 294 295 419 436 437 439 505 552 564 565 567 647 708 709 710 711 755 829 830 1000 1001 1002 1072 1073 1074 1075 1184 1317 1424 1425 1499 1671 1841 1842 1889 1947 1948 2052 2157 2158 2159 2160 2381 2499 2615 2717 2861 2862 2906 2970 3023 3024 3079 3080 3121 3167 3168 
66 97 98 99 100 102 140 208 210 211 213 302 341 343 344 358 460 461 462 463 502 503 634 644 726 727 728 729 752 753 1076 1077 1078 1079 1080 1186 1188 1189 1191 1503 1507 1509 1513 1678 1891 1893 1894 1896 2169 2170 2171 2172 2173 2175 2253 2382 2449 3109 3132 3133 3200 3201 3210 3231 3248 3249 3279 
75 91 93 94 102 103 104 105 186 187 206 277 436 451 505 564 627 647 721 755 833 1008 1011 1012 1014 1072 1073 1074 1075 1152 1184 1321 1428 1430 1499 1641 1671 1844 1889 1946 2096 2097 2098 2099 2157 2158 2159 2160 2370 2381 2598 2615 2699 2700 2717 2861 2862 2906 2984 3043 3073 3119 
53 62 66 75 94 148 149 186 187 277 327 436 451 480 564 576 627 686 721 833 952 953 1008 1152 1275 1321 1428 1430 1641 1833 1844 2017 2067 2086 2096 2348 2445 2688 2699 2826 2827 2828 2876 3016 3070 3190 
53 62 66 97 148 149 213 327 460 480 576 634 686 726 952 953 1191 1275 1513 1678 1896 2017 2067 2169 2348 2445 2499 2688 2826 2827 2828 2876 3016 3070 3190 
47 53 75 76 78 133 134 138 182 185 186 244 270 277 278 294 297 419 436 439 552 564 565 567 708 711 829 832 833 1000 1001 1006 1007 1008 1317 1320 1321 1424 1427 1428 1947 1950 2052 2972 3023 3026 3079 3085 3123 3167 3170 
47 53 78 102 103 104 133 134 138 140 182 206 208 244 270 294 358 419 439 503 505 552 567 645 647 708 753 755 829 1000 1001 1074 1075 1184 1186 1317 1424 1499 1503 1671 1673 1889 1891 1947 2052 2061 2168 2318 2430 2503 2623 2784 2837 3023 3079 3167 3197 3199 3246 3277 3279 
52 54 67 69 117 127 128 129 130 145 150 151 204 235 236 337 347 354 391 410 411 484 485 490 491 545 546 578 582 583 643 744 748 860 861 1061 1340 1350 1388 1492 1884 2028 2156 2379 2380 2498 2588 2690 2829 2830 2877 2978 3040 3067 3116 
52 67 69 117 118 127 128 129 130 145 150 151 203 204 227 232 235 236 335 337 347 354 391 402 410 411 485 490 491 545 546 577 582 583 643 744 748 860 861 920 1061 1071 1340 1350 1388 1492 1884 2028 2379 2978 3040 3067 3116 
87 98 99 100 101 106 194 209 210 211 302 304 317 343 344 461 462 463 464 502 640 644 727 728 729 731 752 1079 1159 1187 1188 1189 1444 1506 1507 1509 1674 1851 1892 1893 1894 2175 2253 2260 2449 2456 2476 2548 2646 2697 2756 2766 2767 2838 2844 2887 3133 3200 3201 3231 3249 
66 97 99 100 101 140 209 210 211 212 213 302 343 344 345 460 461 462 463 502 634 644 726 727 728 729 752 1079 1080 1187 1188 1189 1190 1191 1506 1507 1509 1511 1513 1674 1678 1892 1893 1894 1895 1896 2175 2253 2256 2449 3108 3133 3136 3200 3201 3206 3231 3234 3249 3252 
50 53 62 66 71 148 149 162 163 262 263 327 396 397 427 480 576 686 691 953 1275 2017 2067 2348 2445 2688 2826 2827 2828 2876 3016 3070 3190 
66 87 89 140 192 194 304 464 471 472 473 474 639 640 641 642 730 731 732 733 1017 1018 1124 1157 1159 1441 1444 1446 1646 1648 1849 1851 2115 2116 2258 2474 2644 2762 2842 2885 
97 98 101 209 212 213 460 502 634 644 726 752 1079 1080 1187 1190 1191 1506 1512 1513 1674 1677 1678 1892 1895 1896 2175 2177 2253 2254 2255 2256 2449 2450 2451 3108 3133 3134 3135 3136 3200 3201 3203 3205 3206 3231 3234 3249 3250 3251 3252 
47 66 78 80 134 138 181 182 244 270 294 419 439 552 553 567 708 828 829 999 1000 1001 1316 1317 1423 1424 1748 1834 1947 2023 2052 3017 3023 3077 3079 3104 3166 3167 3194 
75 102 103 104 105 186 206 277 436 505 564 647 755 833 1008 1072 1073 1074 1075 1184 1321 1428 1499 1671 1889 1946 2157 2158 2159 2160 2381 2499 2615 2717 2861 2862 2906 2984 3043 3073 3119 
102 103 104 105 215 505 647 755 940 941 1089 1090 1091 1092 1213 1276 1534 1690 1909 2066 2192 2193 2194 2195 2349 2350 2385 2446 2523 2631 2692 2729 2848 2849 2850 2879 2891 2959 3013 3071 3072 3118 3162 
53 58 62 146 147 148 149 327 328 476 480 572 576 675 679 940 941 1276 1749 1753 2015 2349 2350 2446 2879 2959 3013 3071 3072 3118 3162 
75 104 177 215 277 436 505 564 647 755 822 940 941 990 1213 1276 1312 1419 1534 1690 1801 1909 2066 2085 2192 2349 2350 2446 2523 2692 2848 2849 2850 2879 2891 2959 3013 3071 3072 3118 3162 
66 78 94 104 138 173 195 215 270 285 439 451 505 567 627 647 721 755 818 940 941 982 983 1161 1213 1276 1308 1415 1448 1534 1649 1690 1801 1855 1909 2066 2085 2119 2192 2349 2350 2446 2523 2692 2711 2848 2849 2850 2879 2891 2959 3013 3071 3072 3118 3162 
47 53 66 78 133 134 138 182 244 270 294 419 439 552 567 708 829 1000 1001 1317 1424 1947 2052 3023 3079 3167 
75 94 102 103 104 105 186 187 206 277 436 451 505 564 627 647 721 755 833 1008 1072 1073 1074 1075 1152 1184 1321 1428 1430 1499 1641 1671 1844 1889 1946 2096 2157 2158 2159 2160 2381 2499 2615 2699 2717 2861 2862 2906 2984 3043 3073 3119 
47 53 78 97 98 133 134 138 140 182 212 213 244 270 294 302 419 439 460 461 552 567 634 635 708 726 727 829 1000 1001 1080 1190 1191 1317 1424 1512 1513 1677 1678 1895 1896 1947 2052 2256 3023 3079 3108 3136 3167 3206 3234 3252 
69 86 87 89 97 98 151 192 212 213 302 304 348 460 461 464 471 473 474 494 584 634 635 639 641 642 726 727 730 732 733 835 1017 1018 1080 1124 1157 1190 1191 1441 1446 1512 1513 1604 1646 1677 1678 1849 1853 1895 1896 2024 2095 2115 2116 2256 2258 2260 2456 2474 2476 2644 2646 2762 2766 2767 2842 2844 2885 2887 3108 3136 3206 3234 3252 
89 97 98 106 192 212 213 302 304 460 461 464 471 472 473 474 634 635 639 640 641 642 726 727 730 731 732 733 1017 1018 1080 1124 1157 1190 1191 1441 1446 1512 1513 1646 1677 1678 1849 1895 1896 2115 2116 2256 2258 2260 2456 2474 2476 2548 2644 2646 2697 2756 2762 2766 2767 2838 2842 2844 2885 2887 3108 3136 3206 3234 3252 
75 94 177 195 277 436 451 564 627 721 822 940 941 990 1161 1276 1312 1419 1448 1649 1801 1855 2066 2085 2119 2349 2350 2446 2692 2711 2848 2849 2850 2879 2891 2959 3013 3071 3072 3118 3162 
53 62 97 98 140 148 149 212 213 302 327 460 461 480 576 634 635 675 726 727 940 941 1080 1190 1191 1276 1512 1513 1677 1678 1895 1896 2015 2256 2349 2446 2879 3072 3108 3118 3136 3162 3206 3234 3252 
87 89 106 192 194 317 471 473 474 639 640 641 642 730 731 732 733 1017 1018 1124 1157 1159 1441 1444 1446 1646 1849 1851 2115 2116 2258 2260 2456 2474 2476 2548 2644 2646 2697 2756 2762 2766 2767 2838 2842 2844 2885 2887 
53 58 59 60 61 62 66 139 146 147 148 149 157 158 159 161 257 258 259 261 326 327 389 425 476 477 478 479 480 572 573 574 575 576 676 677 678 777 778 779 780 781 785 930 931 932 933 934 935 936 937 938 939 940 941 1139 1276 1277 1278 1279 1280 1281 1389 1390 1391 1392 1393 1749 1958 1959 1960 1961 1962 2016 2029 2030 2064 2265 2266 2267 2268 2349 2350 2398 2399 2446 2647 2648 2792 2793 2867 2879 2918 2959 2986 3013 3031 3048 3071 3072 3118 3138 3162 3211 3254 3289 3314 3349 3380 3409 3425 
53 62 87 106 140 148 149 194 304 317 327 464 480 576 640 675 731 940 941 1159 1276 1444 1851 2015 2260 2349 2446 2456 2476 2548 2646 2697 2756 2766 2767 2838 2844 2879 2887 3072 3118 3162 
50 71 136 692 953 1275 3070 3101 3161 3190 
50 68 116 160 228 260 394 395 426 557 680 784 940 941 1138 1276 2446 2879 3072 3118 3162 
68 71 116 135 162 163 164 230 231 263 264 397 399 400 427 558 671 681 914 1287 1399 2446 2879 3102 3178 3179 3208 3209 3237 3239 
54 118 227 920 1350 1388 3040 3041 3067 3116 
3238 3239 
1 
7 
37 
96 
20 108 
50 71 135 681 2446 2879 
52 54 67 69 118 127 128 129 130 150 151 227 235 236 347 354 410 411 490 491 545 546 582 583 744 860 861 920 1061 1340 1350 1388 1492 1884 2028 2379 2978 3040 3067 3116 
75 94 97 102 103 104 105 186 187 206 213 277 436 451 460 505 564 627 634 647 721 726 755 833 1008 1072 1073 1074 1075 1152 1184 1191 1321 1428 1430 1499 1513 1641 1671 1678 1844 1889 1896 1946 2096 2157 2158 2159 2160 2169 2381 2499 2615 2699 2717 2861 2862 2906 2984 3043 3073 3119 
66 98 99 100 101 140 209 210 211 302 343 344 461 462 463 502 644 727 728 729 752 1079 1187 1188 1189 1506 1507 1509 1674 1892 1893 1894 2175 2253 2449 3133 3200 3201 3231 3249 
47 48 49 53 66 75 76 77 78 80 81 94 97 102 103 104 105 133 134 138 169 170 171 172 173 174 175 176 177 195 215 222 244 270 277 278 281 282 283 284 285 286 288 419 420 421 422 423 436 437 438 439 451 460 505 552 553 554 555 556 564 565 566 567 627 634 647 696 698 699 700 701 702 721 726 755 814 815 816 817 818 819 820 821 822 823 974 975 976 978 979 980 981 982 983 984 987 988 989 990 1089 1090 1091 1092 1147 1150 1161 1213 1220 1304 1306 1307 1308 1310 1311 1312 1411 1412 1413 1414 1415 1416 1417 1418 1419 1448 1534 1548 1603 1649 1690 1697 1795 1816 1817 1818 1855 1909 1916 1970 1971 1972 1973 1983 1984 1985 1986 1987 2019 2020 2021 2035 2039 2040 2119 2192 2193 2194 2195 2202 2284 2287 2385 2405 2406 2414 2415 2523 2631 2655 2660 2661 2711 2729 2796 2800 2801 2851 2852 2870 2892 2920 2921 2925 2950 2968 2990 2995 3034 3051 3055 3111 3141 3146 3184 3214 3218 3240 3257 3261 3283 3292 3296 3308 3317 3322 3345 3352 3364 3369 3385 3386 3399 3402 3412 3420 3431 3448 3449 3456 3466 3474 3485 3489 3492 3495 3498 3502 
