52 67 128 129 130 234 235 237 238 239 240 241 242 406 407 408 409 410 411 412 413 541 542 543 544 545 546 604 605 674 798 799 800 801 802 803 804 919 926 927 962 963 965 967 1146 1294 1295 1296 1298 1403 1404 1405 1781 1782 1787 1788 2070 2071 2076 2077 2353 2354 2459 2460 2652 2772 2846 2889 3019 3097 
52 127 128 129 130 131 132 137 234 235 237 238 239 240 241 242 243 269 273 275 406 407 408 409 410 411 412 413 414 415 416 417 418 430 431 432 433 434 541 542 543 544 545 546 547 548 549 550 551 560 561 562 563 604 605 611 674 767 798 799 800 801 802 803 804 889 890 891 892 893 894 895 896 897 919 926 927 962 963 965 967 1105 1106 1108 1110 1146 1236 1237 1238 1239 1294 1296 1298 1359 1361 1363 1380 1381 1382 1383 1403 1404 1405 1560 1561 1562 1629 1630 1782 1787 1924 1925 2045 2046 2070 2076 2077 2228 2230 2231 2311 2353 2354 2389 2390 2459 2460 2532 2533 2652 2673 2772 2782 2846 2853 2889 2898 3019 3097 
53 61 62 66 115 139 146 148 149 165 166 265 328 329 330 332 390 476 477 478 479 480 572 573 574 575 576 687 688 689 690 786 787 788 942 943 945 946 1282 1283 1284 1394 1395 1396 1776 1777 1952 1953 2057 2964 3027 3028 3088 3089 3126 3171 3172 
58 61 66 147 166 168 326 328 329 330 331 476 477 478 479 572 573 574 575 688 689 690 787 790 945 951 1283 1286 1395 1398 1776 1777 1951 1953 2056 2964 2985 3028 3044 3045 3086 3089 3124 3126 3172 
56 58 59 61 62 63 64 65 66 69 73 75 76 77 78 79 80 81 82 83 85 86 87 88 89 90 91 92 94 95 97 98 99 100 101 102 103 104 105 140 142 150 151 153 154 188 189 190 300 313 349 350 351 352 353 354 355 356 373 374 375 376 377 378 379 380 381 382 383 384 385 386 387 388 441 449 450 489 507 508 510 511 513 514 516 519 520 521 527 528 532 533 534 535 537 538 540 579 580 581 582 583 592 593 594 595 596 597 598 599 600 607 608 609 612 624 625 626 649 650 651 652 653 654 655 656 657 658 659 660 661 662 663 664 665 666 667 668 718 719 720 750 757 758 759 760 761 762 763 764 765 768 769 770 771 772 773 774 775 870 871 872 873 874 875 876 902 903 904 905 906 907 908 909 910 911 912 913 928 929 1013 1014 1081 1082 1083 1085 1086 1125 1130 1132 1153 1154 1155 1211 1256 1258 1259 1260 1261 1262 1263 1264 1265 1266 1267 1268 1269 1270 1271 1272 1273 1274 1351 1352 1354 1355 1364 1365 1366 1368 1370 1384 1385 1386 1432 1434 1436 1516 1517 1518 1531 1581 1582 1583 1584 1585 1586 1587 1588 1589 1592 1633 1634 1635 1637 1638 1639 1640 1642 1643 1717 1718 1719 1720 1721 1723 1724 1725 1740 1741 1742 1743 1744 1746 1747 1845 1846 1847 1898 1906 1936 1939 1940 1941 1942 1943 1945 2010 2011 2012 2013 2014 2050 2105 2106 2184 2241 2242 2243 2245 2247 2248 2250 2251 2290 2343 2344 2383 2393 2394 2419 2441 2443 2444 2512 2539 2542 2543 2546 2547 2586 2587 2604 2640 2641 2642 2674 2687 2703 2737 2739 2740 2741 2758 2786 2788 2824 2825 2864 2881 2907 2913 2914 2917 2946 2956 2958 2982 2983 3010 3012 3022 3096 
49 50 53 58 59 60 62 66 68 71 76 80 81 116 134 135 139 147 148 149 155 156 157 158 159 160 161 166 169 175 228 229 244 254 255 256 257 260 278 326 328 329 330 331 332 389 390 392 393 394 395 403 423 424 426 437 476 477 478 479 480 556 557 565 572 573 574 575 576 669 675 676 677 678 679 683 688 689 690 694 696 697 777 778 779 780 781 782 787 788 814 820 921 930 931 932 934 937 939 945 946 974 986 1134 1140 1277 1278 1279 1280 1281 1283 1284 1304 1310 1371 1389 1390 1391 1392 1393 1395 1396 1411 1417 1596 1599 1758 1759 1760 1764 1765 1766 1776 1777 1791 1792 1793 1794 1801 1953 1956 1963 1964 1965 1966 1967 2015 2016 2018 2031 2032 2065 2085 2261 2262 2269 2270 2272 2350 2358 2395 2402 2403 2464 2549 2593 2649 2650 2743 2790 2794 2795 2848 2849 2850 2865 2868 2891 2919 2937 2960 2962 2964 2988 3014 3028 3032 3049 3089 3099 3100 3126 3130 3131 3139 3140 3172 3181 3182 3212 3255 3281 3290 3316 3350 3382 3410 3427 3454 3464 3465 3473 3484 3490 3496 3499 3503 
67 127 128 129 130 131 132 137 234 235 237 238 239 240 241 242 243 245 246 248 249 269 271 272 273 274 275 406 407 408 409 410 411 412 413 414 415 417 418 430 433 434 541 542 543 544 545 546 547 548 549 550 551 560 561 562 563 604 605 611 674 767 798 799 800 801 802 803 804 889 890 891 892 893 894 895 896 897 919 926 927 962 963 965 967 1106 1107 1146 1294 1296 1298 1360 1362 1363 1380 1381 1382 1383 1403 1404 1405 1560 1561 1562 1629 1630 1782 1787 1923 1924 1925 2045 2046 2070 2076 2077 2230 2231 2311 2353 2354 2389 2390 2459 2460 2532 2533 2652 2673 2772 2782 2846 2853 2889 2898 3019 3097 
66 91 93 140 188 190 300 313 441 449 450 624 625 626 718 719 720 1013 1014 1153 1155 1160 1432 1436 1447 1642 1845 1847 2105 2106 2290 2292 2419 2481 2604 2703 2705 2758 2759 2881 2882 2956 2957 2958 3010 3011 3012 
61 66 115 139 147 166 326 328 329 330 331 390 476 477 478 479 572 573 574 575 688 689 690 787 788 945 946 1283 1284 1395 1396 1776 1777 1953 2964 3028 3089 3126 3172 
60 61 76 77 78 138 139 147 166 183 185 278 280 326 328 329 330 331 390 437 439 476 477 478 479 565 567 572 573 574 575 688 689 690 709 710 787 788 830 832 945 946 1002 1006 1283 1284 1318 1320 1395 1396 1425 1427 1776 1777 1841 1842 1948 1953 2964 2970 3024 3028 3081 3089 3121 3126 3168 3172 
70 76 77 78 88 92 93 138 140 183 185 188 189 193 278 280 300 437 439 449 450 472 565 567 625 626 640 709 710 719 720 731 830 832 1002 1006 1013 1017 1018 1124 1153 1154 1158 1318 1320 1425 1427 1432 1434 1443 1446 1642 1643 1647 1841 1842 1845 1846 1850 1948 2105 2106 2109 2112 2117 2257 2258 2259 2290 2371 2419 2453 2454 2475 2604 2643 2644 2645 2703 2758 2761 2763 2764 2778 2843 2881 2884 2885 2886 2893 2956 2970 3010 3024 3081 3121 3168 
50 53 62 68 76 77 78 116 138 148 149 160 175 183 185 228 260 278 280 332 394 395 426 437 439 480 557 565 567 576 675 680 709 710 820 830 832 941 986 1002 1006 1276 1310 1318 1320 1417 1425 1427 1801 1841 1842 1948 2015 2066 2085 2349 2350 2446 2692 2833 2834 2835 2879 2970 3013 3024 3071 3081 3118 3121 3162 3168 
53 62 68 71 76 77 78 116 135 138 148 149 164 183 185 230 264 278 280 332 399 437 439 480 558 565 567 576 675 681 685 686 709 710 830 832 941 1002 1006 1276 1318 1320 1425 1427 1841 1842 1948 2015 2017 2350 2970 3013 3016 3024 3071 3081 3101 3103 3118 3121 3162 3168 3179 3209 3239 
91 92 93 188 189 190 441 448 449 450 624 625 626 718 719 720 1013 1014 1153 1154 1155 1432 1434 1436 1642 1643 1644 1845 1846 1847 2062 2105 2106 2107 2290 2291 2419 2420 2480 2604 2606 2703 2758 2777 2840 2881 2883 2956 3010 3012 
76 77 78 91 92 93 138 140 183 185 188 189 278 280 300 437 439 449 450 565 567 625 626 709 710 719 720 830 832 1002 1006 1013 1014 1153 1154 1318 1320 1425 1427 1432 1434 1642 1643 1841 1842 1845 1846 1948 2105 2106 2107 2290 2291 2419 2420 2480 2604 2606 2703 2758 2777 2840 2881 2956 2970 3010 3024 3081 3121 3168 
75 76 77 78 91 92 93 138 140 183 185 188 189 278 280 300 437 439 449 450 565 567 625 626 709 710 711 719 720 830 832 1002 1006 1013 1014 1153 1154 1318 1320 1425 1427 1432 1434 1642 1643 1841 1842 1845 1846 1948 2105 2106 2107 2290 2291 2419 2420 2480 2604 2606 2703 2758 2777 2840 2881 2956 2970 3010 3024 3081 3121 3168 
50 71 135 681 941 1276 3071 3072 3118 3162 
14 
19 
38 
10 111 
122 
52 67 127 128 129 130 234 235 237 238 239 240 241 242 406 407 408 409 410 411 412 413 541 542 543 544 545 546 604 605 674 798 799 800 801 802 803 804 919 926 927 962 963 965 967 1146 1294 1296 1298 1403 1404 1405 1782 1787 2070 2076 2077 2353 2354 2459 2460 2652 2772 2846 2889 3019 3097 
50 53 62 66 71 135 148 149 332 480 576 675 681 941 1276 2015 2350 3013 3071 3118 3162 
60 61 66 139 147 166 326 328 329 330 331 390 476 477 478 479 572 573 574 575 688 689 690 787 788 945 946 1283 1284 1395 1396 1776 1777 1953 2964 3028 3089 3126 3172 
