50 53 58 59 61 62 66 68 116 146 147 148 149 164 165 166 167 230 264 265 266 267 326 327 398 399 428 477 479 480 558 573 575 576 686 690 786 787 789 942 944 945 948 949 1283 1285 1394 1395 1397 1768 1769 1770 1771 1772 1952 2017 2057 2967 3016 3027 3087 3088 3103 3125 3171 3179 3209 3239 
53 60 61 62 66 139 146 147 148 149 165 166 265 326 327 478 480 574 576 687 688 786 787 942 945 1283 1394 1395 1952 1953 2057 2058 3027 3028 3087 3088 3089 3090 3125 3126 3171 3172 
48 49 53 58 61 62 66 80 81 133 134 146 148 149 165 168 178 179 180 244 265 290 291 292 327 328 420 421 422 423 476 479 480 553 554 555 556 572 575 576 687 706 786 790 825 826 827 942 950 992 994 996 1286 1394 1398 1420 1421 1422 1824 1951 1952 2022 2056 2057 2465 2905 2985 3027 3045 3087 3088 3124 3125 3171 
50 53 58 59 61 62 66 68 116 146 147 164 166 167 230 264 266 267 326 398 399 428 477 479 558 573 575 686 687 690 787 789 944 945 948 949 1283 1285 1395 1397 1768 1769 1770 1771 1772 1952 2017 2057 2967 3016 3027 3087 3088 3103 3125 3171 3179 3209 3239 
53 61 62 66 146 148 149 165 265 326 327 331 479 480 575 576 687 786 942 1394 1952 2057 3027 3087 3088 3125 3171 
50 53 58 61 62 66 68 116 147 148 149 164 165 168 230 264 265 326 327 398 399 428 479 480 558 572 573 574 575 576 686 687 688 689 690 786 790 942 950 1286 1394 1398 1768 1769 1770 1771 1772 1952 2017 2057 2967 3016 3027 3087 3088 3103 3125 3171 3179 3209 3239 
53 61 62 97 98 99 140 146 147 148 149 165 211 213 265 302 326 327 460 462 479 480 575 576 634 636 687 726 728 786 942 1079 1080 1189 1191 1394 1509 1513 1676 1678 1894 1896 1952 2057 2179 2255 3027 3087 3088 3107 3125 3135 3171 3205 3233 3251 
48 49 50 53 58 59 60 61 66 68 71 80 81 116 133 134 135 139 146 147 148 149 155 156 157 158 159 160 161 165 169 170 171 228 229 244 255 256 257 258 259 260 261 265 281 282 283 326 327 389 392 393 394 395 403 420 421 422 423 424 425 426 476 477 478 479 480 553 554 555 556 557 572 573 574 575 576 669 675 676 677 678 683 687 697 777 778 779 780 781 782 785 786 814 815 816 921 930 931 932 933 934 935 936 937 938 942 974 976 978 1134 1139 1277 1278 1279 1280 1371 1389 1390 1391 1392 1393 1394 1411 1412 1413 1596 1794 1952 1956 1958 1959 1960 1961 1962 2015 2016 2018 2029 2030 2057 2261 2262 2265 2350 2395 2398 2399 2464 2549 2593 2647 2648 2743 2790 2792 2793 2865 2867 2891 2918 2937 2960 2962 2986 3014 3027 3031 3046 3048 3087 3088 3099 3100 3125 3130 3131 3137 3138 3171 3180 3182 3211 3254 3280 3289 3314 3336 3349 3380 3396 3409 3425 3445 3453 3465 3473 3484 3490 3496 3499 3503 
53 60 62 66 139 146 147 148 149 165 166 265 266 326 327 478 479 480 574 575 576 687 688 786 787 942 944 1394 1395 1952 1953 2057 2058 3027 3028 3087 3088 3089 3090 3125 3126 3171 3172 
47 61 62 66 76 78 133 146 147 148 149 165 182 183 185 265 277 278 280 326 327 436 437 439 479 480 552 564 565 567 575 576 687 708 710 711 786 829 830 832 942 1000 1002 1006 1317 1318 1320 1394 1424 1425 1427 1838 1839 1840 1947 1952 2057 2969 3023 3027 3079 3087 3088 3120 3125 3167 3171 
54 118 203 232 335 401 402 483 577 748 2156 2589 2691 2831 2832 2877 2878 
52 67 69 129 130 151 236 348 411 491 546 583 743 1071 1350 1388 2028 2380 2498 2877 3041 3067 3116 
54 118 227 920 2498 2877 
53 61 62 66 146 147 148 149 165 265 326 327 479 480 575 576 687 786 942 1394 1952 2057 3027 3087 3088 3125 3171 
