70 141 152 301 357 359 362 363 452 454 455 456 457 458 497 498 499 500 501 586 587 588 589 590 628 629 630 631 632 722 723 724 725 879 880 881 882 883 884 1098 1099 1223 1224 1225 1226 1227 1228 1376 1377 1378 1379 1550 1551 1552 1553 1554 1627 1628 1698 1699 1700 1701 1917 1918 1919 2047 2048 2223 2224 2225 2312 2524 2528 2529 2632 2633 2730 2731 2812 2900 2940 2975 3019 3097 
53 58 61 66 146 147 166 168 266 326 328 329 330 331 390 429 476 477 478 479 572 573 574 575 688 689 690 787 788 790 944 945 946 947 950 1283 1284 1286 1395 1396 1398 1776 1777 1778 1953 1954 2964 2965 3028 3029 3090 3092 3126 3127 3172 3173 
53 58 60 62 66 139 146 147 148 149 165 166 168 265 266 326 328 329 331 332 476 477 479 480 572 573 575 576 687 688 689 690 786 787 790 942 943 944 945 950 1282 1283 1286 1394 1395 1398 1773 1774 1775 1776 1777 1952 1953 2963 2964 3027 3028 3088 3090 3125 3126 3171 3172 
53 58 61 66 115 139 146 147 166 168 266 326 328 329 331 476 477 479 572 573 575 688 689 690 787 790 944 945 950 1283 1286 1395 1398 1776 1777 1953 2964 3028 3090 3126 3172 
48 53 60 61 66 80 81 93 99 134 139 146 147 166 181 188 211 244 251 254 266 326 328 329 331 420 423 450 462 476 477 479 553 556 572 573 575 626 636 688 689 690 703 704 705 706 720 728 787 828 944 945 998 1153 1189 1283 1316 1395 1423 1432 1509 1642 1676 1776 1777 1821 1822 1823 1824 1845 1894 1953 2022 2086 2096 2169 2359 2465 2499 2699 2858 2859 2860 2905 2964 3028 3090 3126 3172 
66 69 70 97 98 99 101 102 140 142 152 207 208 340 358 359 362 363 374 496 497 500 501 503 510 511 512 514 515 516 586 589 590 645 646 650 651 652 654 655 656 753 754 757 758 759 761 762 763 858 1048 1050 1052 1053 1055 1057 1058 1059 1075 1173 1185 1186 1481 1501 1502 1503 1610 1660 1672 1673 1877 1890 1891 2061 2148 2149 2150 2151 2152 2153 2154 2155 2320 2377 2378 2506 2613 2625 2695 2977 3020 3068 3069 3117 3160 3198 3199 3247 3278 3279 
53 58 60 61 62 66 139 147 148 149 165 166 168 265 266 326 328 329 332 476 477 480 572 573 576 687 688 689 690 786 787 790 942 943 944 945 950 1282 1283 1286 1394 1395 1398 1773 1774 1775 1776 1777 1952 1953 2963 2964 3027 3028 3088 3090 3125 3126 3171 3172 
66 97 99 100 101 140 209 211 302 342 358 453 459 462 496 503 633 634 635 636 637 645 646 647 648 726 727 728 729 753 754 755 756 877 1077 1078 1080 1087 1187 1189 1193 1194 1195 1196 1197 1198 1199 1200 1201 1505 1509 1520 1521 1523 1612 1613 1614 1676 1680 1682 1729 1730 1731 1892 1894 1900 1901 1902 2001 2002 2174 2175 2176 2186 2253 2321 2431 2514 2570 2723 2727 2814 2908 2909 2944 2979 3021 3095 3105 3133 3200 3231 3249 
48 53 58 59 60 61 66 80 81 93 99 134 139 146 147 166 167 181 188 211 244 251 254 266 267 331 420 423 450 462 479 553 556 575 626 636 688 689 690 703 704 705 706 720 728 787 789 828 944 945 948 949 998 1153 1189 1283 1285 1316 1395 1397 1423 1432 1509 1642 1676 1776 1777 1821 1822 1823 1824 1845 1894 1953 1955 2022 2058 2086 2096 2169 2359 2465 2499 2699 2858 2859 2860 2905 2964 2966 3028 3030 3090 3094 3126 3128 3172 3174 
48 53 58 59 60 61 66 80 81 93 99 134 139 146 166 167 168 181 188 211 244 251 254 266 267 268 326 331 420 423 450 462 476 479 553 556 572 575 626 636 688 689 690 703 704 705 706 720 728 787 789 790 828 944 945 948 949 950 998 1153 1189 1283 1285 1316 1395 1397 1398 1423 1432 1509 1642 1676 1776 1777 1821 1822 1823 1824 1845 1894 1951 1953 1955 2022 2086 2096 2169 2359 2465 2499 2699 2858 2859 2860 2905 2964 2966 2985 3028 3030 3044 3086 3090 3094 3124 3126 3128 3172 3174 
69 93 94 97 98 99 100 101 102 103 106 142 151 152 209 211 304 342 358 359 362 363 373 374 376 445 462 464 497 500 501 502 510 511 512 513 514 515 516 529 530 584 586 589 590 621 636 639 650 651 652 653 654 655 656 667 668 715 728 730 752 757 758 759 760 761 762 763 774 775 835 858 1019 1048 1050 1052 1053 1055 1056 1057 1058 1059 1077 1078 1080 1111 1112 1124 1187 1189 1242 1243 1505 1509 1604 1676 1705 1706 1852 1853 1892 1894 1928 2024 2095 2148 2149 2150 2152 2153 2154 2155 2174 2175 2176 2232 2233 2234 2235 2253 2377 2378 2391 2534 2548 2613 2636 2697 2714 2756 2838 2855 2903 2942 2977 3020 3068 3069 3105 3117 3133 3160 3200 3231 3249 
93 94 97 98 99 100 101 102 188 208 209 210 211 212 213 302 341 342 358 450 459 462 496 502 503 626 633 636 646 647 648 720 728 752 753 754 755 756 877 1011 1012 1076 1077 1078 1079 1080 1087 1153 1186 1187 1188 1189 1190 1191 1193 1194 1195 1196 1197 1198 1199 1200 1201 1432 1503 1505 1507 1509 1511 1513 1520 1521 1523 1612 1613 1614 1642 1675 1676 1677 1678 1680 1682 1729 1730 1731 1845 1891 1892 1893 1894 1895 1896 1900 1901 1902 2001 2002 2096 2097 2098 2099 2169 2170 2171 2172 2173 2174 2175 2176 2177 2178 2186 2252 2253 2254 2256 2321 2370 2382 2431 2471 2514 2570 2597 2707 2723 2727 2814 2894 2908 2909 2944 2974 2979 3018 3021 3095 3105 3106 3108 3109 3110 3132 3133 3134 3136 3176 3195 3200 3203 3207 3210 3230 3231 3232 3234 3248 3249 3250 3252 3279 
66 97 98 99 140 211 213 302 344 346 358 453 459 496 502 503 633 634 635 637 644 645 646 647 648 726 727 729 752 753 754 755 756 877 1079 1080 1087 1189 1191 1193 1194 1195 1196 1197 1198 1199 1200 1201 1509 1513 1520 1521 1523 1612 1613 1614 1680 1682 1729 1730 1731 1894 1896 1900 1901 1902 2001 2002 2179 2186 2252 2255 2321 2431 2448 2514 2570 2723 2727 2814 2908 2909 2944 2979 3021 3095 3107 3110 3135 3175 3176 3195 3204 3230 3233 3251 
69 70 97 98 99 100 101 103 142 152 208 209 211 342 359 362 363 374 462 497 500 501 502 503 510 511 512 514 515 516 586 589 590 636 645 650 651 652 654 655 656 728 752 753 757 758 759 761 762 763 858 1048 1050 1052 1053 1055 1057 1058 1059 1076 1077 1078 1080 1173 1186 1187 1189 1481 1504 1505 1509 1660 1673 1676 1877 1891 1892 1894 2148 2149 2150 2151 2152 2153 2154 2155 2169 2170 2171 2172 2173 2174 2175 2176 2253 2377 2378 2382 2613 2977 3020 3068 3069 3105 3109 3117 3132 3133 3160 3200 3210 3231 3248 3249 3279 
58 60 61 66 139 147 166 168 266 326 328 329 331 390 476 477 479 572 573 574 575 688 689 690 787 788 790 944 945 946 950 1283 1284 1286 1395 1396 1398 1776 1777 1778 1953 1954 2964 2965 3028 3029 3090 3092 3126 3127 3172 3173 
66 92 140 189 190 300 312 441 448 624 625 718 719 1014 1154 1155 1160 1434 1435 1437 1605 1643 1644 1846 1847 2062 2292 2293 2482 2483 2607 2608 2698 2705 2759 2882 2883 2893 2957 2958 3011 3012 
93 94 97 98 99 100 101 102 188 208 209 210 211 212 302 341 342 358 450 453 459 462 496 502 503 626 633 634 636 646 647 648 720 726 728 752 753 754 755 756 877 1011 1012 1076 1077 1078 1079 1080 1087 1153 1186 1187 1188 1189 1190 1193 1194 1195 1196 1197 1198 1199 1200 1201 1432 1503 1505 1507 1509 1511 1520 1521 1523 1612 1613 1614 1642 1675 1676 1677 1680 1682 1729 1730 1731 1845 1891 1892 1893 1894 1895 1900 1901 1902 2001 2002 2096 2097 2098 2099 2169 2170 2171 2172 2173 2174 2175 2176 2177 2178 2186 2253 2254 2256 2321 2370 2382 2431 2471 2514 2570 2597 2707 2723 2727 2814 2894 2908 2909 2944 2974 2979 3018 3021 3095 3105 3106 3108 3109 3132 3133 3134 3136 3200 3203 3207 3210 3231 3232 3234 3248 3249 3250 3252 3279 
91 92 93 94 187 188 189 190 312 313 441 448 450 451 624 625 626 627 718 719 720 721 1012 1014 1152 1153 1154 1155 1430 1432 1434 1435 1436 1437 1605 1641 1642 1643 1644 1844 1845 1846 1847 2062 2100 2101 2102 2288 2293 2417 2483 2600 2608 2698 2701 2757 2880 2882 2883 2893 2955 2957 2958 3009 3011 3012 
87 90 91 92 189 190 191 312 313 441 447 448 623 625 717 718 719 1014 1015 1018 1154 1155 1156 1434 1435 1436 1437 1438 1605 1643 1644 1645 1846 1847 1848 2108 2109 2110 2111 2293 2371 2472 2483 2608 2698 2706 2778 2882 2883 2957 2958 3011 3012 
87 89 91 93 94 97 98 99 100 101 188 190 192 194 209 300 304 315 317 342 358 448 450 464 474 502 624 626 640 642 718 720 731 733 752 1011 1012 1018 1077 1078 1079 1080 1153 1155 1157 1159 1187 1432 1437 1440 1444 1505 1642 1644 1646 1845 1847 1849 1851 1892 2062 2096 2097 2098 2099 2109 2112 2115 2116 2174 2175 2176 2253 2257 2258 2260 2370 2371 2453 2454 2456 2471 2474 2476 2597 2643 2644 2646 2707 2761 2762 2763 2766 2767 2778 2842 2844 2883 2884 2885 2887 2893 2894 2958 2974 3012 3018 3105 3133 3200 3231 3249 
76 77 87 88 97 99 100 101 105 138 140 184 185 193 194 209 211 270 278 296 304 317 342 437 438 462 464 473 496 502 565 566 636 640 641 648 728 731 732 752 756 831 832 1004 1007 1018 1072 1077 1078 1080 1158 1159 1187 1189 1320 1426 1427 1443 1444 1505 1509 1647 1676 1843 1850 1851 1892 1894 1946 1949 1950 2051 2054 2117 2174 2175 2176 2253 2259 2260 2381 2456 2475 2476 2645 2646 2717 2764 2766 2767 2843 2844 2886 2887 2906 2972 2984 3025 3026 3042 3043 3073 3082 3083 3084 3105 3119 3122 3123 3133 3169 3170 3200 3231 3249 
87 89 91 97 98 99 100 101 190 192 194 209 210 211 300 304 315 317 342 343 358 448 453 462 463 464 474 502 624 636 637 640 642 718 728 729 731 733 752 1018 1077 1079 1080 1155 1157 1159 1187 1188 1189 1437 1440 1444 1505 1507 1509 1644 1646 1676 1847 1849 1851 1892 1893 1894 2062 2109 2112 2115 2116 2174 2175 2176 2253 2254 2257 2258 2260 2371 2450 2453 2454 2456 2474 2476 2643 2644 2646 2761 2762 2763 2766 2767 2778 2842 2844 2883 2884 2885 2887 2893 2958 3012 3105 3133 3134 3200 3202 3203 3231 3232 3249 3250 
87 89 91 97 98 99 101 103 190 192 194 207 209 211 300 304 315 317 340 342 358 448 462 464 474 502 503 504 624 636 640 642 644 718 728 731 733 752 753 754 1018 1078 1079 1080 1155 1157 1159 1185 1187 1189 1192 1437 1440 1444 1501 1505 1509 1515 1644 1646 1674 1676 1847 1849 1851 1890 1892 1894 2062 2109 2112 2115 2116 2170 2174 2175 2176 2253 2257 2258 2260 2319 2371 2382 2449 2453 2454 2456 2474 2476 2504 2643 2644 2646 2722 2755 2761 2762 2763 2766 2767 2778 2842 2844 2883 2884 2885 2887 2893 2958 3012 3105 3132 3133 3198 3200 3201 3210 3231 3247 3249 3278 
87 89 91 97 99 100 103 190 192 194 207 209 211 300 304 315 317 340 342 358 448 462 464 474 502 503 504 624 636 640 642 644 718 728 731 733 752 753 754 1018 1076 1077 1078 1080 1155 1157 1159 1185 1187 1189 1192 1437 1440 1444 1501 1505 1506 1509 1515 1644 1646 1674 1676 1847 1849 1851 1890 1892 1894 2062 2109 2112 2115 2116 2174 2175 2176 2253 2257 2258 2260 2319 2371 2382 2453 2454 2456 2474 2476 2504 2643 2644 2646 2722 2755 2761 2762 2763 2766 2767 2778 2842 2844 2883 2884 2885 2887 2893 2958 3012 3105 3132 3133 3198 3200 3210 3231 3247 3249 3278 
87 89 91 97 98 99 101 190 192 194 209 210 211 300 304 315 317 342 343 358 448 453 462 463 464 474 502 624 636 637 640 642 718 728 729 731 733 752 1018 1077 1078 1079 1080 1155 1157 1159 1187 1188 1189 1437 1440 1444 1505 1507 1508 1509 1644 1646 1675 1676 1847 1849 1851 1892 1893 1894 2062 2109 2112 2115 2116 2174 2175 2176 2177 2178 2253 2254 2257 2258 2260 2371 2453 2454 2456 2474 2476 2643 2644 2646 2761 2762 2763 2766 2767 2778 2842 2844 2883 2884 2885 2887 2893 2958 3012 3105 3106 3133 3134 3200 3203 3231 3232 3249 3250 
87 88 93 94 97 98 100 101 188 193 194 209 304 317 342 358 450 462 464 473 502 626 636 640 641 720 728 731 732 752 1011 1012 1018 1077 1078 1079 1080 1153 1158 1159 1187 1432 1443 1444 1505 1642 1647 1845 1850 1851 1892 2096 2097 2098 2099 2117 2174 2175 2176 2253 2259 2260 2370 2456 2471 2475 2476 2597 2645 2646 2707 2764 2766 2767 2843 2844 2886 2887 2894 2974 3018 3105 3133 3200 3231 3249 
87 88 98 99 100 101 193 194 209 211 304 317 342 358 462 464 473 502 636 640 641 728 731 732 752 1018 1077 1078 1079 1158 1159 1187 1189 1443 1444 1505 1509 1647 1676 1850 1851 1892 1894 2117 2174 2175 2176 2253 2259 2260 2456 2475 2476 2645 2646 2764 2766 2767 2843 2844 2886 2887 3105 3133 3200 3231 3249 
87 88 97 99 100 101 102 193 194 208 211 304 317 341 358 462 464 473 503 636 640 641 728 731 732 753 1018 1076 1077 1078 1080 1158 1159 1186 1189 1443 1444 1503 1509 1647 1676 1850 1851 1891 1894 2117 2169 2170 2171 2172 2173 2259 2260 2382 2456 2475 2476 2645 2646 2764 2766 2767 2843 2844 2886 2887 3109 3132 3210 3248 3279 
66 87 88 140 193 194 304 317 464 473 640 641 731 732 1018 1158 1159 1443 1444 1647 1850 1851 2117 2259 2260 2456 2475 2476 2645 2646 2764 2766 2767 2843 2844 2886 2887 
87 90 91 92 189 190 191 312 313 441 447 448 473 623 625 641 717 718 719 732 1014 1015 1017 1018 1154 1155 1156 1434 1435 1436 1437 1438 1605 1643 1644 1645 1846 1847 1848 2108 2109 2110 2111 2293 2371 2472 2483 2608 2698 2706 2778 2882 2883 2957 2958 3011 3012 
87 90 91 92 97 99 100 101 102 189 190 191 208 211 300 312 313 341 358 441 447 462 473 503 623 625 636 641 717 719 728 732 753 1014 1015 1017 1018 1076 1077 1078 1080 1154 1155 1156 1186 1189 1434 1435 1436 1437 1438 1503 1509 1605 1643 1644 1645 1676 1846 1847 1848 1891 1894 2108 2109 2110 2111 2169 2170 2171 2172 2173 2293 2371 2382 2472 2483 2608 2698 2706 2778 2882 2883 2957 2958 3011 3012 3109 3132 3210 3248 3279 
87 89 97 98 99 100 101 192 194 209 210 211 304 315 317 342 343 358 453 462 463 464 473 502 636 637 640 641 642 728 729 731 732 733 752 1017 1018 1077 1079 1080 1157 1159 1187 1188 1189 1440 1444 1505 1507 1509 1676 1849 1851 1892 1893 1894 2115 2116 2174 2175 2176 2253 2254 2258 2260 2450 2456 2474 2476 2644 2646 2762 2766 2767 2842 2844 2885 2887 3105 3133 3134 3200 3202 3203 3231 3232 3249 3250 
87 89 97 98 99 101 103 192 194 207 209 211 304 315 317 340 342 358 462 464 473 502 503 504 636 640 641 642 644 728 731 732 733 752 753 754 1017 1018 1078 1079 1080 1157 1159 1185 1187 1189 1192 1440 1444 1501 1505 1509 1515 1674 1676 1849 1851 1890 1892 1894 2115 2116 2170 2174 2175 2176 2253 2258 2260 2319 2382 2449 2456 2474 2476 2504 2644 2646 2722 2755 2762 2766 2767 2842 2844 2885 2887 3105 3132 3133 3198 3200 3201 3210 3231 3247 3249 3278 
87 89 97 99 100 103 192 194 207 209 211 304 315 317 340 342 358 462 464 473 502 503 504 636 640 641 642 644 728 731 732 733 752 753 754 1017 1018 1076 1077 1078 1080 1157 1159 1185 1187 1189 1192 1440 1444 1501 1505 1506 1509 1515 1674 1676 1849 1851 1890 1892 1894 2115 2116 2174 2175 2176 2253 2258 2260 2319 2382 2456 2474 2476 2504 2644 2646 2722 2755 2762 2766 2767 2842 2844 2885 2887 3105 3132 3133 3198 3200 3210 3231 3247 3249 3278 
87 89 97 98 99 101 192 194 209 210 211 304 315 317 342 343 358 453 462 463 464 473 502 636 637 640 641 642 728 729 731 732 733 752 1017 1018 1077 1078 1079 1080 1157 1159 1187 1188 1189 1440 1444 1505 1507 1508 1509 1675 1676 1849 1851 1892 1893 1894 2115 2116 2174 2175 2176 2177 2178 2253 2254 2258 2260 2456 2474 2476 2644 2646 2762 2766 2767 2842 2844 2885 2887 3105 3106 3133 3134 3200 3203 3231 3232 3249 3250 
87 89 93 94 97 98 100 101 188 192 194 209 304 315 317 342 358 450 462 464 473 502 626 636 640 641 642 720 728 731 732 733 752 1011 1012 1017 1018 1077 1078 1079 1080 1153 1157 1159 1187 1432 1440 1444 1505 1642 1845 1849 1851 1892 2096 2097 2098 2099 2115 2116 2174 2175 2176 2253 2258 2260 2370 2456 2471 2474 2476 2597 2644 2646 2707 2762 2766 2767 2842 2844 2885 2887 2894 2974 3018 3105 3133 3200 3231 3249 
87 89 98 99 100 101 192 194 209 211 304 315 317 342 358 462 464 473 502 636 640 641 642 728 731 732 733 752 1017 1018 1077 1078 1079 1157 1159 1187 1189 1440 1444 1505 1509 1676 1849 1851 1892 1894 2115 2116 2174 2175 2176 2253 2258 2260 2456 2474 2476 2644 2646 2762 2766 2767 2842 2844 2885 2887 3105 3133 3200 3231 3249 
69 87 88 125 151 193 473 584 641 732 835 1018 1158 1443 1446 1604 1647 1850 1853 2024 2095 2117 2259 2260 2456 2475 2476 2548 2645 2646 2696 2697 2756 2764 2766 2767 2838 2843 2844 2886 2887 
75 97 99 100 101 105 186 209 211 270 277 298 342 436 462 496 502 564 636 648 728 752 756 833 1008 1072 1077 1078 1080 1187 1189 1428 1505 1509 1676 1892 1894 1946 2051 2174 2175 2176 2253 2381 2717 2906 2984 3042 3043 3073 3105 3119 3133 3200 3231 3249 
69 87 88 89 91 106 151 190 192 193 300 304 448 464 473 474 584 624 641 642 718 732 733 835 1018 1019 1155 1157 1158 1437 1440 1443 1446 1604 1644 1646 1647 1847 1849 1850 1852 1853 2024 2062 2095 2117 2257 2258 2259 2453 2454 2472 2473 2474 2475 2548 2643 2644 2645 2697 2706 2756 2761 2763 2764 2778 2838 2843 2883 2884 2885 2886 2893 2958 3012 
69 87 88 91 93 94 97 98 99 100 101 106 151 188 190 193 209 300 342 358 448 450 473 502 584 624 626 641 718 720 732 752 835 1011 1012 1018 1019 1077 1078 1079 1080 1153 1155 1158 1187 1432 1437 1443 1446 1505 1604 1642 1644 1647 1845 1847 1850 1852 1853 1892 2024 2062 2095 2096 2097 2098 2099 2117 2174 2175 2176 2253 2257 2258 2259 2370 2453 2454 2471 2472 2473 2474 2475 2548 2597 2643 2644 2645 2697 2706 2707 2756 2761 2763 2764 2778 2838 2843 2883 2884 2885 2886 2893 2894 2958 2974 3012 3018 3105 3133 3200 3231 3249 
69 87 88 91 97 99 100 101 102 106 151 190 193 208 211 300 341 358 448 462 473 503 584 624 636 641 718 728 732 753 835 1018 1019 1076 1077 1078 1080 1155 1158 1186 1189 1437 1443 1446 1503 1509 1604 1644 1647 1676 1847 1850 1852 1853 1891 1894 2024 2062 2095 2117 2169 2170 2171 2172 2173 2257 2258 2259 2382 2453 2454 2472 2473 2474 2475 2548 2643 2644 2645 2697 2706 2756 2761 2763 2764 2778 2838 2843 2883 2884 2885 2886 2893 2958 3012 3109 3132 3210 3248 3279 
69 75 87 88 89 97 99 100 101 105 106 138 140 151 186 192 193 209 211 277 298 304 342 462 464 473 474 496 502 564 584 636 641 642 648 728 732 733 752 756 833 835 1008 1018 1019 1072 1077 1078 1080 1157 1158 1187 1189 1428 1440 1443 1446 1505 1509 1604 1646 1647 1676 1849 1850 1852 1853 1892 1894 1946 2024 2051 2095 2117 2174 2175 2176 2253 2258 2259 2381 2454 2474 2475 2548 2644 2645 2697 2717 2756 2763 2764 2838 2843 2885 2886 2906 2984 3042 3043 3073 3105 3119 3133 3200 3231 3249 
69 76 77 87 88 91 97 99 100 101 105 106 138 140 151 184 185 190 193 209 211 270 278 296 300 342 437 438 448 462 473 496 502 565 566 584 624 636 641 648 718 728 732 752 756 831 832 835 1004 1007 1018 1019 1072 1077 1078 1080 1155 1158 1187 1189 1320 1426 1427 1437 1443 1446 1505 1509 1604 1644 1647 1676 1843 1847 1850 1852 1853 1892 1894 1946 1949 1950 2024 2051 2054 2062 2095 2117 2174 2175 2176 2253 2257 2258 2259 2381 2453 2454 2472 2473 2474 2475 2548 2643 2644 2645 2697 2706 2717 2756 2761 2763 2764 2778 2838 2843 2883 2884 2885 2886 2893 2906 2958 2972 2984 3012 3025 3026 3042 3043 3073 3082 3083 3084 3105 3119 3122 3123 3133 3169 3170 3200 3231 3249 
66 93 94 97 98 99 100 101 102 140 188 208 209 210 211 212 302 341 342 450 453 459 462 496 503 626 633 634 636 646 647 648 720 726 728 753 754 755 756 877 1011 1012 1076 1077 1078 1080 1087 1153 1186 1187 1188 1189 1190 1193 1194 1195 1196 1197 1198 1199 1200 1201 1432 1503 1505 1507 1509 1511 1520 1521 1523 1612 1613 1614 1642 1675 1676 1677 1680 1682 1729 1730 1731 1845 1891 1892 1893 1894 1895 1900 1901 1902 2001 2002 2096 2097 2098 2099 2169 2170 2171 2172 2173 2174 2175 2176 2177 2178 2186 2253 2254 2256 2321 2370 2382 2431 2471 2514 2570 2597 2707 2723 2727 2814 2894 2908 2909 2944 2974 2979 3018 3021 3095 3105 3106 3108 3109 3132 3133 3134 3136 3200 3203 3207 3210 3231 3232 3234 3248 3249 3250 3252 3279 
66 87 90 92 140 189 191 300 312 441 447 448 473 623 624 625 641 717 718 719 732 1014 1015 1017 1018 1154 1156 1434 1435 1438 1605 1643 1645 1846 1848 2108 2109 2110 2111 2293 2371 2472 2483 2608 2698 2706 2778 2882 2957 3011 
66 69 87 88 91 106 140 151 190 193 300 448 473 584 624 641 718 732 835 1018 1019 1155 1158 1437 1443 1446 1604 1644 1647 1847 1850 1852 1853 2024 2062 2095 2117 2257 2258 2259 2453 2454 2472 2473 2474 2475 2548 2643 2644 2645 2697 2706 2756 2761 2763 2764 2778 2838 2843 2883 2884 2885 2886 2893 2958 3012 
53 58 60 61 75 76 77 138 139 146 147 166 168 184 185 266 270 278 296 326 328 329 331 437 438 476 477 479 565 566 572 573 575 688 689 690 711 787 790 831 832 944 945 950 1004 1007 1283 1286 1320 1395 1398 1426 1427 1776 1777 1949 1950 1953 2054 2964 2971 2972 3025 3026 3028 3082 3083 3084 3090 3122 3123 3126 3169 3170 3172 
76 77 87 89 97 99 100 101 105 138 140 184 185 192 194 209 211 270 278 296 304 315 317 342 437 438 462 464 473 496 502 565 566 636 640 641 642 648 728 731 732 733 752 756 831 832 1004 1007 1017 1018 1072 1077 1078 1080 1157 1159 1187 1189 1320 1426 1427 1440 1444 1505 1509 1676 1843 1849 1851 1892 1894 1946 1949 1950 2051 2054 2115 2116 2174 2175 2176 2253 2258 2260 2381 2456 2474 2476 2644 2646 2717 2762 2766 2767 2842 2844 2885 2887 2906 2972 2984 3025 3026 3042 3043 3073 3082 3083 3084 3105 3119 3122 3123 3133 3169 3170 3200 3231 3249 
89 90 91 92 93 94 187 188 189 190 191 312 313 447 450 451 623 625 626 627 717 719 720 721 1012 1014 1015 1016 1152 1153 1154 1155 1156 1430 1432 1434 1435 1436 1437 1438 1605 1641 1642 1643 1644 1645 1844 1845 1846 1847 1848 2103 2104 2108 2109 2110 2111 2289 2293 2371 2418 2472 2478 2483 2484 2602 2608 2698 2706 2776 2778 2839 2880 2882 2883 2955 2957 2958 3009 3011 3012 
87 89 90 91 190 191 192 194 300 304 313 315 317 447 448 464 473 623 640 641 642 717 718 731 732 733 1015 1016 1017 1018 1155 1156 1157 1159 1436 1437 1438 1440 1444 1644 1645 1847 1848 1849 1851 2108 2109 2110 2111 2115 2116 2258 2260 2371 2456 2472 2474 2476 2644 2646 2706 2762 2766 2767 2778 2842 2844 2883 2885 2887 2958 3012 
89 90 91 93 188 189 190 191 312 313 441 447 448 450 623 625 626 717 718 719 720 1013 1014 1015 1016 1153 1154 1155 1156 1432 1434 1435 1436 1437 1438 1605 1642 1643 1644 1645 1845 1846 1847 1848 2107 2108 2109 2110 2111 2291 2293 2371 2420 2472 2480 2483 2606 2608 2698 2706 2777 2778 2840 2881 2882 2883 2956 2957 2958 3010 3011 3012 
89 90 92 93 94 187 188 189 191 312 441 447 448 450 451 623 624 625 626 627 717 718 719 720 721 1012 1014 1015 1016 1152 1153 1154 1156 1430 1432 1434 1435 1438 1605 1641 1642 1643 1645 1844 1845 1846 1848 2103 2104 2108 2109 2110 2111 2289 2293 2371 2418 2472 2478 2483 2602 2608 2698 2706 2776 2778 2839 2880 2882 2955 2957 3009 3011 
87 89 97 99 100 101 102 192 194 208 211 304 315 317 341 358 462 464 473 503 636 640 641 642 728 731 732 733 753 1017 1018 1076 1077 1078 1080 1157 1159 1186 1189 1440 1444 1503 1509 1676 1849 1851 1891 1894 2115 2116 2169 2170 2171 2172 2173 2258 2260 2382 2456 2474 2476 2644 2646 2762 2766 2767 2842 2844 2885 2887 3109 3132 3210 3248 3279 
87 89 93 94 97 98 99 100 101 188 192 194 209 304 315 317 342 358 450 464 473 502 626 640 641 642 720 731 732 733 752 1011 1012 1017 1018 1077 1078 1079 1080 1153 1157 1159 1187 1432 1440 1444 1505 1642 1845 1849 1851 1892 2096 2097 2098 2099 2115 2116 2174 2175 2176 2253 2258 2260 2370 2456 2471 2474 2476 2597 2644 2646 2707 2762 2766 2767 2842 2844 2885 2887 2894 2974 3018 3105 3133 3200 3231 3249 
53 66 146 147 148 149 326 327 328 329 330 331 332 333 334 475 476 477 478 479 480 481 482 572 573 574 575 576 591 602 603 673 791 792 793 794 795 797 925 957 959 960 961 1145 1289 1291 1292 1293 1400 1401 1402 1409 1779 1785 2068 2351 2457 2651 2769 2770 2845 2888 3021 3095 
53 58 60 61 97 99 100 101 139 140 146 147 166 168 209 211 266 326 328 329 331 342 358 462 476 477 479 502 572 573 575 636 688 689 690 728 752 787 790 944 945 950 1077 1078 1080 1187 1189 1283 1286 1395 1398 1505 1509 1676 1776 1777 1892 1894 1953 2174 2175 2176 2253 2964 3028 3090 3105 3126 3133 3172 3200 3231 3249 
87 91 92 106 189 190 194 300 304 312 317 441 448 472 624 625 718 719 731 1014 1154 1155 1159 1434 1435 1437 1444 1605 1643 1644 1846 1847 1851 2062 2260 2293 2456 2476 2483 2548 2608 2646 2697 2698 2756 2766 2767 2838 2844 2882 2883 2887 2893 2957 2958 3011 3012 
87 88 89 106 192 193 194 317 474 640 642 731 733 1017 1018 1157 1158 1159 1440 1443 1444 1646 1647 1849 1850 1851 2117 2258 2259 2260 2454 2456 2475 2476 2548 2644 2645 2646 2697 2756 2763 2764 2766 2767 2838 2843 2844 2885 2886 2887 
69 70 93 94 97 98 99 100 102 103 142 152 359 362 363 373 374 376 445 497 500 501 510 511 512 513 515 516 529 530 586 589 590 621 650 651 652 653 655 656 667 668 715 757 758 759 760 762 763 774 775 1048 1050 1052 1053 1055 1056 1057 1058 1059 1111 1112 1242 1243 1705 1706 1928 2148 2149 2150 2152 2153 2154 2155 2232 2233 2234 2235 2377 2378 2391 2534 2613 2636 2714 2855 2903 2942 2977 3020 3068 3069 3117 3160 
88 89 91 106 190 192 193 300 304 448 464 473 474 624 641 642 718 732 733 1155 1157 1158 1437 1440 1443 1644 1646 1647 1847 1849 1850 2062 2110 2113 2115 2117 2257 2258 2259 2260 2371 2453 2454 2456 2475 2476 2548 2643 2644 2645 2646 2697 2756 2761 2763 2764 2766 2767 2778 2838 2843 2844 2883 2884 2885 2886 2887 2893 2958 3012 
87 88 97 99 100 101 193 194 209 211 304 317 342 358 462 464 473 502 636 640 641 728 731 732 752 1018 1077 1078 1080 1158 1159 1187 1189 1443 1444 1505 1509 1647 1676 1850 1851 1892 1894 2117 2174 2175 2176 2253 2259 2260 2456 2475 2476 2645 2646 2764 2766 2767 2843 2844 2886 2887 3105 3133 3200 3231 3249 
88 91 97 99 100 101 106 190 193 209 211 300 342 358 448 462 473 502 624 636 641 718 728 732 752 1077 1078 1080 1155 1158 1187 1189 1437 1443 1505 1509 1644 1647 1676 1847 1850 1892 1894 2062 2110 2113 2115 2117 2174 2175 2176 2253 2257 2258 2259 2260 2371 2453 2454 2456 2475 2476 2548 2643 2644 2645 2646 2697 2756 2761 2763 2764 2766 2767 2778 2838 2843 2844 2883 2884 2885 2886 2887 2893 2958 3012 3105 3133 3200 3231 3249 
87 89 97 99 100 101 192 194 209 211 304 315 317 342 358 462 464 473 502 636 640 641 642 728 731 732 733 752 1017 1018 1077 1078 1080 1157 1159 1187 1189 1440 1444 1505 1509 1676 1849 1851 1892 1894 2115 2116 2174 2175 2176 2253 2258 2260 2456 2474 2476 2644 2646 2762 2766 2767 2842 2844 2885 2887 3105 3133 3200 3231 3249 
70 87 88 193 473 641 732 1018 1124 1158 1443 1446 1647 1850 2117 2259 2260 2456 2475 2476 2645 2646 2764 2766 2767 2843 2844 2886 2887 
70 86 97 98 99 101 102 103 106 142 151 152 359 362 363 374 494 497 500 501 510 511 512 514 515 516 584 586 589 590 650 651 652 654 655 656 757 758 759 761 762 763 835 858 1048 1050 1052 1053 1055 1057 1058 1059 1124 1173 1481 1604 1660 1852 1877 2024 2095 2148 2149 2150 2151 2152 2153 2154 2155 2377 2378 2548 2613 2697 2756 2838 2977 3020 3068 3069 3117 3160 
70 87 88 89 91 106 190 192 193 300 304 448 464 473 474 624 641 642 718 732 733 1018 1124 1155 1157 1158 1437 1440 1443 1446 1644 1646 1647 1847 1849 1850 2062 2117 2257 2258 2259 2453 2454 2472 2473 2474 2475 2548 2643 2644 2645 2697 2706 2756 2761 2763 2764 2778 2838 2843 2883 2884 2885 2886 2893 2958 3012 
69 70 97 98 100 101 102 103 142 152 359 362 363 373 374 497 500 501 510 511 513 514 515 516 586 589 590 650 651 653 654 655 656 757 758 760 761 762 763 858 1048 1050 1052 1053 1055 1056 1058 1059 1173 1481 1660 1877 2148 2149 2150 2151 2152 2153 2154 2155 2377 2378 2613 2977 3020 3068 3069 3117 3160 
69 70 97 99 100 101 102 103 142 152 359 362 363 373 374 497 500 501 510 512 513 514 515 516 586 589 590 650 652 653 654 655 656 757 759 760 761 762 763 858 1048 1050 1052 1053 1055 1056 1057 1059 1173 1481 1660 1877 2148 2149 2150 2151 2152 2153 2154 2155 2377 2378 2613 2977 3020 3068 3069 3117 3160 
69 87 88 90 106 151 191 193 447 473 584 623 641 717 732 835 1018 1019 1156 1158 1438 1443 1446 1604 1645 1647 1848 1850 1852 1853 2024 2095 2117 2257 2258 2259 2453 2454 2473 2474 2475 2548 2643 2644 2645 2697 2756 2761 2763 2764 2838 2843 2884 2885 2886 
89 90 92 98 99 100 101 189 191 209 211 300 312 342 358 441 447 448 462 502 623 624 625 636 717 718 719 728 752 1014 1015 1016 1077 1078 1079 1154 1156 1187 1189 1434 1435 1438 1505 1509 1605 1643 1645 1676 1846 1848 1892 1894 2108 2109 2110 2111 2174 2175 2176 2253 2293 2371 2472 2483 2608 2698 2706 2778 2882 2957 3011 3105 3133 3200 3231 3249 
69 70 98 99 100 101 102 103 142 152 359 362 363 373 374 497 500 501 511 512 513 514 515 516 586 589 590 651 652 653 654 655 656 758 759 760 761 762 763 858 1048 1050 1052 1053 1055 1056 1057 1058 1173 1481 1660 1877 2148 2149 2150 2151 2152 2153 2154 2155 2377 2378 2613 2977 3020 3068 3069 3117 3160 
70 87 88 91 97 98 99 100 101 106 190 193 209 211 300 342 358 448 462 473 502 624 636 641 718 728 732 752 1018 1077 1078 1079 1080 1124 1155 1158 1187 1189 1437 1443 1446 1505 1509 1644 1647 1676 1847 1850 1892 1894 2062 2117 2174 2175 2176 2253 2257 2258 2259 2453 2454 2472 2473 2474 2475 2548 2643 2644 2645 2697 2706 2756 2761 2763 2764 2778 2838 2843 2883 2884 2885 2886 2893 2958 3012 3105 3133 3200 3231 3249 
69 87 88 91 97 98 99 100 101 106 151 190 193 209 211 300 342 358 448 462 473 502 584 624 636 641 718 728 732 752 835 1018 1019 1077 1078 1079 1080 1155 1158 1187 1189 1437 1443 1446 1505 1509 1604 1644 1647 1676 1847 1850 1852 1853 1892 1894 2024 2062 2095 2117 2174 2175 2176 2253 2257 2258 2259 2453 2454 2472 2473 2474 2475 2548 2643 2644 2645 2697 2706 2756 2761 2763 2764 2778 2838 2843 2883 2884 2885 2886 2893 2958 3012 3105 3133 3200 3231 3249 
69 70 97 98 99 101 102 103 142 152 359 362 363 374 497 500 501 510 511 512 514 515 516 586 589 590 650 651 652 654 655 656 757 758 759 761 762 763 858 1048 1050 1052 1053 1055 1057 1058 1059 1173 1481 1660 1877 2148 2149 2150 2151 2152 2153 2154 2155 2377 2378 2613 2977 3020 3068 3069 3117 3160 
89 90 91 92 189 190 191 312 313 441 447 448 623 625 717 718 719 1014 1015 1016 1154 1155 1156 1434 1435 1436 1437 1438 1605 1643 1644 1645 1846 1847 1848 2108 2109 2110 2111 2293 2371 2472 2483 2608 2698 2706 2778 2882 2883 2957 2958 3011 3012 
70 87 89 90 91 92 189 190 191 312 313 441 447 448 623 625 717 718 719 1014 1015 1016 1018 1124 1154 1155 1156 1434 1435 1436 1437 1438 1446 1605 1643 1644 1645 1846 1847 1848 2108 2109 2110 2111 2293 2371 2472 2483 2608 2698 2706 2778 2882 2883 2957 2958 3011 3012 
89 90 91 92 189 190 191 312 313 441 447 448 473 623 625 641 717 718 719 732 1014 1015 1016 1017 1154 1155 1156 1434 1435 1436 1437 1438 1605 1643 1644 1645 1846 1847 1848 2108 2109 2110 2111 2293 2371 2472 2483 2608 2698 2706 2778 2882 2883 2957 2958 3011 3012 
87 106 194 317 464 472 640 731 1159 1444 1851 2260 2456 2476 2548 2646 2697 2756 2766 2767 2838 2844 2887 
89 90 91 92 97 98 99 100 101 189 190 191 209 211 300 312 313 342 358 441 447 462 473 502 623 625 636 641 717 719 728 732 752 1014 1015 1016 1017 1077 1078 1079 1080 1154 1155 1156 1187 1189 1434 1435 1436 1437 1438 1505 1509 1605 1643 1644 1645 1676 1846 1847 1848 1892 1894 2108 2109 2110 2111 2174 2175 2176 2253 2293 2371 2472 2483 2608 2698 2706 2778 2882 2883 2957 2958 3011 3012 3105 3133 3200 3231 3249 
70 87 88 90 106 191 193 447 473 623 641 717 732 1018 1124 1156 1158 1438 1443 1446 1645 1647 1848 1850 2117 2257 2258 2259 2453 2454 2473 2474 2475 2548 2643 2644 2645 2697 2756 2761 2763 2764 2838 2843 2884 2885 2886 
69 70 87 88 151 193 473 584 641 732 835 1018 1124 1158 1443 1446 1604 1647 1850 1853 2024 2095 2117 2259 2260 2456 2475 2476 2645 2646 2764 2766 2767 2843 2844 2886 2887 
87 97 98 99 100 101 106 194 209 211 304 317 342 358 462 464 502 636 640 728 731 752 1077 1078 1079 1080 1159 1187 1189 1444 1505 1509 1676 1851 1892 1894 2174 2175 2176 2253 2260 2456 2476 2548 2646 2697 2756 2766 2767 2838 2844 2887 3105 3133 3200 3231 3249 
88 90 106 191 193 447 473 623 641 717 732 1156 1158 1438 1443 1645 1647 1848 1850 2113 2115 2117 2257 2258 2259 2260 2453 2454 2456 2475 2476 2548 2643 2644 2645 2646 2697 2756 2761 2763 2764 2766 2767 2838 2843 2844 2884 2885 2886 2887 
69 70 97 98 99 100 101 102 103 142 152 359 362 363 373 374 497 500 501 510 511 512 513 514 515 516 586 589 590 650 651 652 653 654 655 656 757 758 759 760 761 762 763 858 1048 1050 1052 1053 1055 1056 1057 1058 1059 1173 1481 1660 1877 2148 2149 2150 2151 2152 2153 2154 2155 2377 2378 2613 2977 3020 3068 3069 3117 3160 
68 71 116 135 136 162 163 226 231 263 397 400 427 617 671 681 692 914 1287 1399 2446 2879 3070 3101 3102 3161 3178 3190 3208 3237 
66 140 302 358 453 459 462 496 502 503 633 634 635 636 637 644 645 646 647 648 726 727 728 729 752 753 754 755 756 877 1087 1193 1194 1195 1196 1197 1198 1199 1200 1201 1520 1521 1523 1612 1613 1614 1680 1682 1729 1730 1731 1900 1901 1902 2001 2002 2186 2321 2431 2514 2570 2723 2727 2814 2908 2909 2944 2979 3021 3095 
50 53 62 68 116 148 164 230 264 327 332 398 399 428 480 558 576 685 686 2017 3016 3103 3209 3238 
87 88 106 193 473 641 732 1018 1158 1443 1647 1850 2117 2259 2260 2456 2475 2476 2548 2645 2646 2697 2756 2764 2766 2767 2838 2843 2844 2886 2887 
54 118 203 232 335 401 402 483 577 748 2156 2588 2690 2829 2830 2877 2878 
52 62 69 129 151 236 240 354 411 546 583 743 1071 1350 1388 2028 2380 2498 2878 3041 3067 3116 
52 67 127 128 129 130 234 235 237 238 239 240 241 242 406 407 408 409 410 411 412 413 541 542 543 544 545 546 604 605 674 798 799 800 801 802 803 804 919 926 927 962 963 966 967 1146 1294 1295 1296 1297 1298 1403 1404 1405 1788 2076 2077 2353 2354 2459 2460 2652 2772 2846 2889 3019 3097 
70 87 88 106 193 473 641 732 1018 1124 1158 1443 1446 1647 1850 2117 2259 2260 2456 2475 2476 2548 2645 2646 2697 2756 2764 2766 2767 2838 2843 2844 2886 2887 
75 76 185 278 437 565 711 832 1007 1320 1427 1946 1950 2051 2972 2984 3026 3042 3043 3073 3084 3119 3123 3170 
50 68 116 160 228 260 394 395 426 557 680 784 940 941 1138 1276 2446 2879 3072 3118 3162 
68 71 116 135 136 164 226 230 264 399 558 617 681 685 692 2446 2879 3070 3101 3103 3161 3179 3190 3209 3239 
3238 3239 
1 
4 
9 
17 
24 
25 
31 
33 
41 109 
10 111 
54 118 227 920 2498 2878 
50 71 135 681 2446 2879 
66 75 105 138 140 186 277 298 358 496 564 648 756 833 1008 1072 1428 1946 2051 2381 2717 2906 2984 3042 3043 3073 3119 
67 69 70 97 98 99 101 102 103 141 142 152 301 359 362 363 374 458 497 500 501 510 511 512 514 515 516 586 589 590 632 650 651 652 654 655 656 725 757 758 759 761 762 763 858 1048 1050 1052 1053 1055 1056 1057 1058 1059 1173 1481 1660 1877 2148 2149 2150 2151 2152 2153 2154 2155 2377 2378 2613 2977 3020 3068 3069 3117 3160 
53 58 60 61 66 139 146 147 166 168 266 326 328 329 331 476 477 479 572 573 575 688 689 690 787 790 944 945 950 1283 1286 1395 1398 1776 1777 1953 2964 3028 3090 3126 3172 
50 53 62 66 68 116 148 149 164 230 264 332 398 399 428 480 558 576 685 686 2017 3016 3103 3209 3238 
