66 69 86 88 89 90 91 140 151 190 191 193 304 313 316 447 448 473 494 584 623 717 718 732 1015 1016 1017 1155 1156 1158 1436 1437 1438 1442 1443 1446 1644 1645 1647 1847 1848 1850 2108 2109 2110 2111 2112 2113 2114 2257 2258 2371 2454 2473 2643 2644 2706 2761 2762 2763 2778 2841 2842 2883 2884 2885 2958 3012 
66 69 86 88 89 90 91 140 151 190 193 300 304 313 316 448 473 494 584 718 732 1015 1016 1017 1155 1158 1436 1437 1442 1443 1446 1644 1647 1847 1850 2108 2109 2110 2111 2258 2371 2454 2644 2706 2762 2763 2778 2842 2883 2885 2958 3012 
66 88 89 90 91 140 190 191 193 304 313 316 447 448 471 473 623 639 717 718 730 732 1015 1016 1017 1124 1155 1156 1158 1436 1437 1438 1442 1443 1446 1644 1645 1647 1847 1848 1850 2108 2109 2110 2111 2112 2113 2114 2257 2258 2371 2454 2473 2643 2644 2706 2761 2762 2763 2778 2841 2842 2883 2884 2885 2958 3012 
66 88 89 91 140 190 191 192 193 300 304 313 314 316 447 448 464 471 473 474 639 642 717 718 730 732 733 1015 1016 1124 1155 1156 1157 1158 1436 1437 1438 1439 1440 1442 1443 1446 1644 1645 1646 1647 1847 1848 1849 1850 2108 2109 2110 2111 2112 2113 2114 2257 2371 2473 2643 2706 2761 2778 2841 2883 2884 2958 3012 
66 69 86 88 90 91 140 151 190 191 193 304 313 316 447 448 464 473 474 494 584 623 642 717 718 732 733 1015 1016 1017 1155 1156 1158 1436 1437 1438 1442 1443 1446 1644 1645 1647 1847 1848 1850 2108 2109 2110 2111 2112 2113 2114 2257 2258 2371 2454 2473 2643 2644 2706 2761 2762 2763 2778 2841 2842 2883 2884 2885 2958 3012 
66 69 86 88 90 91 140 151 190 193 300 304 313 316 448 464 473 474 494 584 642 718 732 733 1015 1016 1017 1155 1158 1436 1437 1442 1443 1446 1644 1647 1847 1850 2108 2109 2110 2111 2258 2371 2454 2644 2706 2762 2763 2778 2842 2883 2885 2958 3012 
66 88 90 91 140 190 191 193 304 313 316 447 448 464 471 473 474 623 639 642 717 718 730 732 733 1015 1016 1017 1124 1155 1156 1158 1436 1437 1438 1442 1443 1446 1644 1645 1647 1847 1848 1850 2108 2109 2110 2111 2112 2113 2114 2257 2258 2371 2454 2473 2643 2644 2706 2761 2762 2763 2778 2841 2842 2883 2884 2885 2958 3012 
66 88 90 91 140 190 193 300 304 313 316 448 464 471 473 474 639 642 718 730 732 733 1015 1016 1017 1124 1155 1158 1436 1437 1442 1443 1446 1644 1647 1847 1850 2108 2109 2110 2111 2258 2371 2454 2644 2706 2762 2763 2778 2842 2883 2885 2958 3012 
66 88 89 90 91 140 190 193 300 304 313 316 448 471 473 639 718 730 732 1015 1016 1017 1124 1155 1158 1436 1437 1442 1443 1446 1644 1647 1847 1850 2108 2109 2110 2111 2258 2371 2454 2644 2706 2762 2763 2778 2842 2883 2885 2958 3012 
69 86 88 89 90 91 151 190 191 192 193 313 315 316 447 448 464 473 474 494 584 623 641 642 717 718 732 733 1015 1016 1017 1155 1156 1157 1158 1436 1437 1438 1440 1442 1443 1446 1644 1645 1646 1647 1847 1848 1849 1850 2108 2109 2110 2111 2112 2113 2114 2257 2258 2371 2454 2473 2643 2644 2706 2761 2762 2763 2778 2841 2842 2883 2884 2885 2958 3012 
66 69 86 88 89 90 91 140 151 190 192 193 300 313 315 316 448 464 473 474 494 584 641 642 718 732 733 1015 1016 1017 1155 1157 1158 1436 1437 1440 1442 1443 1446 1644 1646 1647 1847 1849 1850 2108 2109 2110 2111 2258 2371 2454 2644 2706 2762 2763 2778 2842 2883 2885 2958 3012 
66 91 92 93 140 188 189 190 300 311 313 449 450 625 719 720 1014 1153 1154 1155 1432 1435 1436 1437 1605 1643 1644 1845 1846 1847 1854 2062 2105 2290 2293 2419 2479 2483 2603 2604 2698 2703 2758 2881 2883 2893 2956 2957 2958 3010 3011 3012 
66 91 92 93 140 188 189 190 300 311 313 441 449 450 624 625 718 719 720 1014 1153 1154 1155 1432 1435 1436 1437 1605 1643 1644 1845 1846 1847 1854 2062 2105 2290 2293 2419 2479 2483 2603 2604 2698 2703 2758 2881 2883 2893 2956 2957 2958 3010 3011 3012 
88 89 90 91 190 191 192 193 313 315 316 447 448 464 471 473 474 623 639 641 642 717 718 730 732 733 1015 1016 1017 1124 1155 1156 1157 1158 1436 1437 1438 1440 1442 1443 1446 1644 1645 1646 1647 1847 1848 1849 1850 2108 2109 2110 2111 2112 2113 2114 2257 2258 2371 2454 2473 2643 2644 2706 2761 2762 2763 2778 2841 2842 2883 2884 2885 2958 3012 
66 88 89 90 91 140 190 192 300 313 315 448 464 471 474 639 641 642 718 730 732 733 1015 1016 1017 1124 1155 1157 1436 1437 1440 1446 1644 1646 1847 1849 2108 2109 2110 2111 2258 2371 2454 2644 2706 2762 2763 2778 2842 2883 2885 2958 3012 
66 92 93 140 188 189 190 300 311 313 448 449 450 625 718 719 720 1014 1153 1154 1155 1160 1432 1435 1436 1437 1447 1605 1643 1644 1845 1846 1847 1854 2062 2105 2290 2292 2293 2419 2479 2481 2482 2483 2603 2604 2607 2698 2703 2705 2758 2759 2881 2882 2883 2893 2956 2957 2958 3010 3011 3012 
89 90 91 102 104 190 191 192 206 208 304 313 339 358 447 448 464 474 496 503 623 642 645 647 717 718 733 753 755 1015 1016 1155 1156 1157 1184 1186 1192 1436 1437 1438 1440 1499 1500 1504 1644 1645 1646 1671 1673 1847 1848 1849 1889 1891 2108 2109 2110 2111 2112 2113 2114 2167 2257 2317 2319 2371 2429 2473 2502 2504 2621 2624 2643 2706 2722 2754 2755 2761 2778 2841 2883 2884 2958 3012 3197 3198 3210 3248 3277 3278 3279 
48 53 66 80 81 133 134 179 180 181 244 291 292 293 420 421 422 553 554 555 826 827 828 994 996 998 999 1151 1316 1421 1422 1423 1429 1748 1832 1991 1993 2044 2093 2366 2447 2469 2596 2694 3075 3077 3104 3164 3165 3192 3193 3194 
47 48 53 66 76 77 78 81 133 134 138 179 180 181 185 244 277 278 291 292 293 420 421 422 436 437 553 554 555 564 565 706 707 708 709 710 711 826 827 828 832 994 996 998 1006 1320 1421 1422 1423 1427 1832 1833 1834 1835 1836 1837 1991 2023 2044 2366 2469 2596 2694 2973 3017 3075 3104 3164 3166 3192 3194 
47 49 53 66 75 76 77 78 80 81 105 133 134 138 140 169 170 171 172 173 174 175 176 177 179 180 181 244 270 277 278 279 281 282 283 284 285 288 291 292 293 358 419 420 421 422 423 436 437 438 439 506 552 553 554 555 556 564 565 566 567 695 697 698 699 700 701 702 706 756 814 815 816 817 818 819 820 821 822 824 826 827 828 974 976 977 978 980 982 984 986 988 989 991 994 996 998 999 1089 1148 1305 1309 1310 1311 1312 1316 1411 1412 1413 1414 1415 1416 1417 1418 1419 1421 1422 1423 1748 1800 1801 1802 1803 1804 1805 1806 1807 1808 1809 1813 1814 1815 1818 1820 1832 1974 1975 1976 1977 1978 1979 1980 1981 1982 1991 2019 2020 2021 2036 2037 2038 2044 2080 2082 2277 2278 2281 2282 2357 2366 2385 2407 2408 2410 2411 2469 2553 2594 2596 2656 2658 2694 2729 2747 2797 2799 2869 2892 2923 2924 2991 2993 3033 3053 3054 3075 3077 3142 3143 3164 3183 3192 3194 3215 3216 3217 3241 3258 3260 3293 3295 3309 3318 3319 3320 3338 3348 3351 3370 3384 3398 3403 3411 3420 3428 3447 3449 3455 3467 3485 3489 3492 3495 3498 3502 
66 69 86 88 89 90 91 92 140 151 189 190 192 193 304 313 316 449 464 473 474 494 584 625 642 719 732 733 1014 1015 1016 1154 1155 1157 1158 1435 1436 1437 1440 1442 1443 1446 1605 1643 1644 1646 1647 1846 1847 1849 1850 1854 2108 2109 2110 2111 2293 2371 2483 2698 2706 2778 2881 2883 2956 2957 2958 3010 3011 3012 
66 69 86 88 89 90 91 140 151 190 191 192 193 304 313 316 447 448 464 473 474 494 584 623 642 717 718 732 733 1015 1016 1155 1156 1157 1158 1436 1437 1438 1440 1442 1443 1446 1644 1645 1646 1647 1847 1848 1849 1850 2108 2109 2110 2111 2112 2113 2114 2257 2371 2473 2643 2706 2761 2778 2841 2883 2884 2958 3012 
66 69 86 88 89 90 93 94 140 151 187 190 192 193 300 304 313 316 448 449 451 464 473 474 494 584 625 627 642 718 719 721 732 733 1012 1013 1014 1015 1016 1152 1155 1157 1158 1431 1436 1437 1440 1442 1443 1446 1641 1644 1646 1647 1844 1847 1849 1850 2103 2104 2108 2109 2110 2111 2289 2371 2418 2478 2601 2602 2702 2706 2776 2778 2839 2881 2883 2955 2956 2958 3009 3010 3012 
66 89 90 91 92 140 189 190 192 304 313 449 464 471 474 625 639 642 719 730 733 1014 1015 1016 1124 1154 1155 1157 1435 1436 1437 1440 1446 1605 1643 1644 1646 1846 1847 1849 1854 2108 2109 2110 2111 2293 2371 2483 2698 2706 2778 2883 2957 2958 3011 3012 
66 89 90 91 140 190 191 192 304 313 447 448 464 471 474 623 639 642 717 718 730 733 1015 1016 1124 1155 1156 1157 1436 1437 1438 1440 1446 1644 1645 1646 1847 1848 1849 2108 2109 2110 2111 2112 2113 2114 2257 2371 2473 2643 2706 2761 2778 2841 2883 2884 2958 3012 
66 69 86 88 89 90 91 93 94 140 151 187 190 192 193 304 313 316 449 451 464 473 474 494 584 625 627 642 719 721 732 733 1012 1013 1014 1015 1016 1152 1155 1157 1158 1431 1436 1437 1440 1442 1443 1446 1641 1644 1646 1647 1844 1847 1849 1850 2103 2104 2108 2109 2110 2111 2289 2371 2418 2478 2601 2602 2702 2706 2776 2778 2839 2883 2893 2955 2958 3009 3012 
66 69 86 88 89 90 93 94 140 151 187 190 192 193 300 304 313 316 448 449 451 464 473 474 494 584 625 627 642 718 719 721 732 733 1012 1013 1014 1015 1016 1152 1155 1157 1158 1431 1436 1437 1440 1442 1443 1446 1641 1644 1646 1647 1844 1847 1849 1850 2103 2104 2108 2109 2110 2111 2289 2371 2418 2478 2601 2602 2702 2706 2776 2778 2839 2883 2893 2955 2958 3009 3012 
66 89 90 91 93 94 102 104 140 187 190 192 206 208 304 313 339 358 449 451 464 471 474 496 503 625 627 639 642 645 647 719 721 730 733 753 755 1012 1013 1014 1015 1016 1124 1152 1155 1157 1184 1186 1192 1431 1436 1437 1440 1446 1499 1500 1504 1641 1644 1646 1671 1673 1844 1847 1849 1889 1891 2103 2104 2108 2109 2110 2111 2167 2289 2317 2319 2371 2418 2429 2478 2502 2504 2601 2602 2621 2624 2702 2706 2722 2754 2755 2776 2778 2839 2883 2893 2955 2958 3009 3012 3197 3198 3210 3248 3277 3278 3279 
66 89 90 93 94 102 104 140 187 190 192 206 208 300 304 313 339 358 448 449 451 464 471 474 496 503 625 627 639 642 645 647 718 719 721 730 733 753 755 1012 1013 1014 1015 1016 1124 1152 1155 1157 1184 1186 1192 1431 1436 1437 1440 1446 1499 1500 1504 1641 1644 1646 1671 1673 1844 1847 1849 1889 1891 2103 2104 2108 2109 2110 2111 2167 2289 2317 2319 2371 2418 2429 2478 2502 2504 2601 2602 2621 2624 2702 2706 2722 2754 2755 2776 2778 2839 2883 2893 2955 2958 3009 3012 3197 3198 3210 3248 3277 3278 3279 
66 87 88 89 90 92 93 140 188 189 191 192 193 194 304 311 316 317 447 449 450 464 472 473 474 623 625 642 717 719 720 731 732 733 1015 1016 1153 1154 1156 1157 1158 1159 1432 1435 1438 1440 1442 1443 1444 1445 1605 1643 1645 1646 1647 1648 1845 1846 1848 1849 1850 1851 1854 2107 2108 2109 2110 2111 2112 2113 2114 2257 2291 2293 2371 2420 2473 2483 2605 2643 2698 2704 2706 2761 2777 2778 2840 2841 2881 2884 2893 2956 2957 3010 3011 
66 87 88 89 90 92 140 189 190 192 193 194 300 304 313 316 317 448 449 464 472 473 474 625 642 718 719 731 732 733 1014 1015 1016 1154 1155 1157 1158 1159 1160 1435 1436 1437 1440 1442 1443 1444 1445 1447 1605 1643 1644 1646 1647 1648 1846 1847 1849 1850 1851 1854 2108 2109 2110 2111 2292 2293 2371 2481 2483 2698 2706 2778 2883 2893 2957 2958 3011 3012 
66 89 90 92 140 189 190 192 300 304 313 448 449 464 471 474 625 639 642 718 719 730 733 1014 1015 1016 1124 1154 1155 1157 1435 1436 1437 1440 1446 1605 1643 1644 1646 1846 1847 1849 1854 2108 2109 2110 2111 2293 2371 2483 2698 2706 2778 2883 2957 2958 3011 3012 
66 87 88 89 90 91 93 97 140 190 192 193 194 213 302 304 313 316 317 449 451 453 460 464 472 473 474 625 627 634 642 719 721 726 731 732 733 1011 1012 1013 1014 1015 1016 1155 1157 1158 1159 1191 1436 1437 1440 1442 1443 1444 1445 1513 1644 1646 1647 1648 1678 1847 1849 1850 1851 1896 2097 2098 2099 2108 2109 2110 2111 2252 2370 2371 2706 2778 2883 2894 2958 2974 3012 3018 3110 3176 3195 3230 
89 90 92 93 102 104 188 189 192 206 208 300 304 311 339 358 449 450 464 474 496 503 625 642 645 647 719 720 733 753 755 1015 1016 1153 1154 1157 1184 1186 1192 1432 1435 1440 1499 1500 1504 1605 1643 1646 1671 1673 1845 1846 1849 1854 1889 1891 2107 2108 2109 2110 2111 2167 2291 2293 2317 2319 2371 2420 2429 2483 2502 2504 2605 2621 2624 2698 2704 2706 2722 2754 2755 2777 2778 2840 2881 2893 2956 2957 3010 3011 3197 3198 3210 3248 3277 3278 3279 
69 86 87 97 98 151 194 212 213 302 304 317 346 453 461 472 494 584 634 635 726 727 731 1080 1159 1190 1191 1444 1445 1446 1512 1513 1648 1677 1851 1895 1896 2252 2256 2260 2448 2476 2646 2767 2844 2887 3108 3110 3136 3175 3176 3195 3206 3230 3234 3252 
87 97 98 194 212 213 302 304 317 346 453 461 471 472 634 635 639 726 727 730 731 1080 1124 1159 1190 1191 1444 1445 1446 1512 1513 1648 1677 1851 1895 1896 2252 2256 2260 2448 2476 2646 2767 2844 2887 3108 3110 3136 3175 3176 3195 3206 3230 3234 3252 
48 53 69 75 86 87 102 103 104 105 133 134 138 140 151 179 186 194 206 207 208 244 253 277 291 298 304 317 339 422 472 494 496 503 504 506 555 564 584 645 646 647 731 753 754 755 756 826 833 994 1008 1009 1072 1159 1184 1185 1186 1314 1321 1421 1428 1444 1445 1446 1499 1500 1502 1504 1648 1671 1672 1673 1851 1889 1890 1891 1946 1990 2051 2167 2260 2317 2381 2429 2476 2502 2621 2646 2717 2754 2767 2844 2887 2906 2984 3043 3119 3197 3210 3248 3277 3279 
88 89 91 92 93 188 189 190 192 300 304 311 313 315 448 449 450 464 625 641 642 718 719 720 732 733 1014 1017 1153 1154 1155 1157 1432 1435 1436 1437 1440 1643 1644 1845 1846 1847 1849 2105 2258 2290 2419 2454 2479 2603 2604 2644 2703 2758 2762 2763 2842 2881 2883 2885 2893 2956 2958 3010 3012 
48 53 75 87 102 103 104 105 133 134 138 140 179 186 194 206 207 208 244 253 277 291 298 304 317 339 422 471 472 496 503 504 506 555 564 639 645 646 647 730 731 753 754 755 756 826 833 994 1008 1009 1072 1124 1159 1184 1185 1186 1314 1321 1421 1428 1444 1445 1446 1499 1500 1502 1504 1648 1671 1672 1673 1851 1889 1890 1891 1946 1990 2051 2167 2260 2317 2381 2429 2476 2502 2621 2646 2717 2754 2767 2844 2887 2906 2984 3043 3119 3197 3210 3248 3277 3279 
66 87 88 89 90 93 97 140 188 190 192 193 194 213 300 302 304 311 313 316 317 448 450 451 453 460 464 472 473 474 627 634 642 718 720 721 726 731 732 733 1011 1012 1014 1015 1016 1153 1155 1157 1158 1159 1191 1432 1436 1437 1440 1442 1443 1444 1445 1513 1644 1646 1647 1648 1678 1845 1847 1849 1850 1851 1896 2097 2098 2099 2108 2109 2110 2111 2252 2291 2370 2371 2420 2605 2704 2706 2777 2778 2840 2881 2883 2894 2956 2958 2974 3010 3012 3018 3110 3176 3195 3230 
66 87 88 89 90 93 94 140 187 190 192 193 194 300 304 313 316 317 448 449 451 464 472 473 474 625 627 642 718 719 721 731 732 733 1012 1013 1014 1015 1016 1152 1155 1157 1158 1159 1431 1436 1437 1440 1442 1443 1444 1445 1641 1644 1646 1647 1648 1844 1847 1849 1850 1851 2103 2104 2108 2109 2110 2111 2289 2371 2418 2478 2601 2602 2702 2706 2776 2778 2839 2883 2893 2955 2958 3009 3012 
89 90 91 102 104 190 192 206 208 300 304 313 339 358 448 464 474 496 503 642 645 647 718 733 753 755 1015 1016 1155 1157 1184 1186 1192 1436 1437 1440 1499 1500 1504 1644 1646 1671 1673 1847 1849 1889 1891 2108 2109 2110 2111 2167 2317 2319 2371 2429 2502 2504 2621 2624 2706 2722 2754 2755 2778 2883 2958 3012 3197 3198 3210 3248 3277 3278 3279 
87 88 91 92 93 188 189 190 193 194 300 304 311 313 316 317 448 449 450 464 472 625 640 641 718 719 720 731 732 1014 1018 1153 1154 1155 1158 1159 1432 1435 1436 1437 1442 1443 1444 1445 1643 1644 1647 1648 1845 1846 1847 1850 1851 2105 2117 2259 2260 2290 2419 2456 2475 2476 2479 2603 2604 2645 2646 2703 2758 2765 2766 2767 2843 2844 2881 2883 2886 2887 2893 2956 2958 3010 3012 
69 76 86 87 102 103 104 105 138 140 151 185 194 206 207 208 278 297 304 317 339 472 494 496 503 504 506 565 584 645 646 647 731 753 754 755 756 832 1006 1072 1159 1184 1185 1186 1427 1444 1445 1446 1499 1500 1502 1504 1648 1671 1672 1673 1851 1889 1890 1891 1946 1950 2051 2055 2167 2260 2317 2381 2429 2476 2502 2621 2646 2717 2754 2767 2844 2887 2906 2972 2984 3026 3043 3084 3085 3119 3123 3170 3197 3210 3248 3277 3279 
76 87 102 103 104 105 138 140 185 194 206 207 208 278 297 304 317 339 471 472 496 503 504 506 565 639 645 646 647 730 731 753 754 755 756 832 1006 1072 1124 1159 1184 1185 1186 1427 1444 1445 1446 1499 1500 1502 1504 1648 1671 1672 1673 1851 1889 1890 1891 1946 1950 2051 2055 2167 2260 2317 2381 2429 2476 2502 2621 2646 2717 2754 2767 2844 2887 2906 2972 2984 3026 3043 3084 3085 3119 3123 3170 3197 3210 3248 3277 3279 
87 100 101 194 209 302 304 317 342 358 453 471 472 496 637 639 644 729 730 731 752 1077 1124 1159 1187 1444 1445 1446 1505 1506 1648 1674 1851 1892 2253 2260 2449 2476 2646 2767 2844 2887 3133 3201 3249 
66 89 90 91 92 140 189 190 192 304 313 449 464 471 474 625 639 642 719 730 733 1014 1015 1016 1124 1154 1155 1157 1435 1436 1437 1440 1446 1605 1643 1644 1646 1846 1847 1849 1854 2108 2109 2110 2111 2293 2371 2483 2698 2706 2778 2883 2893 2957 2958 3011 3012 
66 89 90 92 140 189 190 192 300 304 313 448 449 464 471 474 625 639 642 718 719 730 733 1014 1015 1016 1124 1154 1155 1157 1160 1435 1436 1437 1440 1446 1447 1605 1643 1644 1646 1846 1847 1849 1854 2062 2108 2109 2110 2111 2292 2293 2371 2481 2482 2483 2607 2698 2705 2706 2759 2778 2882 2883 2893 2957 2958 3011 3012 
70 86 105 106 142 151 152 363 374 471 494 508 584 590 639 658 730 765 835 1048 1124 1604 1852 2024 2095 2377 2548 2612 2689 2696 2756 2838 3068 3069 3117 3160 
66 89 90 91 140 190 192 300 304 313 448 464 471 474 639 642 718 730 733 1015 1016 1124 1155 1157 1436 1437 1440 1446 1644 1646 1847 1849 2108 2109 2110 2111 2371 2706 2778 2883 2958 3012 
66 69 86 88 89 90 91 92 93 140 151 188 189 190 192 193 300 304 311 313 316 448 449 450 464 473 474 494 584 625 642 718 719 720 732 733 1015 1016 1153 1154 1155 1157 1158 1432 1435 1436 1437 1440 1442 1443 1446 1643 1644 1646 1647 1845 1846 1847 1849 1850 2106 2108 2109 2110 2111 2290 2371 2419 2479 2603 2604 2703 2706 2758 2778 2881 2883 2893 2956 2958 3010 3012 
66 69 86 88 89 90 91 92 140 151 189 190 192 193 304 313 316 449 464 473 474 494 584 625 642 719 732 733 1014 1015 1016 1154 1155 1157 1158 1435 1436 1437 1440 1442 1443 1446 1605 1643 1644 1646 1647 1846 1847 1849 1850 1854 2108 2109 2110 2111 2293 2371 2483 2698 2706 2778 2883 2893 2957 2958 3011 3012 
66 87 88 89 90 92 93 140 188 189 190 192 193 194 300 304 311 313 316 317 448 449 450 464 472 473 474 625 642 718 719 720 731 732 733 1014 1015 1016 1153 1154 1155 1157 1158 1159 1160 1432 1435 1436 1440 1442 1443 1444 1445 1447 1605 1643 1646 1647 1648 1845 1846 1847 1849 1850 1851 1854 2062 2107 2108 2109 2110 2111 2291 2292 2293 2371 2420 2481 2482 2483 2605 2607 2698 2704 2705 2706 2759 2777 2778 2840 2881 2882 2883 2893 2956 2957 2958 3010 3011 3012 
66 87 88 89 90 91 92 140 189 190 192 193 194 304 313 316 317 449 464 472 473 474 625 642 719 731 732 733 1014 1015 1016 1154 1155 1157 1158 1159 1435 1436 1437 1440 1442 1443 1444 1445 1605 1643 1644 1646 1647 1648 1846 1847 1849 1850 1851 1854 2108 2109 2110 2111 2293 2371 2483 2698 2706 2778 2883 2893 2957 2958 3011 3012 
66 87 88 89 90 91 140 190 191 192 193 194 304 313 316 317 447 448 464 472 473 474 623 642 717 718 731 732 733 1015 1016 1155 1156 1157 1158 1159 1436 1437 1438 1440 1442 1443 1444 1445 1644 1645 1646 1647 1648 1847 1848 1849 1850 1851 2108 2109 2110 2111 2112 2113 2114 2257 2371 2473 2643 2706 2761 2778 2841 2883 2884 2958 3012 
66 91 92 93 140 188 189 300 311 448 449 450 625 718 719 720 1014 1153 1154 1432 1435 1643 1845 1846 2105 2107 2290 2291 2419 2420 2479 2603 2604 2605 2703 2704 2758 2777 2840 2881 2956 3010 
66 91 93 140 188 190 300 311 313 448 450 718 720 1014 1153 1155 1160 1432 1436 1437 1644 1845 1847 2105 2290 2292 2419 2479 2481 2603 2604 2607 2703 2705 2758 2759 2881 2882 2883 2893 2956 2958 3010 3011 3012 
66 69 86 88 89 90 92 140 151 189 190 192 193 300 304 313 316 448 449 464 473 474 494 584 625 642 718 719 732 733 1014 1015 1016 1154 1155 1157 1158 1160 1435 1436 1437 1440 1442 1443 1446 1447 1605 1643 1644 1646 1647 1846 1847 1849 1850 1854 2062 2108 2109 2110 2111 2292 2293 2371 2481 2482 2483 2607 2698 2705 2706 2759 2778 2882 2883 2893 2957 2958 3011 3012 
48 49 53 66 80 81 133 134 178 180 181 244 290 292 293 420 421 423 553 554 556 704 705 706 825 827 828 992 996 998 999 1316 1420 1422 1423 1748 1828 1829 1832 1989 1991 2042 2044 2088 2362 2363 2366 2467 2469 2595 2596 2693 2694 3075 3077 3104 3163 3164 3191 3192 3194 
53 66 133 134 138 244 270 276 277 278 279 419 420 421 422 423 435 436 437 438 439 552 553 554 555 556 564 565 566 567 606 805 806 807 808 809 810 811 812 813 969 972 973 1141 1142 1143 1144 1299 1300 1301 1302 1303 1372 1373 1374 1375 1406 1407 1408 1600 1601 1790 2033 2034 2078 2079 2273 2355 2356 2461 2462 2653 2774 2847 2890 3021 3095 
47 48 66 76 77 78 80 81 134 138 179 180 181 182 185 244 277 278 291 292 421 422 436 437 552 554 555 564 565 706 707 708 709 710 711 826 827 828 829 832 994 996 999 1000 1006 1316 1317 1320 1421 1422 1423 1424 1427 1832 1833 1834 1835 1836 1837 1838 1839 1840 1947 1991 2023 2044 2366 2469 2596 2694 2969 2973 3017 3023 3075 3079 3104 3120 3164 3166 3167 3192 3194 
48 53 80 81 88 89 133 134 140 179 180 181 192 244 291 292 293 304 315 420 421 422 464 553 554 555 641 642 706 732 733 826 827 828 994 996 998 999 1017 1157 1316 1421 1422 1423 1440 1748 1832 1849 1991 2044 2258 2366 2454 2469 2596 2644 2694 2762 2763 2842 2885 3075 3077 3164 3192 3194 
88 89 91 92 93 140 188 189 190 192 300 304 311 313 315 448 449 450 464 625 641 642 718 719 720 732 733 1014 1017 1153 1154 1155 1157 1432 1435 1436 1437 1440 1643 1644 1845 1846 1847 1849 2105 2258 2290 2419 2454 2479 2603 2604 2644 2703 2758 2762 2763 2842 2881 2883 2885 2893 2956 2958 3010 3012 
69 86 87 100 101 151 194 209 302 304 317 342 358 453 472 494 496 584 637 644 729 731 752 1077 1159 1187 1444 1445 1446 1505 1506 1648 1674 1851 1892 2253 2260 2449 2476 2646 2767 2844 2887 3133 3201 3249 
48 53 76 80 81 88 89 133 134 138 140 179 180 181 185 192 244 277 278 291 292 293 297 304 315 420 421 422 464 553 554 555 564 565 641 642 706 711 732 733 826 827 828 832 994 996 998 999 1006 1017 1157 1316 1421 1422 1423 1427 1440 1748 1832 1849 1950 1991 2044 2055 2258 2366 2454 2469 2596 2644 2694 2762 2763 2842 2885 3026 3075 3077 3084 3085 3123 3164 3170 3192 3194 
76 88 89 91 92 93 138 140 185 188 189 190 192 277 278 297 300 304 311 313 315 448 449 450 464 564 565 625 641 642 711 718 719 720 732 733 832 1006 1014 1017 1153 1154 1155 1157 1427 1432 1435 1436 1437 1440 1643 1644 1845 1846 1847 1849 1950 2055 2105 2258 2290 2419 2454 2479 2603 2604 2644 2703 2758 2762 2763 2842 2881 2883 2885 2893 2956 2958 3010 3012 3026 3084 3085 3123 3170 
75 76 91 92 93 105 138 140 185 186 188 189 190 278 297 298 300 311 313 358 448 449 450 506 565 625 711 718 719 720 756 832 833 1006 1008 1009 1014 1072 1153 1154 1155 1321 1427 1428 1432 1435 1436 1437 1643 1644 1845 1846 1847 1946 1950 2051 2055 2105 2290 2381 2419 2479 2603 2604 2703 2717 2758 2881 2883 2893 2906 2956 2958 2972 2984 3010 3012 3026 3042 3043 3073 3084 3085 3119 3123 3170 
75 76 91 92 93 105 138 140 185 186 188 189 190 278 297 298 300 311 313 358 436 448 449 450 506 564 565 625 711 718 719 720 756 832 833 1006 1008 1009 1014 1072 1153 1154 1155 1321 1427 1428 1432 1435 1436 1437 1643 1644 1845 1846 1847 1946 1950 2051 2055 2105 2290 2381 2419 2479 2603 2604 2703 2717 2758 2881 2883 2893 2906 2956 2958 2972 2984 3010 3012 3026 3042 3043 3073 3084 3085 3119 3123 3170 
47 48 53 75 76 77 78 80 133 179 181 182 184 185 250 277 278 279 291 297 419 422 436 438 552 555 564 565 566 706 707 708 709 710 711 826 828 829 831 832 994 999 1000 1004 1006 1151 1316 1317 1319 1421 1423 1424 1426 1427 1832 1833 1834 1835 1836 1837 1838 1839 1840 1947 1950 1991 1993 2023 2044 2055 2094 2366 2369 2447 2469 2596 2694 2969 2973 3017 3023 3026 3075 3079 3084 3085 3104 3120 3123 3164 3165 3166 3167 3170 3192 3193 3194 
48 53 75 76 80 81 133 134 138 179 180 181 185 244 277 278 291 292 293 297 420 421 422 553 554 555 564 565 706 711 826 827 828 832 994 996 998 999 1006 1316 1421 1422 1423 1427 1748 1832 1950 1991 2044 2055 2366 2469 2596 2694 3026 3075 3077 3084 3085 3123 3164 3170 3192 3194 
75 76 91 92 93 138 140 185 188 189 190 277 278 297 300 311 313 448 449 450 564 565 625 711 718 719 720 832 1006 1014 1153 1154 1155 1427 1432 1435 1436 1437 1643 1644 1845 1846 1847 1950 2055 2105 2290 2419 2479 2603 2604 2703 2758 2881 2883 2893 2956 2958 3010 3012 3026 3084 3085 3123 3170 
69 75 76 86 87 138 140 151 185 194 277 278 297 304 317 472 494 564 565 584 711 731 832 1006 1159 1427 1444 1445 1446 1648 1851 1950 2055 2260 2476 2646 2767 2844 2887 3026 3084 3085 3123 3170 
69 86 88 91 92 93 151 188 189 190 193 300 304 311 313 316 317 448 449 450 464 472 494 584 625 640 641 718 719 720 731 732 1014 1018 1153 1154 1155 1158 1159 1432 1435 1436 1437 1442 1443 1444 1445 1446 1643 1644 1647 1648 1845 1846 1847 1850 1851 2105 2117 2259 2260 2290 2419 2475 2476 2479 2603 2604 2645 2646 2703 2758 2765 2767 2843 2844 2881 2883 2886 2887 2893 2956 2958 3010 3012 
87 88 106 193 194 316 317 464 472 641 731 732 835 1018 1019 1158 1159 1442 1443 1444 1445 1446 1604 1647 1648 1850 1851 1852 1853 2024 2095 2117 2259 2260 2475 2476 2548 2645 2646 2696 2756 2765 2767 2838 2843 2844 2886 2887 
70 87 88 106 193 194 316 317 464 472 641 731 732 835 1018 1019 1124 1158 1159 1442 1443 1444 1445 1446 1604 1647 1648 1850 1851 1852 1853 2024 2095 2117 2259 2260 2475 2476 2548 2645 2646 2696 2756 2765 2767 2838 2843 2844 2886 2887 
70 87 88 106 193 194 316 317 464 471 472 641 730 731 732 835 1018 1019 1124 1158 1159 1442 1443 1444 1445 1446 1604 1647 1648 1850 1851 1852 1853 2024 2095 2117 2259 2260 2475 2476 2548 2645 2646 2696 2756 2765 2767 2838 2843 2844 2886 2887 
48 53 66 80 81 133 134 179 180 181 244 291 292 293 420 421 422 553 554 555 706 826 827 828 994 996 998 999 1316 1421 1422 1423 1748 1832 1991 2044 2366 2469 2596 2694 3075 3077 3164 3192 3194 
66 69 86 88 140 151 193 194 304 316 317 472 473 494 584 731 732 1018 1158 1159 1442 1443 1444 1445 1446 1647 1648 1850 1851 2117 2259 2260 2475 2476 2645 2646 2765 2767 2843 2844 2886 2887 
70 87 88 106 193 194 316 317 464 472 639 641 730 731 732 835 1018 1019 1124 1158 1159 1442 1443 1444 1445 1446 1604 1647 1648 1850 1851 1852 1853 2024 2095 2117 2259 2260 2475 2476 2548 2645 2646 2696 2756 2765 2767 2838 2843 2844 2886 2887 
91 92 93 102 104 105 188 189 190 205 206 208 300 311 313 339 358 448 449 450 496 503 504 505 506 625 645 646 647 648 718 719 720 753 754 755 756 1014 1073 1074 1075 1153 1154 1155 1183 1184 1186 1432 1435 1436 1437 1498 1499 1500 1504 1643 1644 1670 1671 1673 1845 1846 1847 1888 1889 1891 2105 2166 2290 2315 2317 2419 2427 2429 2479 2500 2502 2603 2604 2616 2617 2620 2621 2703 2718 2720 2753 2754 2758 2881 2883 2893 2956 2958 3010 3012 3196 3197 3210 3245 3248 3276 3277 3279 
91 92 93 103 104 188 189 190 206 207 300 311 313 339 358 448 449 450 496 503 504 625 645 646 647 718 719 720 753 754 755 1014 1075 1153 1154 1155 1184 1185 1432 1435 1436 1437 1499 1500 1502 1610 1643 1644 1671 1672 1845 1846 1847 1889 1890 1897 2061 2105 2167 2290 2317 2320 2419 2429 2479 2502 2506 2603 2604 2621 2695 2703 2754 2758 2881 2883 2893 2956 2958 3010 3012 3197 3199 3210 3247 3277 3278 3279 
91 92 93 100 101 102 103 104 188 189 190 206 207 208 209 300 302 311 313 339 341 358 448 449 450 463 496 504 625 644 646 647 718 719 720 729 752 754 755 1014 1076 1077 1153 1154 1155 1184 1185 1186 1187 1432 1435 1436 1437 1499 1500 1502 1503 1504 1506 1643 1644 1671 1672 1673 1674 1845 1846 1847 1889 1890 1891 1892 2061 2105 2167 2170 2290 2317 2382 2419 2429 2479 2502 2603 2604 2621 2703 2754 2758 2881 2883 2893 2956 2958 3010 3012 3132 3197 3199 3210 3248 3277 3279 
91 92 93 100 101 102 103 104 188 189 190 206 207 208 209 300 302 311 313 339 341 358 448 449 450 463 496 503 504 625 644 646 647 718 719 720 729 752 753 754 755 1014 1076 1077 1153 1154 1155 1184 1185 1186 1187 1432 1435 1436 1437 1499 1500 1502 1503 1504 1506 1643 1644 1671 1672 1673 1674 1845 1846 1847 1889 1890 1891 1892 2061 2105 2167 2170 2290 2317 2382 2419 2429 2479 2502 2603 2604 2621 2703 2754 2758 2881 2883 2893 2956 2958 3010 3012 3132 3197 3199 3210 3248 3277 3279 
91 92 93 102 104 188 189 190 206 208 300 311 313 339 358 448 449 450 496 503 625 645 647 718 719 720 753 755 1014 1153 1154 1155 1184 1186 1192 1432 1435 1436 1437 1499 1500 1504 1643 1644 1671 1673 1845 1846 1847 1889 1891 2105 2167 2290 2317 2319 2419 2429 2479 2502 2504 2603 2604 2621 2624 2703 2722 2754 2755 2758 2881 2883 2893 2956 2958 3010 3012 3197 3198 3210 3248 3277 3278 3279 
91 92 93 100 101 102 103 104 188 189 190 206 207 208 209 300 302 311 313 339 341 358 448 449 450 463 496 504 625 644 645 646 647 718 719 720 729 752 753 754 755 1014 1076 1077 1153 1154 1155 1184 1185 1186 1187 1432 1435 1436 1437 1499 1500 1502 1503 1504 1506 1643 1644 1671 1672 1673 1674 1845 1846 1847 1889 1890 1891 1892 2061 2105 2167 2170 2290 2317 2382 2419 2429 2479 2502 2603 2604 2621 2703 2754 2758 2881 2883 2893 2956 2958 3010 3012 3132 3197 3199 3210 3248 3277 3279 
91 92 93 102 103 105 188 189 190 205 207 208 300 311 313 358 448 449 450 503 504 506 625 645 646 648 718 719 720 753 754 756 1014 1153 1154 1155 1183 1185 1186 1432 1435 1436 1437 1498 1502 1504 1643 1644 1670 1672 1673 1845 1846 1847 1888 1890 1891 2105 2163 2167 2290 2315 2317 2419 2427 2429 2479 2500 2502 2603 2604 2616 2617 2621 2703 2718 2753 2754 2758 2881 2883 2893 2956 2958 3010 3012 3196 3197 3210 3245 3248 3276 3277 3279 
66 87 106 140 194 304 317 472 731 835 1019 1159 1444 1445 1446 1604 1648 1851 1852 1853 2024 2095 2260 2476 2548 2646 2696 2756 2767 2838 2844 2887 
75 102 103 104 105 138 140 186 206 207 208 277 298 302 339 453 459 460 461 462 463 496 502 503 504 506 564 633 634 644 645 646 647 726 727 728 729 752 753 754 755 756 833 877 1008 1009 1072 1184 1185 1186 1193 1194 1195 1196 1197 1198 1199 1200 1201 1321 1428 1499 1500 1502 1504 1520 1521 1522 1523 1614 1671 1672 1673 1679 1680 1681 1682 1728 1729 1731 1889 1890 1891 1900 1901 1902 1946 2001 2002 2051 2167 2180 2181 2187 2317 2322 2381 2429 2432 2502 2515 2570 2621 2717 2724 2727 2754 2814 2906 2908 2909 2944 2979 2984 3021 3043 3095 3119 3197 3210 3248 3277 3279 
91 92 93 102 103 104 188 189 190 206 207 208 300 311 313 339 358 448 449 450 496 503 504 625 645 646 647 718 719 720 753 754 755 1014 1153 1154 1155 1184 1185 1186 1432 1435 1436 1437 1499 1500 1502 1504 1643 1644 1671 1672 1673 1845 1846 1847 1889 1890 1891 2105 2167 2290 2317 2419 2429 2479 2502 2603 2604 2621 2703 2754 2758 2881 2883 2893 2956 2958 3010 3012 3197 3210 3248 3277 3279 
69 86 87 88 151 193 194 316 317 464 472 494 584 641 731 732 1018 1158 1159 1442 1443 1444 1445 1446 1647 1648 1850 1851 2117 2259 2260 2475 2476 2645 2646 2765 2767 2843 2844 2886 2887 
87 88 193 194 316 317 464 471 472 639 641 730 731 732 1018 1124 1158 1159 1442 1443 1444 1445 1446 1647 1648 1850 1851 2117 2259 2260 2475 2476 2645 2646 2765 2767 2843 2844 2886 2887 
50 68 71 116 162 163 164 230 262 263 264 396 397 398 399 427 428 558 691 953 1275 2067 2348 2445 2688 2826 2827 2828 2876 3070 3103 3179 3190 3209 3239 
50 71 136 692 953 1275 3070 3101 3161 3190 
10 113 3129 3177 
46 119 223 
3236 3237 
224 233 
121 124 
1 
9 
12 
18 
19 
27 
31 
34 
36 
39 
42 
120 
51 121 
3 119 223 
44 126 224 
69 86 106 151 471 494 584 639 730 835 1124 1604 1852 2024 2095 2548 2696 2756 2838 
66 140 302 358 453 459 460 461 462 463 496 502 503 504 505 506 633 634 644 645 646 647 726 727 728 729 752 753 754 755 756 877 1193 1194 1195 1196 1197 1198 1199 1200 1201 1520 1521 1522 1523 1614 1679 1680 1681 1682 1728 1729 1731 1900 1901 1902 2001 2002 2180 2181 2187 2322 2432 2515 2570 2724 2727 2814 2908 2909 2944 2979 3021 3095 
20 112 3129 3177 
47 48 53 66 76 77 78 80 81 133 134 138 179 180 185 244 277 278 291 292 420 421 422 436 437 553 554 555 564 565 706 707 708 709 710 711 826 827 832 994 996 1006 1320 1421 1422 1427 1832 1833 1834 1835 1836 1837 1991 2023 2044 2366 2469 2596 2694 2973 3017 3075 3164 3192 
50 53 62 66 71 148 149 162 163 231 262 263 327 396 397 427 480 576 671 686 914 954 1287 1399 2017 3016 3102 3208 3237 
