66 91 92 93 94 98 99 100 101 102 103 104 105 140 187 190 196 213 214 215 216 217 218 219 220 221 222 300 302 346 358 364 367 368 372 441 448 450 451 460 461 462 463 496 502 503 504 505 506 624 626 627 635 636 645 646 647 718 720 721 726 727 728 729 752 753 754 755 756 1013 1014 1020 1021 1022 1090 1091 1092 1093 1094 1095 1096 1097 1152 1155 1162 1191 1212 1213 1214 1215 1216 1217 1218 1219 1220 1221 1431 1437 1450 1513 1514 1532 1534 1537 1538 1539 1540 1541 1543 1544 1546 1548 1622 1641 1644 1650 1678 1690 1691 1692 1693 1694 1695 1696 1844 1847 1856 1896 1908 1909 1910 1911 1912 1913 1914 1915 1916 2006 2062 2097 2103 2104 2119 2120 2121 2122 2196 2197 2198 2201 2217 2218 2219 2220 2252 2289 2325 2326 2327 2328 2338 2339 2340 2341 2342 2370 2372 2386 2387 2388 2418 2435 2439 2440 2448 2478 2485 2519 2572 2573 2582 2584 2585 2601 2602 2609 2675 2676 2684 2685 2702 2710 2776 2816 2822 2823 2839 2874 2883 2897 2931 2935 2936 2939 2954 2955 2958 2974 2981 3004 3008 3009 3012 3018 3047 3061 3066 3110 3115 3155 3159 3176 3224 3228 3230 3244 3270 3271 3275 3287 3302 3307 3330 3335 3343 3358 3363 3376 3391 3407 3418 3419 3423 3437 3444 3452 3462 3471 3472 3479 3482 3488 3494 3500 3501 3504 3507 3509 
66 91 93 94 97 140 187 188 190 213 300 302 346 441 448 450 451 460 624 626 627 718 720 721 726 1014 1152 1153 1155 1191 1431 1432 1437 1513 1514 1641 1642 1644 1678 1844 1845 1847 1896 2062 2097 2103 2104 2252 2289 2370 2418 2448 2478 2601 2602 2702 2776 2839 2883 2955 2958 2974 3009 3012 3018 3110 3176 3230 
66 91 92 93 94 97 140 187 188 190 213 300 302 346 441 448 450 460 624 626 718 720 726 1011 1012 1013 1152 1153 1155 1191 1431 1432 1437 1513 1514 1641 1642 1644 1678 1844 1845 1847 1896 2062 2103 2104 2252 2289 2370 2418 2448 2478 2601 2602 2702 2776 2839 2883 2955 2958 2974 3009 3012 3018 3110 3176 3230 
66 91 92 94 140 187 189 190 300 312 441 448 449 450 451 624 626 627 718 719 720 721 1012 1013 1152 1154 1155 1160 1431 1434 1437 1447 1605 1641 1644 1844 1846 1847 1854 2062 2103 2104 2289 2292 2293 2418 2478 2481 2483 2484 2601 2602 2608 2698 2702 2705 2759 2776 2839 2882 2883 2955 2957 2958 3009 3011 3012 
66 91 93 94 140 187 188 190 300 441 448 450 451 624 626 627 718 720 721 1012 1152 1153 1155 1431 1432 1437 1641 1642 1644 1844 1845 1847 2062 2103 2104 2289 2418 2478 2601 2602 2702 2776 2839 2883 2955 2958 3009 3012 
66 90 92 93 94 97 140 187 191 213 302 346 447 448 460 473 623 624 641 717 718 726 732 1011 1012 1013 1014 1015 1017 1152 1156 1191 1431 1438 1513 1514 1641 1645 1678 1844 1848 1896 2103 2104 2108 2109 2110 2111 2252 2289 2370 2371 2418 2448 2478 2601 2602 2702 2706 2776 2778 2839 2893 2955 2974 3009 3018 3110 3176 3230 
90 93 94 187 189 191 312 447 448 451 473 623 624 627 641 717 718 721 732 1012 1013 1014 1015 1017 1152 1154 1156 1431 1434 1435 1438 1605 1641 1643 1645 1844 1846 1848 2103 2104 2108 2109 2110 2111 2289 2293 2371 2418 2478 2483 2601 2602 2608 2698 2702 2706 2776 2778 2839 2882 2893 2955 2957 3009 3011 
66 87 90 91 92 93 94 140 187 189 191 300 304 312 441 448 449 450 464 470 471 472 473 474 624 626 638 639 641 642 718 719 720 730 731 732 733 878 1012 1013 1014 1016 1017 1018 1124 1152 1154 1156 1160 1202 1203 1204 1205 1206 1207 1208 1209 1210 1431 1434 1438 1446 1447 1526 1527 1530 1616 1618 1641 1645 1684 1685 1688 1733 1735 1844 1846 1848 1903 1904 1905 2003 2004 2103 2104 2112 2113 2114 2183 2188 2257 2289 2292 2323 2324 2418 2433 2434 2473 2478 2481 2510 2516 2517 2571 2601 2602 2628 2629 2643 2702 2705 2725 2726 2759 2761 2776 2815 2839 2841 2882 2884 2910 2911 2945 2955 2957 2980 3009 3011 3021 3095 
47 48 76 78 80 81 179 180 185 252 278 279 291 421 422 437 438 554 555 565 566 705 706 707 708 709 710 826 827 832 994 996 1006 1151 1315 1320 1421 1422 1427 1832 1833 1834 1835 1836 1837 1991 1993 2023 2044 2090 2093 2366 2367 2369 2447 2469 2596 2694 2973 3017 3076 3104 3164 3165 3192 3193 
66 87 91 92 93 94 97 98 99 100 101 102 103 104 105 140 187 189 213 214 215 216 217 218 219 220 221 222 300 302 304 312 346 358 364 367 368 447 448 449 461 462 463 464 471 473 474 496 502 503 504 505 506 623 624 635 636 639 641 642 645 646 647 717 718 719 727 728 729 730 732 733 752 753 754 755 756 1011 1012 1013 1014 1020 1024 1025 1026 1027 1090 1091 1092 1093 1094 1095 1096 1124 1152 1154 1160 1191 1212 1213 1214 1215 1216 1217 1218 1219 1220 1221 1222 1431 1434 1447 1462 1513 1514 1532 1534 1537 1538 1539 1540 1541 1543 1544 1546 1549 1641 1678 1690 1691 1692 1693 1694 1695 1696 1697 1844 1846 1896 1908 1909 1910 1911 1912 1913 1914 1915 1916 2103 2104 2129 2130 2131 2132 2196 2197 2198 2201 2214 2215 2216 2219 2220 2221 2252 2289 2292 2325 2326 2327 2328 2333 2334 2335 2336 2337 2370 2372 2374 2386 2387 2388 2418 2435 2437 2438 2448 2478 2481 2519 2521 2572 2573 2578 2601 2602 2610 2630 2675 2676 2680 2681 2702 2705 2709 2751 2759 2776 2779 2787 2816 2820 2839 2874 2882 2897 2912 2931 2934 2953 2955 2957 2974 2981 3004 3007 3009 3011 3018 3061 3063 3110 3114 3155 3158 3176 3224 3226 3227 3230 3243 3270 3271 3274 3287 3302 3305 3311 3330 3334 3343 3358 3361 3367 3376 3390 3407 3416 3422 3439 3443 3452 3460 3472 3478 3483 3494 3500 3501 3504 3507 3509 
76 77 78 90 93 94 138 140 183 184 185 187 188 191 270 278 279 280 300 437 438 439 441 447 448 450 451 473 565 566 567 623 624 626 627 641 709 717 718 720 721 732 830 831 832 1002 1005 1006 1012 1014 1015 1017 1152 1153 1156 1318 1319 1320 1425 1426 1427 1431 1432 1438 1641 1642 1645 1841 1842 1844 1845 1848 1948 1949 2054 2103 2104 2108 2109 2110 2111 2289 2371 2418 2478 2601 2602 2702 2706 2776 2778 2839 2893 2955 2970 3009 3024 3025 3081 3082 3083 3121 3122 3168 3169 
91 92 93 94 187 448 451 624 627 718 721 1012 1013 1014 1152 1160 1431 1447 1641 1844 2100 2101 2102 2103 2104 2288 2289 2292 2417 2418 2478 2481 2599 2601 2602 2701 2702 2705 2757 2759 2776 2839 2880 2882 2893 2955 2957 3009 3011 
66 90 91 92 93 94 97 98 99 100 101 102 103 104 105 140 187 189 198 213 214 215 216 217 218 219 220 221 222 300 302 312 346 358 364 367 368 447 448 449 461 462 463 473 496 502 503 504 505 506 623 624 635 636 641 645 646 647 717 718 719 727 728 729 732 752 753 754 755 756 1011 1012 1013 1014 1020 1024 1026 1090 1091 1092 1093 1094 1095 1096 1152 1154 1160 1164 1191 1212 1213 1214 1215 1216 1217 1218 1219 1220 1221 1222 1431 1434 1447 1454 1513 1514 1532 1534 1537 1538 1539 1540 1541 1543 1544 1546 1549 1641 1652 1678 1690 1691 1692 1693 1694 1695 1696 1697 1844 1846 1858 1896 1908 1909 1910 1911 1912 1913 1914 1915 1916 2103 2104 2129 2130 2131 2132 2196 2197 2198 2201 2214 2215 2216 2219 2220 2221 2252 2289 2292 2325 2326 2327 2328 2333 2334 2335 2336 2337 2370 2372 2374 2386 2387 2388 2418 2435 2437 2438 2448 2478 2481 2519 2521 2572 2573 2578 2601 2602 2610 2630 2675 2676 2680 2681 2702 2705 2709 2751 2759 2776 2779 2787 2816 2820 2839 2874 2882 2897 2912 2931 2934 2953 2955 2957 2974 2981 3004 3007 3009 3011 3018 3061 3063 3110 3114 3155 3158 3176 3224 3226 3227 3230 3243 3270 3271 3274 3287 3302 3305 3311 3330 3334 3343 3358 3361 3367 3376 3390 3407 3416 3422 3439 3443 3452 3460 3472 3478 3483 3494 3500 3501 3504 3507 3509 
87 90 92 189 191 300 304 447 448 449 464 471 473 474 623 624 625 639 641 642 717 718 719 730 732 733 1014 1015 1016 1017 1018 1124 1154 1156 1434 1438 1446 1605 1643 1645 1846 1848 2108 2109 2110 2111 2112 2113 2114 2257 2293 2371 2473 2483 2608 2643 2698 2706 2761 2778 2841 2882 2884 2957 3011 
90 92 93 94 187 188 189 191 441 447 448 449 450 451 473 623 624 625 626 627 641 717 718 719 720 721 732 1012 1014 1015 1017 1152 1153 1154 1156 1431 1432 1434 1438 1605 1641 1642 1643 1645 1844 1845 1846 1848 2103 2104 2108 2109 2110 2111 2289 2293 2371 2418 2478 2483 2601 2602 2608 2698 2702 2706 2776 2778 2839 2882 2893 2955 2957 3009 3011 
90 92 94 97 98 100 187 191 210 212 213 346 447 448 451 460 461 462 463 473 623 624 627 635 636 637 641 717 718 721 726 727 728 729 732 1013 1014 1015 1017 1078 1079 1152 1156 1188 1190 1191 1431 1438 1508 1511 1513 1514 1641 1645 1675 1677 1678 1844 1848 1893 1895 1896 2097 2103 2104 2108 2109 2110 2111 2177 2178 2252 2254 2289 2370 2371 2418 2448 2478 2601 2602 2702 2706 2776 2778 2839 2893 2955 2974 3009 3018 3106 3110 3134 3176 3202 3230 3232 3250 
90 92 94 97 187 189 191 213 300 302 346 447 448 449 451 460 473 623 624 625 627 641 717 718 719 721 726 732 1013 1014 1015 1017 1152 1154 1156 1191 1431 1434 1438 1513 1514 1605 1641 1643 1645 1678 1844 1846 1848 1896 2097 2103 2104 2108 2109 2110 2111 2252 2289 2293 2370 2371 2418 2448 2478 2483 2601 2602 2608 2698 2702 2706 2776 2778 2839 2882 2893 2955 2957 2974 3009 3011 3018 3110 3176 3230 
66 91 92 93 94 97 98 99 100 101 102 103 104 105 140 187 189 196 213 214 215 216 217 218 219 220 221 222 300 302 312 346 358 364 367 368 441 448 449 450 451 461 462 463 496 502 503 504 505 506 624 626 627 635 636 645 646 647 718 719 720 721 727 728 729 752 753 754 755 756 1013 1014 1020 1021 1022 1090 1091 1092 1093 1094 1095 1096 1097 1152 1154 1160 1162 1191 1212 1213 1214 1215 1216 1217 1218 1219 1220 1221 1431 1434 1447 1450 1513 1514 1532 1534 1537 1538 1539 1540 1541 1543 1544 1546 1549 1622 1641 1650 1678 1690 1691 1692 1693 1694 1695 1696 1697 1844 1846 1856 1896 1908 1909 1910 1911 1912 1913 1914 1915 1916 2006 2097 2103 2104 2119 2120 2121 2122 2196 2197 2198 2201 2217 2218 2219 2220 2252 2289 2292 2325 2326 2327 2328 2338 2339 2340 2341 2342 2370 2372 2386 2387 2388 2418 2435 2439 2440 2448 2478 2481 2485 2519 2572 2573 2582 2584 2585 2601 2602 2609 2675 2676 2684 2685 2702 2705 2710 2759 2776 2816 2822 2823 2839 2874 2882 2897 2931 2935 2936 2939 2954 2955 2957 2974 2981 3004 3008 3009 3011 3018 3047 3061 3066 3110 3115 3155 3159 3176 3224 3228 3230 3244 3270 3271 3275 3287 3302 3307 3330 3335 3343 3358 3363 3376 3391 3407 3418 3419 3423 3437 3444 3452 3462 3471 3472 3479 3482 3488 3494 3500 3501 3504 3507 3509 
90 92 93 94 187 191 447 451 473 623 627 641 717 721 732 1012 1013 1015 1017 1152 1156 1431 1438 1605 1641 1645 1844 1848 1854 2103 2104 2108 2109 2110 2111 2289 2293 2371 2418 2478 2483 2484 2601 2602 2608 2698 2702 2706 2776 2778 2839 2882 2893 2955 2957 3009 3011 
66 87 90 93 94 140 187 188 300 304 441 448 450 451 464 471 473 474 624 626 627 639 641 642 718 720 721 730 732 733 1012 1014 1015 1016 1017 1018 1124 1152 1153 1431 1432 1446 1641 1642 1844 1845 2103 2104 2108 2109 2110 2111 2289 2371 2418 2478 2601 2602 2702 2706 2776 2778 2839 2893 2955 3009 
66 90 93 94 140 187 188 191 300 441 447 448 450 451 473 623 624 626 627 641 717 718 720 721 732 1012 1014 1015 1017 1152 1153 1156 1431 1432 1438 1641 1642 1645 1844 1845 1848 2103 2104 2108 2109 2110 2111 2289 2371 2418 2478 2601 2602 2702 2706 2776 2778 2839 2882 2955 2957 3009 3011 
66 91 92 93 94 97 140 187 189 213 300 302 312 346 448 449 460 624 718 719 726 1011 1012 1013 1014 1152 1154 1160 1191 1431 1434 1447 1513 1514 1641 1678 1844 1846 1896 2103 2104 2252 2289 2292 2370 2418 2448 2478 2481 2601 2602 2702 2705 2759 2776 2839 2882 2955 2957 2974 3009 3011 3018 3110 3176 3230 
66 87 92 93 94 140 187 304 447 448 451 464 471 473 474 623 624 627 639 641 642 717 718 721 730 732 733 1012 1013 1014 1015 1016 1017 1018 1124 1152 1431 1446 1641 1844 2103 2104 2108 2109 2110 2111 2289 2371 2418 2478 2601 2602 2702 2706 2776 2778 2839 2882 2955 2957 3009 3011 
66 91 92 94 140 187 189 300 312 441 448 449 450 451 624 626 627 718 719 720 721 1012 1013 1014 1152 1154 1160 1431 1434 1447 1641 1844 1846 2103 2104 2289 2292 2418 2478 2481 2601 2602 2702 2705 2759 2776 2839 2882 2955 2957 3009 3011 
66 87 93 94 140 187 188 300 304 441 447 448 450 451 464 471 473 474 623 624 626 627 639 641 642 717 718 720 721 730 732 733 1012 1014 1015 1016 1017 1018 1124 1152 1153 1431 1432 1446 1641 1642 1844 1845 2103 2104 2108 2109 2110 2111 2289 2371 2418 2478 2601 2602 2702 2706 2776 2778 2839 2893 2955 3009 
90 91 92 94 97 187 189 190 191 213 300 302 346 447 448 449 451 460 473 623 624 625 627 641 717 718 719 721 726 732 1013 1014 1015 1017 1152 1154 1155 1156 1191 1431 1434 1437 1438 1513 1514 1605 1641 1643 1644 1645 1678 1844 1846 1847 1848 1896 2062 2097 2103 2104 2108 2109 2110 2111 2252 2289 2293 2370 2371 2418 2448 2478 2483 2601 2602 2608 2698 2702 2706 2776 2778 2839 2882 2883 2955 2957 2958 2974 3009 3011 3012 3018 3110 3176 3230 
90 91 93 94 187 189 190 191 312 447 448 451 473 623 624 627 641 717 718 721 732 1012 1013 1014 1015 1017 1152 1154 1155 1156 1431 1434 1435 1437 1438 1605 1641 1643 1644 1645 1844 1846 1847 1848 2062 2103 2104 2108 2109 2110 2111 2289 2293 2371 2418 2478 2483 2601 2602 2608 2698 2702 2706 2776 2778 2839 2882 2883 2955 2957 2958 3009 3011 3012 
90 91 92 93 94 187 190 191 313 447 451 473 623 627 641 717 721 732 1012 1013 1014 1015 1017 1152 1155 1156 1431 1436 1437 1438 1641 1644 1645 1844 1847 1848 2103 2104 2108 2109 2110 2111 2289 2371 2418 2478 2601 2602 2702 2706 2776 2778 2839 2882 2883 2955 2957 2958 3009 3011 3012 
87 90 91 92 93 188 190 191 300 304 311 441 447 448 464 471 473 474 623 624 626 639 641 642 717 718 720 730 732 733 1013 1014 1016 1017 1018 1124 1153 1155 1156 1432 1437 1438 1446 1644 1645 1845 1847 1848 2062 2107 2112 2113 2114 2257 2291 2420 2473 2480 2605 2606 2643 2704 2761 2777 2840 2841 2883 2884 2956 2958 3010 3012 
47 48 49 50 76 78 80 81 104 135 175 215 225 278 279 437 438 505 565 566 613 647 681 694 695 696 697 698 699 700 701 755 820 940 986 1213 1276 1310 1417 1534 1690 1792 1793 1794 1801 1802 1803 1804 1805 1909 2018 2020 2085 2192 2349 2350 2358 2446 2464 2523 2692 2833 2834 2835 2879 3013 3071 3118 3162 
66 92 93 97 140 188 213 300 302 358 441 448 450 451 453 459 461 462 463 496 502 503 504 505 506 624 626 627 633 635 636 645 646 647 718 720 721 727 728 729 752 753 754 755 756 877 1011 1012 1013 1014 1087 1153 1191 1193 1194 1195 1196 1197 1198 1199 1200 1201 1432 1514 1520 1523 1524 1614 1642 1678 1680 1681 1682 1683 1728 1729 1731 1845 1896 1900 1901 1902 2001 2002 2096 2097 2098 2099 2181 2187 2252 2322 2370 2432 2471 2509 2570 2597 2627 2707 2724 2727 2814 2894 2908 2909 2944 2974 2979 3018 3021 3095 3110 3175 3195 3230 
47 66 76 77 78 80 81 134 180 182 184 185 244 278 279 294 419 437 438 552 554 565 566 706 707 708 709 827 829 831 832 996 1000 1005 1006 1151 1315 1319 1320 1422 1424 1426 1427 1833 1834 1835 1836 1837 1838 1839 1840 1947 1949 1993 2023 2054 2093 2369 2447 2969 2973 3017 3023 3025 3076 3078 3082 3083 3120 3122 3165 3167 3169 3193 
66 91 92 94 140 187 190 300 441 448 450 451 624 626 627 718 720 721 1012 1013 1014 1152 1155 1431 1437 1641 1644 1844 1847 2062 2103 2104 2289 2418 2478 2601 2602 2702 2776 2839 2883 2955 2958 3009 3012 
47 66 76 78 80 81 134 138 180 182 183 185 244 270 278 294 295 419 437 439 552 554 565 567 706 707 708 710 827 829 830 832 996 1000 1002 1006 1151 1315 1320 1422 1424 1425 1427 1833 1834 1835 1836 1837 1838 1839 1840 1947 1948 1993 2023 2053 2093 2369 2447 2969 2973 3017 3023 3024 3076 3078 3080 3081 3120 3121 3165 3167 3168 3193 
47 66 76 80 81 134 138 180 182 183 185 244 270 278 279 294 295 419 437 438 439 552 554 565 566 567 706 707 708 709 710 827 829 830 832 996 1000 1002 1003 1006 1151 1315 1318 1320 1422 1424 1425 1427 1833 1834 1835 1836 1837 1838 1839 1840 1841 1842 1947 1948 1993 2023 2093 2369 2447 2969 2970 2973 3017 3023 3024 3076 3078 3081 3120 3121 3165 3167 3168 3193 
66 87 90 92 93 94 140 187 304 448 451 464 471 473 474 624 627 639 641 642 718 721 730 732 733 1012 1013 1014 1015 1016 1017 1018 1124 1152 1431 1446 1641 1844 2103 2104 2108 2109 2110 2111 2289 2371 2418 2478 2601 2602 2702 2706 2776 2778 2839 2883 2955 2958 3009 3012 
76 78 87 90 138 140 183 185 191 270 278 279 280 304 437 438 439 447 464 471 473 474 565 566 567 623 639 641 642 709 710 717 730 732 733 830 832 1002 1006 1016 1017 1018 1124 1156 1318 1320 1425 1427 1438 1446 1645 1841 1842 1848 1948 2112 2113 2114 2257 2473 2643 2761 2841 2884 2970 3024 3081 3121 3168 
90 91 92 93 94 187 188 189 190 191 441 447 448 449 450 451 473 623 624 625 626 627 641 717 718 719 720 721 732 1012 1014 1015 1017 1152 1153 1154 1155 1156 1431 1432 1434 1437 1438 1605 1641 1642 1643 1644 1645 1844 1845 1846 1847 1848 2062 2103 2104 2108 2109 2110 2111 2289 2293 2371 2418 2478 2483 2601 2602 2608 2698 2702 2706 2776 2778 2839 2882 2883 2955 2957 2958 3009 3011 3012 
76 78 91 93 94 138 140 183 185 187 188 190 270 278 279 280 300 437 438 439 441 448 450 451 565 566 567 624 626 627 709 710 718 720 721 830 832 1002 1006 1012 1014 1152 1153 1155 1318 1320 1425 1427 1431 1432 1437 1641 1642 1644 1841 1842 1844 1845 1847 1948 2062 2103 2104 2289 2418 2478 2601 2602 2702 2776 2839 2883 2955 2958 2970 3009 3012 3024 3081 3121 3168 
91 92 93 94 97 187 188 190 213 300 302 311 346 441 448 451 460 624 626 627 718 720 721 726 1013 1014 1152 1153 1155 1191 1431 1432 1437 1513 1514 1641 1644 1678 1844 1845 1847 1896 2062 2097 2103 2104 2107 2252 2289 2291 2370 2418 2420 2448 2478 2480 2601 2602 2605 2606 2702 2704 2776 2777 2839 2840 2883 2955 2956 2958 2974 3009 3010 3012 3018 3110 3176 3230 
91 92 94 97 98 100 187 190 210 212 213 222 346 372 448 451 460 461 462 463 624 627 635 636 637 718 721 726 727 728 729 1013 1014 1078 1079 1152 1155 1188 1190 1191 1220 1431 1437 1508 1511 1513 1514 1548 1549 1641 1644 1675 1677 1678 1697 1844 1847 1893 1895 1896 1916 2062 2097 2103 2104 2177 2178 2252 2254 2289 2370 2418 2448 2478 2601 2602 2702 2776 2839 2883 2955 2958 2974 3009 3012 3018 3106 3110 3134 3176 3202 3230 3232 3250 
76 78 91 92 94 97 138 140 183 185 187 190 213 222 270 278 279 280 302 346 372 437 438 439 448 451 460 565 566 567 624 627 709 710 718 721 726 830 832 1002 1006 1013 1014 1152 1155 1191 1220 1318 1320 1425 1427 1431 1437 1513 1514 1548 1549 1641 1644 1678 1697 1841 1842 1844 1847 1896 1916 1948 2062 2097 2103 2104 2252 2289 2370 2418 2448 2478 2601 2602 2702 2776 2839 2883 2955 2958 2970 2974 3009 3012 3018 3024 3081 3110 3121 3168 3176 3230 
66 91 92 94 97 98 100 101 140 187 190 213 217 220 222 302 346 358 367 372 448 451 460 461 462 463 502 624 627 635 636 718 721 726 727 728 729 752 1013 1014 1094 1095 1096 1152 1155 1191 1215 1218 1220 1222 1431 1437 1513 1514 1538 1539 1544 1548 1549 1641 1644 1678 1692 1695 1697 1844 1847 1896 1911 1914 1916 2062 2097 2103 2104 2214 2215 2216 2219 2221 2252 2289 2333 2334 2335 2370 2388 2418 2437 2438 2448 2478 2578 2579 2580 2601 2602 2680 2681 2702 2751 2776 2820 2839 2883 2934 2953 2955 2958 2974 3007 3009 3012 3018 3063 3110 3114 3158 3176 3226 3227 3230 3243 3274 3305 3311 3334 3361 
90 92 93 94 187 191 447 448 451 473 623 624 627 641 717 718 721 732 1012 1013 1014 1015 1017 1152 1156 1431 1438 1641 1645 1844 1848 2103 2104 2108 2109 2110 2111 2289 2371 2418 2478 2601 2602 2702 2706 2776 2778 2839 2882 2955 2957 3009 3011 
90 91 92 93 94 187 190 191 447 448 451 473 623 624 627 641 717 718 721 732 1012 1013 1015 1017 1152 1155 1156 1431 1437 1438 1605 1641 1644 1645 1844 1847 1848 1854 2062 2103 2104 2108 2109 2110 2111 2289 2293 2371 2418 2478 2483 2484 2601 2602 2608 2698 2702 2706 2776 2778 2839 2882 2883 2955 2957 2958 3009 3011 3012 
76 78 91 92 93 94 138 140 183 185 187 188 190 270 278 279 280 300 437 438 439 441 448 450 451 565 566 567 624 626 627 709 710 718 720 721 830 832 1002 1006 1012 1013 1152 1153 1155 1318 1320 1425 1427 1431 1432 1437 1641 1642 1644 1841 1842 1844 1845 1847 1948 2062 2103 2104 2289 2418 2478 2601 2602 2702 2776 2839 2883 2955 2958 2970 3009 3012 3024 3081 3121 3168 
66 90 91 92 93 94 97 98 99 100 101 102 103 104 105 140 187 190 198 213 214 215 216 217 218 219 220 221 222 302 346 358 364 367 368 447 448 461 462 463 473 496 502 503 504 505 506 623 624 635 636 641 645 646 647 717 718 727 728 729 732 752 753 754 755 756 1011 1012 1013 1014 1020 1024 1026 1090 1091 1092 1093 1094 1095 1096 1152 1155 1164 1191 1212 1213 1214 1215 1216 1217 1218 1219 1220 1221 1222 1431 1437 1454 1513 1514 1532 1534 1537 1538 1539 1540 1541 1543 1544 1546 1549 1641 1644 1652 1678 1690 1691 1692 1693 1694 1695 1696 1697 1844 1847 1858 1896 1908 1909 1910 1911 1912 1913 1914 1915 1916 2062 2103 2104 2129 2130 2131 2132 2196 2197 2198 2201 2214 2215 2216 2219 2220 2221 2252 2289 2325 2326 2327 2328 2333 2334 2335 2336 2337 2370 2372 2374 2386 2387 2388 2418 2435 2437 2438 2448 2478 2519 2521 2572 2573 2578 2601 2602 2610 2630 2675 2676 2680 2681 2702 2709 2751 2776 2779 2787 2816 2820 2839 2874 2883 2897 2912 2931 2934 2953 2955 2958 2974 2981 3004 3007 3009 3012 3018 3061 3063 3110 3114 3155 3158 3176 3224 3226 3227 3230 3243 3270 3271 3274 3287 3302 3305 3311 3330 3334 3343 3358 3361 3367 3376 3390 3407 3416 3422 3439 3443 3452 3460 3472 3478 3483 3494 3500 3501 3504 3507 3509 
66 91 92 93 94 97 98 99 100 101 102 103 104 105 140 187 190 196 213 214 215 216 217 218 219 220 221 222 300 302 346 358 364 367 368 441 448 450 451 461 462 463 496 502 503 504 505 506 624 626 627 635 636 645 646 647 718 720 721 727 728 729 752 753 754 755 756 1013 1014 1020 1021 1022 1090 1091 1092 1093 1094 1095 1096 1097 1152 1155 1162 1191 1212 1213 1214 1215 1216 1217 1218 1219 1220 1221 1431 1437 1450 1513 1514 1532 1534 1537 1538 1539 1540 1541 1543 1544 1546 1549 1622 1641 1644 1650 1678 1690 1691 1692 1693 1694 1695 1696 1697 1844 1847 1856 1896 1908 1909 1910 1911 1912 1913 1914 1915 1916 2006 2062 2097 2103 2104 2119 2120 2121 2122 2196 2197 2198 2201 2217 2218 2219 2220 2252 2289 2325 2326 2327 2328 2338 2339 2340 2341 2342 2370 2372 2386 2387 2388 2418 2435 2439 2440 2448 2478 2485 2519 2572 2573 2582 2584 2585 2601 2602 2609 2675 2676 2684 2685 2702 2710 2776 2816 2822 2823 2839 2874 2883 2897 2931 2935 2936 2939 2954 2955 2958 2974 2981 3004 3008 3009 3012 3018 3047 3061 3066 3110 3115 3155 3159 3176 3224 3228 3230 3244 3270 3271 3275 3287 3302 3307 3330 3335 3343 3358 3363 3376 3391 3407 3418 3419 3423 3437 3444 3452 3462 3471 3472 3479 3482 3488 3494 3500 3501 3504 3507 3509 
66 87 90 140 191 194 304 317 447 464 472 473 474 623 641 642 717 731 732 733 1016 1017 1018 1156 1159 1438 1444 1645 1848 1851 2112 2113 2114 2257 2260 2456 2473 2643 2646 2761 2766 2767 2841 2844 2884 2887 
66 87 91 92 93 94 97 98 99 100 101 102 103 104 105 140 187 190 213 214 215 216 217 218 219 220 221 222 302 304 346 358 364 367 368 447 448 461 462 463 464 471 473 474 496 502 503 504 505 506 623 624 635 636 639 641 642 645 646 647 717 718 727 728 729 730 732 733 752 753 754 755 756 1011 1012 1013 1014 1020 1024 1025 1026 1027 1090 1091 1092 1093 1094 1095 1096 1124 1152 1155 1191 1212 1213 1214 1215 1216 1217 1218 1219 1220 1221 1222 1431 1437 1462 1513 1514 1532 1534 1537 1538 1539 1540 1541 1543 1544 1546 1549 1641 1644 1678 1690 1691 1692 1693 1694 1695 1696 1697 1844 1847 1896 1908 1909 1910 1911 1912 1913 1914 1915 1916 2062 2103 2104 2129 2130 2131 2132 2196 2197 2198 2201 2214 2215 2216 2219 2220 2221 2252 2289 2325 2326 2327 2328 2333 2334 2335 2336 2337 2370 2372 2374 2386 2387 2388 2418 2435 2437 2438 2448 2478 2519 2521 2572 2573 2578 2601 2602 2610 2630 2675 2676 2680 2681 2702 2709 2751 2776 2779 2787 2816 2820 2839 2874 2883 2897 2912 2931 2934 2953 2955 2958 2974 2981 3004 3007 3009 3012 3018 3061 3063 3110 3114 3155 3158 3176 3224 3226 3227 3230 3243 3270 3271 3274 3287 3302 3305 3311 3330 3334 3343 3358 3361 3367 3376 3390 3407 3416 3422 3439 3443 3452 3460 3472 3478 3483 3494 3500 3501 3504 3507 3509 
66 87 89 90 140 191 192 304 315 447 464 471 473 623 639 641 717 730 732 1016 1017 1018 1124 1156 1157 1438 1440 1441 1446 1645 1646 1848 1849 2112 2113 2114 2115 2116 2257 2258 2473 2474 2643 2644 2761 2763 2841 2842 2884 2885 
98 100 101 102 104 206 208 210 212 302 339 358 453 459 460 461 462 463 496 502 503 504 506 633 635 636 637 645 646 726 727 728 729 752 753 754 756 877 1074 1075 1076 1078 1079 1087 1184 1186 1188 1190 1193 1194 1195 1196 1197 1198 1199 1200 1201 1499 1503 1508 1511 1520 1523 1524 1614 1673 1675 1677 1680 1681 1682 1683 1728 1729 1731 1889 1891 1893 1895 1900 1901 1902 2001 2002 2166 2167 2177 2178 2181 2187 2254 2317 2322 2382 2429 2432 2509 2570 2620 2627 2720 2724 2727 2754 2814 2908 2909 2944 2979 3021 3095 3106 3132 3134 3197 3202 3232 3250 3277 
66 87 90 91 92 93 94 140 187 190 191 300 304 441 448 449 450 464 470 471 472 473 474 624 626 638 639 641 642 718 719 720 730 731 732 733 878 1012 1013 1014 1016 1017 1018 1124 1152 1155 1156 1202 1203 1204 1205 1206 1207 1208 1209 1210 1431 1437 1438 1446 1526 1527 1530 1616 1618 1641 1644 1645 1684 1685 1688 1733 1735 1844 1847 1848 1903 1904 1905 2003 2004 2062 2103 2104 2112 2113 2114 2183 2188 2257 2289 2323 2324 2418 2433 2434 2473 2478 2510 2516 2517 2571 2601 2602 2628 2629 2643 2702 2725 2726 2761 2776 2815 2839 2841 2883 2884 2911 2945 2955 2958 2980 3009 3012 3021 3095 
66 101 102 104 105 140 205 206 302 358 453 459 460 461 462 463 496 502 503 504 505 633 635 636 645 646 647 726 727 728 729 752 753 754 755 877 1073 1075 1076 1087 1183 1184 1193 1194 1195 1196 1197 1198 1199 1200 1201 1497 1499 1520 1523 1524 1614 1670 1671 1680 1681 1682 1683 1728 1729 1731 1888 1889 1900 1901 1902 2001 2002 2161 2162 2163 2181 2187 2315 2322 2382 2427 2432 2509 2570 2617 2627 2718 2724 2727 2753 2814 2908 2909 2944 2979 3021 3095 3132 3196 3210 3245 3276 
66 101 102 140 208 302 341 358 453 459 460 461 462 463 502 504 505 506 633 635 636 646 647 726 727 728 729 752 754 755 756 877 1076 1087 1186 1193 1194 1195 1196 1197 1198 1199 1200 1201 1503 1520 1523 1524 1614 1680 1681 1682 1683 1728 1729 1731 1891 1900 1901 1902 2001 2002 2061 2181 2187 2322 2382 2432 2509 2570 2627 2724 2727 2814 2908 2909 2944 2979 3021 3095 3132 3199 3210 3248 3279 
66 100 101 102 140 208 209 302 341 453 459 460 461 462 463 496 504 505 506 633 635 636 645 646 647 726 727 728 729 753 754 755 756 877 1076 1077 1087 1186 1187 1193 1194 1195 1196 1197 1198 1199 1200 1201 1503 1506 1520 1523 1524 1614 1674 1680 1681 1682 1683 1728 1729 1731 1891 1892 1900 1901 1902 2001 2002 2061 2181 2187 2253 2322 2382 2432 2449 2509 2570 2627 2724 2727 2814 2908 2909 2944 2979 3021 3095 3132 3133 3199 3200 3201 3210 3231 3248 3249 3279 
66 84 87 88 89 90 91 92 93 94 106 140 144 191 195 196 197 198 199 200 201 202 300 304 320 321 324 441 448 449 450 451 464 471 472 473 474 624 626 627 639 641 642 718 719 720 721 730 731 732 733 835 836 1016 1017 1018 1021 1022 1023 1024 1025 1026 1027 1124 1156 1161 1162 1163 1164 1165 1166 1167 1168 1438 1446 1449 1450 1452 1454 1457 1459 1460 1462 1464 1604 1606 1608 1645 1649 1650 1653 1654 1656 1848 1852 1855 1856 1857 1858 1859 1860 1861 1862 1864 1994 1996 2024 2025 2095 2112 2113 2114 2118 2126 2127 2128 2129 2130 2131 2132 2136 2137 2138 2141 2142 2143 2257 2298 2299 2300 2301 2306 2307 2308 2309 2310 2373 2374 2375 2422 2423 2424 2473 2491 2493 2548 2559 2566 2568 2610 2643 2664 2665 2670 2671 2696 2750 2756 2761 2805 2810 2811 2838 2841 2884 2927 2929 2930 2952 2998 2999 3002 3036 3057 3059 3113 3149 3153 3186 3220 3222 3223 3242 3265 3266 3269 3285 3298 3300 3310 3325 3329 3341 3354 3356 3357 3366 3374 3389 3406 3414 3421 3432 3442 3451 3457 3458 3468 3469 3477 3481 3487 3497 3505 3506 3508 3510 3511 
66 91 92 93 97 140 190 213 302 358 448 451 453 459 461 462 463 496 502 503 504 505 506 624 627 633 635 636 645 646 647 718 721 727 728 729 752 753 754 755 756 877 1011 1012 1013 1014 1087 1155 1191 1193 1194 1195 1196 1197 1198 1199 1200 1201 1437 1514 1520 1523 1524 1614 1644 1678 1680 1681 1682 1683 1728 1729 1731 1847 1896 1900 1901 1902 2001 2002 2062 2097 2098 2099 2181 2187 2252 2322 2370 2432 2509 2570 2627 2724 2727 2814 2883 2893 2894 2908 2909 2944 2958 2974 2979 3012 3018 3021 3095 3110 3175 3195 3230 
66 98 100 140 210 212 358 453 459 460 461 462 463 496 502 503 504 505 506 633 635 636 637 645 646 647 726 727 728 729 752 753 754 755 756 877 1078 1079 1087 1188 1190 1193 1194 1195 1196 1197 1198 1199 1200 1201 1508 1511 1520 1523 1524 1614 1675 1677 1680 1681 1682 1683 1728 1729 1731 1893 1895 1900 1901 1902 2001 2002 2177 2178 2181 2187 2254 2322 2432 2509 2570 2627 2724 2727 2814 2908 2909 2944 2979 3021 3095 3106 3134 3202 3232 3250 
66 98 100 140 210 212 302 358 453 459 460 461 462 496 502 503 504 505 506 633 635 636 645 646 647 726 727 728 752 753 754 755 756 877 1078 1079 1087 1188 1190 1193 1194 1195 1196 1197 1198 1199 1200 1201 1508 1511 1520 1523 1524 1614 1675 1677 1680 1681 1682 1683 1728 1729 1731 1893 1895 1900 1901 1902 2001 2002 2177 2178 2181 2187 2254 2322 2432 2509 2570 2627 2724 2727 2814 2908 2909 2944 2979 3021 3095 3106 3134 3202 3232 3250 
66 99 100 140 210 302 343 358 453 459 460 461 463 496 502 503 504 505 506 633 635 645 646 647 726 727 729 752 753 754 755 756 877 1078 1087 1188 1193 1194 1195 1196 1197 1198 1199 1200 1201 1507 1508 1520 1523 1524 1614 1675 1680 1681 1682 1683 1728 1729 1731 1893 1900 1901 1902 2001 2002 2181 2187 2254 2322 2432 2450 2509 2570 2627 2724 2727 2814 2908 2909 2944 2979 3021 3095 3134 3203 3250 
66 97 98 140 212 302 345 358 453 459 460 462 463 496 502 503 504 505 506 633 636 645 646 647 726 728 729 752 753 754 755 756 877 1080 1087 1190 1193 1194 1195 1196 1197 1198 1199 1200 1201 1511 1520 1523 1524 1614 1680 1681 1682 1683 1728 1729 1731 1895 1900 1901 1902 2001 2002 2181 2187 2256 2322 2432 2452 2509 2570 2627 2724 2727 2814 2908 2909 2944 2979 3021 3095 3136 3206 3207 3234 3252 
47 75 76 78 80 81 98 100 134 138 140 180 182 186 210 212 244 270 279 294 298 302 419 436 438 461 462 463 552 554 564 566 635 636 637 706 707 708 709 710 711 727 728 729 827 829 833 996 1000 1008 1009 1078 1079 1151 1188 1190 1315 1321 1422 1424 1428 1508 1511 1675 1677 1833 1834 1835 1836 1837 1838 1839 1840 1893 1895 1947 1950 1993 2023 2055 2093 2177 2178 2254 2369 2447 2969 2973 3017 3023 3026 3076 3078 3084 3085 3106 3120 3123 3134 3165 3167 3170 3193 3202 3232 3250 
91 92 93 98 100 188 189 190 210 212 302 304 311 447 448 451 461 462 463 464 470 471 472 473 474 623 624 627 635 636 637 638 639 641 642 717 718 721 727 728 729 730 731 732 733 878 1013 1014 1078 1079 1153 1154 1155 1188 1190 1202 1203 1204 1205 1206 1207 1208 1209 1210 1432 1434 1437 1508 1511 1526 1527 1605 1616 1643 1644 1675 1677 1684 1685 1687 1688 1733 1734 1735 1845 1846 1847 1893 1895 1903 1904 1905 2003 2004 2062 2107 2177 2178 2182 2188 2254 2291 2293 2323 2420 2433 2480 2483 2510 2571 2605 2606 2608 2628 2698 2704 2725 2728 2777 2815 2840 2882 2883 2893 2910 2911 2945 2956 2957 2958 2980 3010 3011 3012 3021 3095 3106 3134 3202 3232 3250 
50 68 71 98 102 104 105 116 135 155 156 160 215 220 225 228 256 260 393 395 424 461 505 557 613 635 647 680 681 727 755 940 1089 1090 1092 1213 1218 1276 1534 1544 1690 1695 1909 1914 2066 2192 2193 2194 2195 2202 2349 2350 2385 2446 2523 2631 2692 2729 2833 2834 2835 2879 2891 2959 3013 3071 3118 3162 
92 93 94 187 448 451 624 627 718 721 1012 1013 1014 1152 1431 1641 1844 2062 2100 2101 2102 2103 2104 2288 2289 2417 2418 2478 2599 2601 2602 2701 2702 2757 2776 2839 2880 2883 2893 2955 2958 3009 3012 
91 92 93 94 98 100 187 188 189 210 212 300 302 312 441 449 450 451 461 462 463 626 627 635 636 637 719 720 721 727 728 729 1012 1013 1078 1079 1152 1153 1154 1160 1188 1190 1431 1432 1434 1447 1508 1511 1641 1642 1675 1677 1844 1845 1846 1893 1895 2103 2104 2177 2178 2254 2289 2292 2418 2478 2481 2601 2602 2702 2705 2759 2776 2839 2882 2955 2957 3009 3011 3106 3134 3202 3232 3250 
91 92 93 94 187 190 448 451 624 627 718 721 1012 1013 1152 1155 1431 1437 1605 1641 1644 1844 1847 1854 2062 2103 2104 2289 2293 2418 2478 2483 2484 2601 2602 2608 2698 2702 2776 2839 2882 2883 2893 2955 2957 2958 3009 3011 3012 
87 90 91 92 189 190 191 300 304 447 448 449 464 471 473 474 623 624 625 639 641 642 717 718 719 730 732 733 1014 1016 1017 1018 1124 1154 1155 1156 1434 1437 1438 1446 1605 1643 1644 1645 1846 1847 1848 2062 2112 2113 2114 2257 2293 2473 2483 2608 2643 2698 2761 2841 2882 2883 2884 2893 2957 2958 3011 3012 
91 93 94 187 189 190 312 448 451 624 627 718 721 1012 1013 1014 1152 1154 1155 1431 1434 1435 1437 1605 1641 1643 1644 1844 1846 1847 2062 2103 2104 2289 2293 2418 2478 2483 2601 2602 2608 2698 2702 2776 2839 2882 2883 2893 2955 2957 2958 3009 3011 3012 
66 92 93 97 98 99 100 101 102 103 104 105 140 196 214 215 216 217 218 219 220 221 222 300 302 358 364 367 368 372 441 450 451 460 461 462 463 496 502 503 504 505 506 626 627 635 636 645 646 647 720 721 726 727 728 729 752 753 754 755 756 1020 1021 1022 1090 1091 1092 1093 1094 1095 1096 1097 1162 1212 1213 1214 1215 1216 1217 1218 1219 1220 1221 1450 1532 1534 1537 1538 1539 1540 1541 1543 1544 1546 1548 1549 1622 1650 1690 1691 1692 1693 1694 1695 1696 1697 1856 1908 1909 1910 1911 1912 1913 1914 1915 1916 2006 2119 2120 2121 2122 2196 2197 2198 2201 2217 2218 2219 2220 2325 2326 2327 2328 2338 2339 2340 2341 2342 2372 2386 2387 2388 2435 2439 2440 2485 2519 2572 2573 2582 2583 2584 2585 2609 2675 2676 2683 2684 2685 2686 2710 2752 2816 2822 2874 2897 2931 2935 2939 2954 2981 3004 3008 3047 3061 3066 3155 3159 3224 3229 3270 3271 3275 3287 3302 3307 3330 3335 3343 3358 3363 3376 3391 3407 3418 3419 3423 3437 3444 3452 3462 3471 3472 3479 3482 3488 3494 3500 3501 3504 3507 3509 
47 48 49 66 76 78 81 134 178 180 182 185 244 278 279 294 419 437 438 552 554 556 565 566 704 705 707 708 709 710 825 827 829 832 992 996 1000 1006 1313 1315 1320 1420 1422 1424 1427 1828 1829 1833 1834 1835 1836 1837 1838 1839 1840 1947 1989 2023 2042 2088 2363 2595 2693 2969 2973 3017 3023 3074 3078 3120 3163 3167 3191 
47 48 49 66 76 78 80 134 178 182 185 244 278 279 294 419 437 438 552 554 556 565 566 704 705 706 707 708 709 710 825 829 832 992 1000 1006 1313 1320 1420 1424 1427 1828 1829 1833 1834 1835 1836 1837 1838 1839 1840 1947 1989 2023 2042 2088 2363 2595 2693 2969 2973 3017 3023 3074 3078 3120 3163 3167 3191 
47 48 49 66 76 78 81 134 178 182 185 244 278 279 294 419 437 438 552 553 556 565 566 704 705 706 707 708 709 710 825 829 832 992 1000 1006 1313 1320 1420 1424 1427 1828 1829 1833 1834 1835 1836 1837 1838 1839 1840 1947 1989 2023 2042 2088 2363 2595 2693 2969 2973 3017 3023 3074 3078 3120 3163 3167 3191 
66 88 90 140 191 193 304 447 464 471 473 474 623 639 641 642 717 730 732 733 1016 1017 1124 1156 1158 1438 1443 1446 1645 1647 1848 1850 2112 2113 2114 2257 2259 2455 2473 2643 2645 2761 2764 2765 2841 2843 2884 2886 
98 100 210 212 302 358 453 459 460 461 462 463 496 502 503 504 505 506 633 635 636 637 645 646 647 726 727 728 729 752 753 754 755 756 877 1078 1079 1087 1188 1190 1193 1194 1195 1196 1197 1198 1199 1200 1201 1508 1511 1520 1523 1524 1614 1675 1677 1680 1681 1682 1683 1728 1729 1731 1893 1895 1900 1901 1902 2001 2002 2177 2178 2181 2187 2254 2322 2432 2509 2570 2627 2724 2727 2814 2908 2909 2944 2979 3021 3095 3106 3134 3202 3232 3250 
47 66 75 76 78 80 81 134 138 180 182 186 244 270 279 294 298 419 436 438 552 554 564 566 706 707 708 709 710 711 827 829 833 996 1000 1008 1009 1151 1315 1321 1422 1424 1428 1833 1834 1835 1836 1837 1838 1839 1840 1947 1950 1993 2023 2055 2093 2369 2447 2969 2973 3017 3023 3026 3076 3078 3084 3085 3120 3123 3165 3167 3170 3193 
47 66 75 78 80 81 134 138 180 182 186 244 270 278 279 294 298 419 436 437 438 552 554 564 565 566 706 707 708 709 710 711 827 829 833 996 1000 1008 1009 1151 1315 1321 1422 1424 1428 1833 1834 1835 1836 1837 1838 1839 1840 1947 1950 1993 2023 2055 2093 2369 2447 2969 2973 3017 3023 3026 3076 3078 3084 3085 3120 3123 3165 3167 3170 3193 
87 90 98 100 191 210 212 302 304 447 461 462 463 464 471 473 474 623 635 636 637 639 641 642 717 727 728 729 730 732 733 1016 1017 1018 1078 1079 1124 1156 1188 1190 1438 1446 1508 1511 1645 1675 1677 1848 1893 1895 2112 2113 2114 2177 2178 2254 2257 2473 2643 2761 2841 2884 3106 3134 3202 3232 3250 
66 101 102 104 140 206 208 302 339 358 453 459 460 461 462 463 496 502 503 504 506 633 635 636 645 646 726 727 728 729 752 753 754 756 877 1074 1075 1076 1087 1184 1186 1193 1194 1195 1196 1197 1198 1199 1200 1201 1499 1503 1520 1523 1524 1614 1673 1680 1681 1682 1683 1728 1729 1731 1889 1891 1900 1901 1902 2001 2002 2166 2167 2181 2187 2317 2322 2382 2429 2432 2509 2570 2620 2627 2720 2724 2727 2754 2814 2908 2909 2944 2979 3021 3095 3132 3197 3277 
66 101 103 104 140 206 302 358 453 459 460 461 462 463 496 502 503 505 506 633 635 636 645 647 726 727 728 729 752 753 755 756 877 1074 1076 1087 1184 1193 1194 1195 1196 1197 1198 1199 1200 1201 1499 1520 1523 1524 1614 1671 1680 1681 1682 1683 1728 1729 1731 1889 1900 1901 1902 2001 2002 2181 2187 2317 2322 2382 2429 2432 2502 2509 2570 2621 2627 2724 2727 2754 2814 2908 2909 2944 2979 3021 3095 3132 3197 3277 
66 87 89 90 140 191 192 304 447 464 471 474 623 639 642 717 730 733 1016 1018 1124 1156 1157 1438 1441 1446 1645 1646 1848 1849 2112 2113 2114 2257 2258 2454 2473 2643 2644 2761 2762 2763 2841 2842 2884 2885 
66 91 92 93 94 140 187 188 189 300 312 441 449 450 451 626 627 719 720 721 1012 1013 1152 1153 1154 1160 1431 1432 1434 1447 1641 1642 1844 1845 1846 2103 2104 2289 2292 2418 2478 2481 2601 2602 2702 2705 2759 2776 2839 2882 2955 2957 3009 3011 
50 68 71 102 104 105 116 135 155 156 160 215 225 228 256 260 393 395 424 504 505 557 613 646 647 680 681 754 755 940 1089 1090 1091 1092 1213 1276 1534 1690 1909 2066 2192 2193 2194 2195 2349 2350 2385 2446 2523 2631 2692 2729 2833 2834 2835 2879 2891 2959 3013 3071 3118 3162 
69 70 86 87 90 106 151 191 348 447 473 474 494 584 623 639 641 642 717 730 732 733 835 1016 1017 1018 1019 1124 1156 1438 1446 1604 1645 1848 1852 1853 2024 2095 2112 2113 2114 2257 2473 2548 2643 2696 2756 2761 2838 2841 2884 
67 69 104 137 153 269 362 377 434 500 517 535 563 589 595 657 764 845 846 856 1037 1038 1071 1171 1330 1331 1350 1388 1469 1477 1658 1869 1875 2145 2147 2156 2379 2380 2497 2498 2589 2716 2856 2857 2878 2904 2943 2978 3040 3041 3067 3116 
52 83 104 127 129 131 362 388 500 517 540 542 543 544 545 546 548 549 550 551 589 600 657 734 735 736 737 743 744 745 746 747 764 837 838 856 1171 1322 1323 1465 1477 1658 1865 1866 1867 1868 1875 1884 1885 1886 1887 2026 2028 2145 2146 2147 2376 2379 2497 2498 2716 2856 2857 2878 2904 2943 2978 3040 3041 3067 3116 
69 87 90 142 375 376 521 522 523 524 525 526 527 528 529 530 661 664 768 769 770 771 772 773 774 775 911 912 1131 1132 1258 1259 1260 1261 1262 1263 1264 1265 1369 1370 1584 1586 1587 1631 1632 1633 1634 1718 1719 1740 1741 1742 1743 1939 1940 2011 2012 2241 2246 2443 2444 2538 2544 2545 2587 2639 2640 2738 2739 2825 2917 2947 2983 3022 3096 
52 61 127 347 350 353 487 490 542 545 579 582 862 863 868 869 1071 1342 1343 1348 1349 1350 1388 1493 1496 1883 2379 2380 2498 2878 2943 2978 3040 3041 3067 3116 
52 79 131 384 536 547 596 843 844 1071 1328 1329 1350 1388 1468 1869 2145 2156 2379 2380 2498 2589 2716 2856 2857 2878 2904 2943 2978 3040 3041 3067 3116 
52 83 131 388 540 551 600 837 838 1071 1322 1323 1350 1388 1465 1865 2145 2156 2379 2380 2498 2589 2716 2856 2857 2878 2904 2943 2978 3040 3041 3067 3116 
52 79 83 131 384 388 536 540 547 551 596 600 837 838 843 844 1071 1322 1323 1328 1329 1350 1388 1465 1468 1865 1869 2145 2156 2379 2380 2498 2589 2716 2856 2857 2878 2904 2943 2978 3040 3041 3067 3116 
52 79 83 104 131 362 384 388 500 517 536 540 547 548 549 550 551 589 596 600 657 734 735 736 737 764 837 838 843 844 856 1071 1171 1322 1323 1328 1329 1350 1388 1465 1468 1477 1658 1865 1866 1867 1868 1869 1875 2026 2145 2146 2147 2376 2379 2380 2497 2498 2716 2856 2857 2878 2904 2943 2978 3040 3041 3067 3116 
50 68 71 76 116 135 155 156 160 175 225 228 256 260 278 393 395 424 437 557 565 613 680 681 820 940 986 1276 1310 1417 1801 2066 2085 2349 2350 2446 2692 2833 2834 2835 2879 2891 2959 3013 3071 3118 3162 
53 58 59 146 167 168 572 573 690 789 790 949 951 1285 1286 1397 1398 1951 1955 2056 2966 2985 3030 3044 3045 3086 3093 3124 3128 3174 
49 50 53 60 61 62 98 133 135 139 146 158 169 220 225 461 556 572 573 575 613 635 675 676 677 678 679 681 727 778 814 932 974 1218 1278 1304 1390 1411 1544 1695 1749 1750 1751 1752 1753 1791 1914 2015 2066 2085 2202 2349 2446 2523 2692 2833 2834 2835 2879 
47 48 49 76 78 80 81 134 138 178 182 183 185 244 270 278 279 280 294 419 437 438 439 552 556 565 566 567 704 705 706 707 708 709 710 825 829 830 832 992 1000 1002 1006 1313 1318 1320 1420 1424 1425 1427 1828 1829 1833 1834 1835 1836 1837 1838 1839 1840 1841 1842 1947 1948 1989 2023 2042 2088 2363 2595 2693 2969 2970 2973 3017 3023 3024 3074 3078 3081 3120 3121 3163 3167 3168 3191 
87 90 92 93 94 187 191 447 448 451 473 623 624 627 641 717 718 721 732 1012 1013 1014 1015 1017 1018 1152 1156 1431 1438 1641 1645 1844 1848 2103 2104 2108 2109 2110 2111 2289 2371 2418 2478 2601 2602 2702 2706 2776 2778 2839 2893 2955 3009 
91 92 94 187 189 190 441 448 449 450 451 624 625 626 627 718 719 720 721 1012 1013 1014 1152 1154 1155 1431 1434 1437 1605 1641 1643 1644 1844 1846 1847 2062 2103 2104 2289 2293 2418 2478 2483 2601 2602 2608 2698 2702 2776 2839 2882 2883 2893 2955 2957 2958 3009 3011 3012 
91 93 94 98 100 187 188 190 210 212 300 302 441 448 450 451 461 462 463 624 626 627 635 636 637 718 720 721 727 728 729 1012 1014 1078 1079 1152 1153 1155 1188 1190 1431 1432 1437 1508 1511 1641 1642 1644 1675 1677 1844 1845 1847 1893 1895 2062 2103 2104 2177 2178 2254 2289 2418 2478 2601 2602 2702 2776 2839 2883 2955 2958 3009 3012 3106 3134 3202 3232 3250 
91 92 93 94 97 98 100 187 190 210 212 213 346 448 460 461 462 463 624 635 636 637 718 726 727 728 729 1011 1012 1013 1014 1078 1079 1152 1155 1188 1190 1191 1431 1437 1508 1511 1513 1514 1641 1644 1675 1677 1678 1844 1847 1893 1895 1896 2062 2103 2104 2177 2178 2252 2254 2289 2370 2418 2448 2478 2601 2602 2702 2776 2839 2883 2955 2958 2974 3009 3012 3018 3106 3110 3134 3176 3202 3230 3232 3250 
87 90 91 92 93 94 187 190 191 313 447 451 473 623 627 641 717 721 732 1012 1013 1014 1015 1017 1018 1152 1155 1156 1431 1436 1437 1438 1641 1644 1645 1844 1847 1848 2103 2104 2108 2109 2110 2111 2289 2371 2418 2478 2601 2602 2702 2706 2776 2778 2839 2883 2893 2955 2958 3009 3012 
66 87 90 140 191 304 447 464 471 473 474 623 639 641 642 717 730 732 733 1016 1017 1018 1124 1156 1438 1446 1645 1848 2112 2113 2114 2257 2473 2643 2761 2841 2884 
66 140 300 304 441 447 448 449 450 451 464 470 471 472 473 474 623 624 626 627 638 639 641 642 717 718 719 720 721 730 731 732 733 878 1202 1203 1204 1205 1206 1207 1208 1209 1210 1526 1527 1616 1684 1685 1687 1688 1733 1734 1735 1903 1904 1905 2003 2004 2182 2188 2323 2433 2510 2571 2628 2725 2728 2815 2910 2911 2945 2980 3021 3095 
66 140 302 358 453 459 460 461 462 463 496 502 503 504 505 506 633 635 636 645 646 647 726 727 728 729 752 753 754 755 756 877 1087 1193 1194 1195 1196 1197 1198 1199 1200 1201 1520 1523 1524 1614 1680 1681 1682 1683 1728 1729 1731 1900 1901 1902 2001 2002 2181 2187 2322 2432 2509 2570 2627 2724 2727 2814 2908 2909 2944 2979 3021 3095 
91 92 93 94 187 190 448 451 624 627 718 721 1012 1013 1014 1152 1155 1431 1437 1641 1644 1844 1847 2062 2103 2104 2289 2418 2478 2601 2602 2702 2776 2839 2883 2955 2958 3009 3012 
12 
16 
18 
26 
27 
31 
32 
33 
38 
42 
74 
96 
10 111 
64 69 150 151 347 348 350 356 486 487 488 489 490 491 492 493 579 580 581 582 583 607 608 609 870 871 872 873 874 875 928 1081 1083 1084 1085 1086 1211 1351 1352 1353 1354 1355 1516 1517 1518 1531 1899 1907 2185 2384 2513 2674 2785 2786 2863 2907 3022 3096 
52 54 69 127 129 150 227 336 350 487 542 543 544 545 546 579 743 744 745 746 747 749 868 869 920 1348 1349 1496 1883 1884 1885 1886 1887 2028 2379 2943 2978 3040 3041 3067 3116 
53 80 81 133 180 553 554 706 827 834 996 1151 1315 1422 1992 1993 2092 2093 2368 2369 2447 2470 2592 3076 3165 3193 
66 87 90 92 93 97 98 99 100 101 102 103 104 105 140 214 215 216 217 218 219 220 221 222 302 304 358 364 367 368 372 448 451 460 461 462 463 464 471 473 474 496 502 503 504 505 506 624 627 635 636 639 641 642 645 646 647 718 721 726 727 728 729 730 732 733 752 753 754 755 756 1020 1021 1022 1023 1024 1025 1026 1027 1090 1091 1092 1093 1094 1095 1096 1097 1124 1212 1213 1214 1215 1216 1217 1218 1219 1220 1221 1462 1532 1534 1537 1538 1539 1540 1541 1543 1544 1546 1548 1549 1622 1690 1691 1692 1693 1694 1695 1696 1697 1908 1909 1910 1911 1912 1913 1914 1915 1916 2006 2120 2121 2122 2129 2130 2131 2132 2196 2197 2198 2201 2217 2218 2219 2220 2325 2326 2327 2328 2338 2339 2340 2341 2342 2372 2374 2386 2387 2388 2435 2439 2440 2519 2572 2573 2582 2583 2584 2585 2610 2675 2676 2683 2684 2685 2686 2709 2752 2779 2816 2822 2874 2895 2897 2931 2935 2939 2954 2981 3004 3008 3047 3061 3066 3155 3159 3224 3229 3270 3271 3275 3287 3302 3307 3330 3335 3343 3358 3363 3376 3391 3407 3418 3419 3423 3437 3444 3452 3462 3471 3472 3479 3482 3488 3494 3500 3501 3504 3507 3509 
