70 88 90 91 92 97 98 100 189 191 193 210 213 314 343 346 447 449 450 451 453 460 462 472 625 626 627 636 637 640 717 719 720 721 726 728 729 731 1011 1012 1013 1014 1017 1018 1078 1079 1080 1124 1154 1156 1158 1188 1191 1434 1438 1439 1443 1446 1507 1513 1643 1645 1647 1846 1848 1850 1893 1896 2096 2097 2098 2099 2112 2117 2177 2178 2252 2254 2257 2258 2259 2370 2453 2454 2471 2475 2597 2643 2644 2645 2707 2761 2763 2764 2843 2884 2885 2886 2894 2974 3018 3106 3110 3134 3175 3195 3202 3230 3232 3250 
86 87 88 89 106 125 192 193 194 315 348 471 472 474 494 584 639 640 730 731 733 835 1017 1018 1124 1157 1158 1159 1440 1441 1443 1445 1604 1646 1647 1648 1849 1850 1851 1853 2024 2095 2117 2258 2259 2260 2454 2456 2475 2548 2644 2645 2646 2696 2763 2764 2766 2767 2838 2843 2844 2885 2886 2887 
70 88 91 97 98 100 190 193 210 213 300 302 343 441 448 453 460 462 472 624 634 636 637 640 718 726 728 729 731 1017 1018 1078 1079 1080 1124 1155 1158 1188 1191 1436 1443 1446 1507 1513 1644 1647 1678 1847 1850 1893 1896 2062 2109 2112 2117 2177 2178 2254 2257 2258 2259 2371 2453 2454 2475 2643 2644 2645 2761 2763 2764 2778 2843 2883 2884 2885 2886 3012 3106 3134 3202 3232 3250 
53 61 62 76 77 89 97 98 100 138 140 146 147 148 149 165 183 185 191 210 213 265 278 280 295 300 302 304 314 326 327 343 437 439 447 453 460 462 474 479 480 565 567 575 576 634 636 637 687 709 710 717 726 728 729 733 786 830 832 942 943 1002 1003 1006 1016 1078 1079 1080 1156 1188 1191 1282 1318 1320 1394 1425 1427 1438 1439 1507 1513 1645 1678 1841 1842 1848 1893 1896 1948 1952 2057 2177 2178 2254 2257 2453 2643 2761 2884 2970 3024 3027 3081 3088 3106 3121 3134 3168 3171 3202 3232 3250 
75 76 78 97 98 100 138 140 183 184 185 210 213 270 278 279 280 296 302 343 437 438 439 453 460 462 565 566 567 634 636 637 709 710 711 726 728 729 830 831 832 1002 1004 1005 1006 1078 1079 1080 1188 1191 1318 1319 1320 1425 1426 1427 1507 1513 1678 1841 1842 1843 1893 1896 1948 1949 2177 2178 2254 2970 2971 3024 3025 3081 3083 3106 3121 3122 3134 3168 3169 3202 3232 3250 
89 90 93 98 100 188 191 210 213 300 302 304 314 343 346 447 450 451 453 460 462 474 626 627 634 636 637 717 720 721 726 728 729 733 1011 1012 1016 1078 1079 1080 1153 1156 1188 1191 1432 1438 1439 1507 1513 1514 1642 1645 1678 1845 1848 1893 1896 2096 2097 2098 2099 2177 2178 2252 2254 2257 2370 2453 2471 2597 2643 2707 2761 2884 2894 2974 3018 3106 3110 3134 3175 3195 3202 3230 3232 3250 
90 91 97 98 100 190 210 213 300 302 343 441 447 448 453 460 462 624 634 636 637 717 718 726 728 729 1015 1078 1079 1080 1155 1188 1191 1436 1507 1513 1644 1678 1847 1893 1896 2062 2177 2178 2254 2371 2778 2883 3012 3106 3134 3202 3232 3250 
53 61 62 66 115 139 146 148 149 165 166 265 328 329 330 332 390 476 477 478 479 480 572 573 574 575 576 687 688 689 690 786 787 788 942 943 945 946 1282 1283 1284 1394 1395 1396 1776 1777 1952 1953 2057 2964 3027 3028 3088 3089 3126 3171 3172 
58 61 66 147 166 168 326 328 329 330 331 476 477 478 479 572 573 574 575 688 689 690 787 790 945 951 1283 1286 1395 1398 1776 1777 1951 1953 2056 2964 2985 3028 3044 3045 3086 3089 3124 3126 3172 
61 66 115 139 147 166 326 328 329 330 331 390 476 477 478 479 572 573 574 575 688 689 690 787 788 945 946 1283 1284 1395 1396 1776 1777 1953 2964 3028 3089 3126 3172 
90 91 93 98 100 188 190 210 213 300 302 343 346 441 447 448 450 451 453 460 462 624 626 627 634 636 637 717 718 720 721 726 728 729 1011 1012 1015 1078 1079 1080 1153 1155 1188 1191 1432 1436 1507 1513 1514 1642 1644 1678 1845 1847 1893 1896 2062 2096 2097 2098 2099 2177 2178 2252 2254 2370 2371 2471 2597 2707 2778 2883 2894 2974 3012 3018 3106 3110 3134 3175 3195 3202 3230 3232 3250 
70 103 105 152 357 360 497 498 499 500 501 508 514 515 516 517 518 586 587 588 589 590 656 657 658 761 762 763 764 765 855 856 857 859 1048 1055 1060 1170 1171 1172 1180 1474 1476 1478 1489 1657 1658 1659 1874 1875 1876 1881 2147 2377 2378 2496 2612 2613 2689 3020 3068 3069 3117 3160 
93 97 98 100 188 210 213 343 346 450 451 453 460 462 626 627 636 637 720 721 726 728 729 1011 1012 1078 1079 1080 1153 1188 1191 1432 1507 1513 1642 1845 1893 1896 2096 2097 2098 2099 2177 2178 2252 2254 2370 2471 2597 2707 2894 2974 3018 3106 3110 3134 3175 3195 3202 3230 3232 3250 
49 50 53 58 59 60 62 66 68 71 76 81 116 134 135 139 147 148 149 155 156 157 158 159 160 161 166 169 175 228 229 244 254 255 256 257 260 278 326 328 329 330 331 332 389 390 392 393 394 395 403 423 424 426 437 476 477 478 479 480 556 557 565 572 573 574 575 576 669 675 676 677 678 679 683 688 689 690 694 696 777 778 779 780 781 782 787 788 814 820 921 930 931 932 934 937 939 945 946 974 986 1134 1140 1277 1278 1279 1280 1281 1283 1284 1304 1310 1371 1389 1390 1391 1392 1393 1395 1396 1411 1417 1596 1599 1758 1759 1760 1764 1765 1766 1776 1777 1791 1792 1793 1794 1801 1953 1956 1963 1964 1965 1966 1967 2015 2016 2018 2031 2032 2065 2085 2261 2262 2269 2270 2272 2350 2358 2395 2402 2403 2464 2549 2593 2649 2650 2743 2790 2794 2795 2848 2849 2850 2865 2868 2891 2919 2937 2960 2962 2964 2988 3014 3028 3032 3049 3089 3099 3100 3126 3130 3131 3139 3140 3172 3181 3182 3212 3255 3281 3290 3316 3350 3382 3410 3427 3454 3464 3465 3473 3484 3490 3496 3499 3503 
48 53 66 80 81 133 134 179 180 181 251 252 253 291 292 293 420 421 422 553 554 555 826 827 828 994 995 996 998 1314 1421 1422 1423 1831 1990 2043 2089 2365 2591 3075 3104 3166 3192 3194 
47 48 66 76 77 78 81 134 179 180 182 185 252 253 278 291 292 421 422 437 552 554 555 565 707 708 709 710 826 827 829 832 994 995 996 1001 1006 1314 1317 1320 1421 1422 1424 1427 1748 1831 1838 1839 1840 1947 1990 2023 2043 2089 2365 2591 2969 3017 3023 3075 3077 3078 3120 3167 3192 3194 
91 93 97 98 100 188 210 213 343 346 450 451 453 460 462 626 627 636 637 720 721 726 728 729 1011 1012 1014 1078 1079 1080 1153 1188 1191 1432 1507 1513 1642 1845 1893 1896 2096 2097 2098 2099 2177 2178 2252 2254 2370 2471 2597 2707 2894 2974 3018 3106 3110 3134 3175 3195 3202 3230 3232 3250 
47 48 53 66 81 133 134 179 180 250 252 253 291 292 419 421 422 552 554 555 707 826 827 994 995 996 1314 1421 1422 1748 1831 1990 2023 2043 2089 2365 2591 3017 3075 3077 3192 3194 
70 88 90 91 92 93 97 98 100 189 191 193 210 213 314 343 346 447 449 451 453 460 462 472 625 627 636 637 640 717 719 721 726 728 729 731 1011 1012 1013 1014 1017 1018 1078 1079 1080 1124 1154 1156 1158 1188 1191 1434 1438 1439 1443 1446 1507 1513 1643 1645 1647 1846 1848 1850 1893 1896 2096 2097 2098 2099 2112 2117 2177 2178 2252 2254 2257 2258 2259 2370 2453 2454 2471 2475 2597 2643 2644 2645 2707 2761 2763 2764 2843 2884 2885 2886 2894 2974 3018 3106 3110 3134 3175 3195 3202 3230 3232 3250 
60 61 70 88 90 139 140 147 166 191 193 300 314 326 328 329 330 331 390 447 472 476 477 478 479 572 573 574 575 640 688 689 690 717 731 787 788 945 946 1017 1018 1124 1156 1158 1283 1284 1395 1396 1438 1439 1443 1446 1645 1647 1776 1777 1848 1850 1953 2112 2117 2257 2258 2259 2453 2454 2475 2643 2644 2645 2761 2763 2764 2843 2884 2885 2886 2964 3028 3089 3126 3172 
92 93 97 188 189 213 300 302 346 449 450 451 460 625 626 627 719 720 721 726 1011 1012 1013 1153 1154 1191 1432 1434 1513 1642 1643 1845 1846 1896 2096 2097 2098 2099 2105 2106 2107 2252 2290 2291 2370 2419 2420 2471 2480 2597 2604 2606 2703 2707 2758 2777 2840 2881 2894 2956 2974 3010 3018 3110 3175 3195 3230 
56 58 59 61 62 63 64 65 69 73 75 76 77 78 79 80 81 82 83 85 86 87 88 89 90 91 92 94 95 97 98 99 100 101 102 103 104 105 142 150 151 153 154 188 189 190 349 350 351 352 353 354 355 356 373 374 375 376 377 378 379 380 381 382 383 384 385 386 387 388 441 448 449 450 489 507 508 510 511 513 514 516 519 520 521 527 528 532 533 534 535 537 538 540 579 580 581 582 583 592 593 594 595 596 597 598 599 600 607 608 609 612 624 625 626 649 650 651 652 653 654 655 656 657 658 659 660 661 662 663 664 665 666 667 668 718 719 720 750 757 758 759 760 761 762 763 764 765 768 769 770 771 772 773 774 775 870 871 872 873 874 875 876 902 903 904 905 906 907 908 909 910 911 912 913 928 929 1013 1014 1081 1082 1083 1085 1086 1125 1130 1132 1153 1154 1155 1211 1256 1258 1259 1260 1261 1262 1263 1264 1265 1266 1267 1268 1269 1270 1271 1272 1273 1274 1351 1352 1354 1355 1364 1365 1366 1368 1370 1384 1385 1386 1432 1434 1436 1516 1517 1518 1531 1581 1582 1583 1584 1585 1586 1587 1588 1589 1592 1633 1634 1635 1637 1638 1639 1640 1642 1643 1644 1717 1718 1719 1720 1721 1723 1724 1725 1740 1741 1742 1743 1744 1746 1747 1845 1846 1847 1898 1906 1936 1939 1940 1941 1942 1943 1945 2010 2011 2012 2013 2014 2050 2062 2105 2106 2107 2184 2241 2242 2243 2245 2247 2248 2250 2251 2290 2291 2343 2344 2383 2393 2394 2419 2420 2441 2443 2444 2480 2512 2539 2542 2543 2546 2547 2586 2587 2604 2606 2640 2641 2642 2674 2687 2703 2737 2739 2740 2741 2758 2777 2786 2788 2824 2825 2840 2864 2881 2883 2907 2913 2914 2917 2946 2956 2982 2983 3010 3012 3022 3096 
90 91 97 98 100 140 190 210 213 300 302 343 441 447 448 453 460 462 624 634 636 637 717 718 726 728 729 1015 1078 1079 1080 1155 1188 1191 1436 1507 1513 1644 1678 1847 1893 1896 2062 2177 2178 2254 2371 2778 2883 3012 3106 3134 3202 3232 3250 
69 104 105 142 357 362 363 374 501 508 589 590 657 658 764 765 855 1047 1048 1050 1170 1475 1874 2148 2377 2612 2689 3068 3069 3117 3160 
70 103 105 152 357 360 374 497 498 499 500 501 508 514 515 516 517 518 586 587 588 589 590 656 657 658 761 762 763 764 765 855 856 857 859 1048 1055 1060 1170 1171 1172 1180 1474 1476 1478 1489 1657 1658 1659 1874 1875 1876 1881 2147 2377 2378 2496 2612 2613 2689 3020 3068 3069 3117 3160 
67 127 128 129 130 131 132 137 234 235 237 238 239 240 241 242 243 245 246 248 249 269 271 272 273 274 275 406 407 408 409 410 411 412 413 414 415 417 418 430 433 434 541 542 543 544 545 546 547 548 549 550 551 560 561 562 563 604 605 611 674 767 798 799 800 801 802 803 804 889 890 891 892 893 894 895 896 897 919 926 927 962 963 965 967 1106 1107 1146 1294 1296 1298 1360 1362 1363 1380 1381 1382 1383 1403 1404 1405 1560 1561 1562 1629 1630 1782 1787 1923 1924 1925 2045 2046 2070 2076 2077 2230 2231 2311 2353 2354 2389 2390 2459 2460 2532 2533 2652 2673 2772 2782 2846 2853 2889 2898 3019 3097 
67 69 70 99 100 101 104 141 142 152 301 357 373 374 452 497 500 501 507 508 513 514 586 589 590 631 632 652 653 654 657 724 725 759 760 761 764 855 858 1048 1050 1057 1170 1173 1174 1175 1474 1480 1482 1657 1660 1661 1874 1877 1878 2148 2153 2377 2378 2612 2613 2689 3020 3068 3117 3160 
52 69 70 99 100 101 105 131 132 137 141 142 152 243 269 273 275 301 357 373 374 414 415 416 417 418 430 431 432 433 434 452 497 501 507 508 513 514 547 548 549 550 551 560 561 562 563 586 590 611 631 632 652 653 654 658 724 725 759 760 761 765 767 858 889 890 891 892 893 894 895 896 897 1048 1057 1105 1106 1108 1110 1173 1174 1175 1236 1237 1238 1239 1359 1361 1363 1380 1381 1382 1383 1480 1482 1560 1561 1562 1629 1630 1660 1661 1877 1878 1924 1925 2045 2046 2153 2228 2230 2231 2311 2377 2378 2389 2390 2532 2533 2612 2613 2673 2689 2782 2853 2898 3019 3020 3068 3097 3117 3160 
69 104 105 142 152 357 362 363 374 501 508 589 590 657 658 764 765 855 1047 1048 1050 1170 1475 1874 2148 2377 2612 2689 3068 3069 3117 3160 
70 103 105 142 152 357 360 374 497 498 499 500 501 508 514 515 516 517 518 586 587 588 589 590 656 657 658 761 762 763 764 765 855 856 857 859 1048 1055 1060 1170 1171 1172 1180 1474 1476 1478 1489 1657 1658 1659 1874 1875 1876 1881 2147 2377 2378 2496 2612 2613 2689 3020 3068 3069 3117 3160 
60 61 75 76 77 78 138 139 147 166 183 280 326 328 329 330 331 390 439 476 477 478 479 567 572 573 574 575 688 689 690 709 710 711 787 788 830 945 946 1002 1283 1284 1318 1395 1396 1425 1776 1777 1841 1842 1946 1948 1950 1953 2051 2964 2970 2972 2984 3024 3026 3028 3042 3043 3073 3081 3084 3089 3119 3121 3123 3126 3168 3170 3172 
60 61 75 76 77 78 138 139 147 166 183 278 280 326 328 329 330 331 390 437 439 476 477 478 479 565 567 572 573 574 575 688 689 690 709 710 711 787 788 830 832 945 946 1002 1006 1283 1284 1318 1395 1396 1425 1427 1776 1777 1841 1842 1946 1948 1950 1953 2051 2964 2970 2972 2984 3024 3026 3028 3042 3043 3073 3081 3084 3089 3119 3121 3123 3126 3168 3170 3172 
60 61 75 76 77 78 138 139 147 166 183 185 280 326 328 329 330 331 390 439 476 477 478 479 567 572 573 574 575 688 689 690 709 710 711 787 788 830 945 946 1002 1283 1284 1318 1320 1395 1396 1425 1427 1776 1777 1841 1842 1946 1948 1950 1953 2051 2964 2970 2972 2984 3024 3026 3028 3042 3043 3073 3081 3084 3089 3119 3121 3123 3126 3168 3170 3172 
60 61 75 76 77 78 138 139 147 166 183 185 280 297 326 328 329 330 331 390 439 476 477 478 479 567 572 573 574 575 688 689 690 709 710 711 787 788 830 945 946 1002 1006 1283 1284 1318 1320 1395 1396 1425 1427 1776 1777 1841 1842 1946 1948 1950 1953 2051 2964 2970 2972 2984 3024 3026 3028 3042 3043 3073 3081 3084 3089 3119 3121 3123 3126 3168 3170 3172 
75 76 77 78 97 98 100 138 140 183 184 185 210 213 270 279 280 296 297 302 343 438 439 453 460 462 566 567 634 636 637 709 711 726 728 729 830 831 832 1002 1004 1006 1078 1079 1080 1188 1191 1318 1320 1425 1426 1427 1507 1513 1678 1841 1842 1893 1896 1946 1948 1949 1950 2051 2054 2177 2178 2254 2970 2972 2984 3024 3025 3026 3042 3043 3073 3081 3082 3083 3084 3106 3119 3121 3122 3123 3134 3168 3169 3170 3202 3232 3250 
75 76 77 78 97 98 100 138 140 183 184 185 210 213 270 278 279 280 296 297 302 343 438 439 453 460 462 565 566 567 634 636 637 709 711 726 728 729 830 831 832 1002 1004 1006 1078 1079 1080 1188 1191 1318 1320 1425 1426 1427 1507 1513 1678 1841 1842 1893 1896 1946 1948 1949 1950 2051 2054 2177 2178 2254 2970 2972 2984 3024 3025 3026 3042 3043 3073 3081 3082 3083 3084 3106 3119 3121 3122 3123 3134 3168 3169 3170 3202 3232 3250 
76 77 78 97 98 100 138 140 183 184 185 210 213 270 278 279 280 296 302 343 437 438 439 453 460 462 565 566 567 634 636 637 709 726 728 729 830 831 832 1002 1004 1006 1078 1079 1080 1188 1191 1318 1320 1425 1426 1427 1507 1513 1678 1841 1842 1893 1896 1948 1949 2054 2177 2178 2254 2970 3024 3025 3081 3082 3083 3106 3121 3122 3134 3168 3169 3202 3232 3250 
47 48 53 75 76 77 78 80 133 179 181 182 184 185 244 253 270 278 279 291 296 422 437 438 555 565 566 707 708 709 711 826 828 829 831 832 834 994 995 998 1001 1004 1006 1314 1316 1317 1320 1421 1423 1424 1426 1427 1748 1831 1838 1839 1840 1947 1949 1990 1992 2023 2043 2054 2089 2091 2365 2368 2470 2591 2592 2969 3017 3023 3025 3075 3076 3077 3078 3082 3083 3120 3122 3167 3169 3192 3193 3194 
75 76 77 90 91 97 98 100 138 140 183 184 185 190 210 213 270 278 279 280 295 296 300 302 343 437 438 439 441 447 448 453 460 462 565 566 567 624 634 636 637 709 711 717 718 726 728 729 830 831 832 1002 1003 1004 1006 1015 1078 1079 1080 1155 1188 1191 1318 1320 1425 1426 1427 1436 1507 1513 1644 1678 1841 1842 1847 1893 1896 1948 1949 2054 2062 2177 2178 2254 2371 2778 2883 2970 3012 3024 3025 3081 3082 3083 3106 3121 3122 3134 3168 3169 3202 3232 3250 
75 77 78 97 98 100 138 140 183 184 185 210 213 270 278 279 280 296 302 343 437 438 439 453 460 462 565 566 567 634 636 637 709 711 726 728 729 830 831 832 1002 1004 1006 1007 1078 1079 1080 1188 1191 1318 1320 1425 1426 1427 1507 1513 1678 1841 1842 1893 1896 1946 1948 1949 1950 2051 2054 2177 2178 2254 2970 2972 2984 3024 3025 3026 3042 3043 3073 3081 3082 3083 3084 3106 3119 3121 3122 3123 3134 3168 3169 3170 3202 3232 3250 
60 61 75 76 77 78 138 139 147 166 183 184 185 270 278 279 280 296 326 328 329 330 331 390 437 438 439 476 477 478 479 565 566 567 572 573 574 575 688 689 690 709 711 787 788 830 831 832 945 946 1002 1004 1006 1283 1284 1318 1320 1395 1396 1425 1426 1427 1776 1777 1841 1842 1948 1949 1953 2054 2964 2970 3024 3025 3028 3081 3082 3083 3089 3121 3122 3126 3168 3169 3172 
66 76 77 78 102 103 104 138 140 183 185 206 207 208 278 280 339 340 341 358 437 439 496 565 567 645 646 647 709 710 753 754 755 830 832 1002 1006 1075 1184 1185 1186 1318 1320 1425 1427 1499 1500 1501 1503 1504 1671 1673 1841 1842 1889 1890 1891 1948 2061 2168 2318 2430 2623 2721 2784 2837 2970 3024 3081 3121 3168 3199 3210 3246 3277 3279 
76 77 90 91 97 98 100 138 140 183 185 190 210 213 278 280 295 300 302 343 437 439 441 447 448 453 460 462 565 567 624 634 636 637 709 710 717 718 726 728 729 830 832 1002 1003 1006 1015 1078 1079 1080 1155 1188 1191 1318 1320 1425 1427 1436 1507 1513 1644 1678 1841 1842 1847 1893 1896 1948 2062 2177 2178 2254 2371 2778 2883 2970 3012 3024 3081 3106 3121 3134 3168 3202 3232 3250 
75 77 78 97 98 100 138 140 183 185 210 213 278 280 302 343 437 439 453 460 462 565 567 634 636 637 709 710 711 726 728 729 830 832 1002 1006 1007 1078 1079 1080 1188 1191 1318 1320 1425 1427 1507 1513 1678 1841 1842 1893 1896 1946 1948 1950 2051 2177 2178 2254 2970 2972 2984 3024 3026 3042 3043 3073 3081 3084 3106 3119 3121 3123 3134 3168 3170 3202 3232 3250 
60 61 87 88 89 139 140 147 166 192 193 194 304 315 326 328 329 330 331 390 472 474 476 477 478 479 572 573 574 575 640 688 689 690 731 733 787 788 945 946 1017 1018 1157 1158 1159 1283 1284 1395 1396 1440 1441 1443 1445 1646 1647 1648 1776 1777 1849 1850 1851 1953 2117 2258 2259 2260 2454 2456 2475 2644 2645 2646 2763 2764 2766 2767 2843 2844 2885 2886 2887 2964 3028 3089 3126 3172 
60 61 70 88 89 139 140 147 166 192 193 304 315 326 328 329 330 331 390 472 474 476 477 478 479 572 573 574 575 640 688 689 690 731 733 787 788 945 946 1017 1018 1124 1157 1158 1283 1284 1395 1396 1440 1441 1443 1446 1646 1647 1776 1777 1849 1850 1953 2117 2258 2259 2454 2475 2644 2645 2763 2764 2843 2885 2886 2964 3028 3089 3126 3172 
87 88 89 92 93 188 189 192 193 194 300 304 315 449 450 472 474 625 626 640 719 720 731 733 1013 1017 1018 1153 1154 1157 1158 1159 1432 1434 1440 1441 1443 1445 1642 1643 1646 1647 1648 1845 1846 1849 1850 1851 2105 2106 2109 2112 2117 2257 2258 2259 2260 2290 2371 2419 2453 2454 2456 2475 2604 2643 2644 2645 2646 2703 2758 2761 2763 2764 2766 2767 2778 2843 2844 2881 2884 2885 2886 2887 2893 2956 3010 
60 61 66 139 147 166 326 328 329 330 331 390 476 477 478 479 572 573 574 575 688 689 690 787 788 945 946 1283 1284 1395 1396 1776 1777 1953 2964 3028 3089 3126 3172 
75 76 77 78 97 98 100 138 140 183 210 213 280 302 343 439 453 460 462 567 634 636 637 709 710 711 726 728 729 830 1002 1078 1079 1080 1188 1191 1318 1425 1507 1513 1678 1841 1842 1893 1896 1946 1948 1950 2051 2177 2178 2254 2970 2972 2984 3024 3026 3042 3043 3073 3081 3084 3106 3119 3121 3123 3134 3168 3170 3202 3232 3250 
75 76 77 78 97 98 100 138 140 183 210 213 278 280 302 343 437 439 453 460 462 565 567 634 636 637 709 710 711 726 728 729 830 832 1002 1006 1078 1079 1080 1188 1191 1318 1425 1427 1507 1513 1678 1841 1842 1893 1896 1946 1948 1950 2051 2177 2178 2254 2970 2972 2984 3024 3026 3042 3043 3073 3081 3084 3106 3119 3121 3123 3134 3168 3170 3202 3232 3250 
75 76 77 78 97 98 100 138 140 183 185 210 213 280 302 343 439 453 460 462 567 634 636 637 709 710 711 726 728 729 830 1002 1078 1079 1080 1188 1191 1318 1320 1425 1427 1507 1513 1678 1841 1842 1893 1896 1946 1948 1950 2051 2177 2178 2254 2970 2972 2984 3024 3026 3042 3043 3073 3081 3084 3106 3119 3121 3123 3134 3168 3170 3202 3232 3250 
75 76 77 78 97 98 100 138 140 183 185 210 213 280 297 302 343 439 453 460 462 567 634 636 637 709 710 711 726 728 729 830 1002 1006 1078 1079 1080 1188 1191 1318 1320 1425 1427 1507 1513 1678 1841 1842 1893 1896 1946 1948 1950 2051 2177 2178 2254 2970 2972 2984 3024 3026 3042 3043 3073 3081 3084 3106 3119 3121 3123 3134 3168 3170 3202 3232 3250 
75 76 77 78 97 98 100 138 140 183 184 185 210 213 270 278 279 280 296 302 343 437 438 439 453 460 462 565 566 567 634 636 637 709 711 726 728 729 830 831 832 1002 1004 1006 1078 1079 1080 1188 1191 1318 1320 1425 1426 1427 1507 1513 1678 1841 1842 1893 1896 1948 1949 2054 2177 2178 2254 2970 3024 3025 3081 3082 3083 3106 3121 3122 3134 3168 3169 3202 3232 3250 
75 76 78 90 91 97 98 100 138 140 183 185 190 210 213 278 280 295 300 302 343 437 439 441 447 448 453 460 462 565 567 624 634 636 637 710 711 717 718 726 728 729 830 832 1002 1006 1015 1078 1079 1080 1155 1188 1191 1318 1320 1425 1427 1436 1507 1513 1644 1678 1841 1842 1847 1893 1896 1948 2053 2062 2177 2178 2254 2371 2778 2883 2970 3012 3024 3080 3081 3106 3121 3134 3168 3202 3232 3250 
75 76 77 78 97 98 100 138 140 183 185 210 213 280 297 302 343 439 453 460 462 567 634 636 637 709 710 711 726 728 729 830 832 1002 1006 1078 1079 1080 1188 1191 1318 1320 1425 1427 1507 1513 1678 1841 1842 1893 1896 1946 1948 1950 2051 2177 2178 2254 2970 2972 2984 3024 3026 3042 3043 3073 3081 3084 3106 3119 3121 3123 3134 3168 3170 3202 3232 3250 
75 76 77 78 97 98 100 138 140 183 185 210 213 278 280 297 302 343 439 453 460 462 565 567 634 636 637 709 710 711 726 728 729 830 832 1002 1006 1078 1079 1080 1188 1191 1318 1320 1425 1427 1507 1513 1678 1841 1842 1893 1896 1946 1948 1950 2051 2177 2178 2254 2970 2972 2984 3024 3026 3042 3043 3073 3081 3084 3106 3119 3121 3123 3134 3168 3170 3202 3232 3250 
87 88 90 97 98 100 191 193 194 210 213 300 302 314 343 447 453 460 462 472 634 636 637 640 717 726 728 729 731 1017 1018 1078 1079 1080 1156 1158 1159 1188 1191 1438 1439 1443 1445 1507 1513 1645 1647 1648 1678 1848 1850 1851 1893 1896 2112 2117 2177 2178 2254 2257 2258 2259 2260 2453 2454 2456 2475 2643 2644 2645 2646 2761 2763 2764 2766 2767 2843 2844 2884 2885 2886 2887 3106 3134 3202 3232 3250 
75 76 77 78 86 106 125 138 140 183 185 280 297 304 348 437 439 471 494 565 567 584 639 709 710 711 730 830 832 835 1002 1006 1124 1318 1320 1425 1427 1604 1841 1842 1853 1946 1948 1950 2024 2051 2095 2548 2696 2838 2970 2972 2984 3024 3026 3042 3043 3073 3081 3084 3119 3121 3123 3168 3170 
75 76 77 78 86 106 125 138 140 183 278 280 304 348 437 439 471 494 565 567 584 639 709 710 711 730 830 832 835 1002 1006 1007 1124 1318 1320 1425 1427 1604 1841 1842 1853 1946 1948 1950 2024 2051 2095 2548 2696 2838 2970 2972 2984 3024 3026 3042 3043 3073 3081 3084 3119 3121 3123 3168 3170 
47 48 53 76 77 78 80 133 179 181 182 185 244 253 278 291 422 437 555 565 707 708 709 710 826 828 829 832 834 994 995 998 1001 1006 1314 1316 1317 1320 1421 1423 1424 1427 1748 1831 1838 1839 1840 1947 1990 1992 2023 2043 2089 2091 2365 2368 2470 2591 2592 2969 3017 3023 3075 3076 3077 3078 3120 3167 3192 3193 3194 
75 76 78 86 106 125 138 140 183 184 185 270 278 279 280 296 304 348 437 438 439 471 494 565 566 567 584 639 709 710 711 730 830 831 832 835 1002 1004 1005 1006 1124 1318 1319 1320 1425 1426 1427 1604 1841 1842 1843 1853 1948 1949 2024 2095 2548 2696 2838 2970 2971 3024 3025 3081 3083 3121 3122 3168 3169 
75 77 78 86 106 125 138 140 183 185 278 280 304 348 437 439 471 494 565 567 584 639 709 710 711 730 830 832 835 1002 1006 1007 1124 1318 1320 1425 1427 1604 1841 1842 1853 1946 1948 1950 2024 2051 2095 2548 2696 2838 2970 2972 2984 3024 3026 3042 3043 3073 3081 3084 3119 3121 3123 3168 3170 
76 77 86 90 91 106 125 138 140 183 185 190 278 280 295 300 304 348 437 439 441 447 448 471 494 565 567 584 624 639 709 710 717 718 730 830 832 835 1002 1003 1006 1015 1124 1155 1318 1320 1425 1427 1436 1604 1644 1841 1842 1847 1853 1948 2024 2062 2095 2371 2548 2696 2778 2838 2883 2970 3012 3024 3081 3121 3168 
70 89 90 97 98 100 191 192 210 213 300 302 304 314 315 343 447 453 460 462 472 474 634 636 637 640 642 717 726 728 729 731 733 1016 1018 1078 1079 1080 1124 1156 1157 1188 1191 1438 1439 1440 1441 1446 1507 1513 1645 1646 1678 1848 1849 1893 1896 2115 2116 2177 2178 2254 2257 2258 2453 2454 2474 2643 2644 2761 2762 2763 2842 2884 2885 3106 3134 3202 3232 3250 
70 89 97 98 100 192 193 210 213 302 304 315 316 343 453 460 462 464 472 473 474 634 636 637 640 641 726 728 729 731 732 733 1017 1018 1078 1079 1080 1124 1157 1158 1188 1191 1440 1441 1442 1443 1446 1507 1513 1646 1647 1678 1849 1850 1893 1896 2117 2177 2178 2254 2258 2259 2454 2475 2644 2645 2763 2764 2843 2885 2886 3106 3134 3202 3232 3250 
70 88 90 97 98 100 191 193 210 213 300 302 314 343 447 453 460 462 472 634 636 637 640 717 726 728 729 731 1017 1018 1078 1079 1080 1124 1156 1158 1188 1191 1438 1439 1443 1446 1507 1513 1645 1647 1678 1848 1850 1893 1896 2112 2117 2177 2178 2254 2257 2258 2259 2453 2454 2475 2643 2644 2645 2761 2763 2764 2843 2884 2885 2886 3106 3134 3202 3232 3250 
70 88 89 92 93 188 189 192 193 300 304 315 449 450 472 474 625 626 640 719 720 731 733 1013 1017 1018 1124 1153 1154 1157 1158 1432 1434 1440 1441 1443 1446 1642 1643 1646 1647 1845 1846 1849 1850 2105 2106 2109 2112 2117 2257 2258 2259 2290 2371 2419 2453 2454 2475 2604 2643 2644 2645 2703 2758 2761 2763 2764 2778 2843 2881 2884 2885 2886 2893 2956 3010 
92 93 97 98 100 188 210 213 343 346 450 451 453 460 462 626 627 636 637 720 721 726 728 729 1011 1012 1013 1078 1079 1080 1153 1188 1191 1432 1507 1513 1642 1845 1893 1896 2096 2097 2098 2099 2177 2178 2252 2254 2370 2471 2597 2707 2894 2974 3018 3106 3110 3134 3175 3195 3202 3230 3232 3250 
70 87 88 89 97 98 100 192 193 194 210 213 302 304 315 317 343 453 460 462 474 634 636 637 726 728 729 733 1017 1018 1078 1079 1080 1124 1157 1158 1159 1188 1191 1440 1441 1443 1444 1445 1446 1507 1513 1646 1647 1648 1678 1849 1850 1851 1893 1896 2117 2177 2178 2254 2258 2259 2260 2454 2475 2476 2644 2645 2646 2763 2764 2767 2843 2844 2885 2886 2887 3106 3134 3202 3232 3250 
69 92 93 97 98 106 125 151 188 212 302 304 450 451 453 461 471 584 626 627 635 639 720 721 727 730 835 1011 1012 1013 1080 1124 1153 1190 1432 1511 1604 1642 1677 1845 1853 1895 2024 2095 2096 2097 2098 2099 2256 2370 2471 2548 2597 2696 2707 2838 2894 2974 3018 3108 3136 3207 3234 3252 
69 90 91 106 125 151 190 300 304 441 447 448 471 584 624 639 717 718 730 835 1015 1124 1155 1436 1604 1644 1847 1853 2024 2062 2095 2371 2548 2696 2778 2838 2883 3012 
69 89 90 106 125 151 191 300 304 314 447 471 474 584 639 717 730 733 835 1016 1124 1156 1438 1439 1604 1645 1848 1853 2024 2095 2257 2453 2548 2643 2696 2761 2838 2884 
87 88 89 97 98 100 192 193 194 210 213 302 304 315 343 453 460 462 472 474 634 636 637 640 726 728 729 731 733 1017 1018 1078 1079 1080 1157 1158 1159 1188 1191 1440 1441 1443 1445 1507 1513 1646 1647 1648 1678 1849 1850 1851 1893 1896 2117 2177 2178 2254 2258 2259 2260 2454 2456 2475 2644 2645 2646 2763 2764 2766 2767 2843 2844 2885 2886 2887 3106 3134 3202 3232 3250 
69 88 89 106 125 151 192 315 471 473 474 584 639 730 732 733 835 1017 1124 1157 1440 1441 1604 1646 1849 1853 2024 2095 2258 2454 2548 2644 2696 2763 2838 2885 
54 118 203 232 335 401 402 483 577 748 2156 2589 2691 2831 2832 2877 2878 
69 78 153 275 377 383 434 535 563 595 845 846 1071 1330 1331 1350 1388 1469 1869 2145 2156 2379 2380 2498 2588 2716 2856 2857 2877 2904 2943 2978 3040 3041 3067 3116 
70 88 89 97 98 100 192 193 210 213 302 304 315 343 453 460 462 472 474 634 636 637 640 726 728 729 731 733 1017 1018 1078 1079 1080 1124 1157 1158 1188 1191 1440 1441 1443 1446 1507 1513 1646 1647 1678 1849 1850 1893 1896 2117 2177 2178 2254 2258 2259 2454 2475 2644 2645 2763 2764 2843 2885 2886 3106 3134 3202 3232 3250 
76 77 78 97 98 100 138 140 183 185 210 213 278 280 302 343 437 439 453 460 462 565 567 634 636 637 709 710 726 728 729 830 832 1002 1006 1078 1079 1080 1188 1191 1318 1320 1425 1427 1507 1513 1678 1841 1842 1893 1896 1948 2177 2178 2254 2970 3024 3081 3106 3121 3134 3168 3202 3232 3250 
60 61 75 76 77 78 138 139 147 166 183 185 278 280 326 328 329 330 331 390 437 439 476 477 478 479 565 567 572 573 574 575 688 689 690 709 710 711 787 788 830 832 945 946 1002 1006 1283 1284 1318 1320 1395 1396 1425 1427 1776 1777 1841 1842 1948 1953 2964 2970 3024 3028 3081 3089 3121 3126 3168 3172 
50 53 62 68 75 76 77 78 116 138 148 149 160 175 183 185 228 260 278 280 332 394 395 426 437 439 480 557 565 567 576 675 680 709 710 711 820 830 832 941 986 1002 1006 1276 1310 1318 1320 1417 1425 1427 1801 1841 1842 1948 2015 2066 2085 2349 2350 2446 2692 2833 2834 2835 2879 2970 3013 3024 3071 3081 3118 3121 3162 3168 
50 53 62 68 75 76 77 78 116 138 148 149 164 183 185 230 264 278 280 332 398 399 428 437 439 480 558 565 567 576 685 686 709 710 711 830 832 1002 1006 1318 1320 1425 1427 1841 1842 1948 2017 2970 3016 3024 3081 3103 3121 3168 3209 3239 
53 62 68 71 75 76 77 78 116 135 138 148 149 162 163 183 185 231 263 278 280 332 397 400 427 437 439 480 565 567 576 671 675 681 686 709 710 711 830 832 914 941 1002 1006 1276 1287 1318 1320 1399 1425 1427 1841 1842 1948 2015 2017 2350 2970 3013 3016 3024 3071 3081 3101 3102 3118 3121 3162 3168 3178 3208 3237 
75 76 77 78 97 98 100 138 140 183 185 210 213 278 280 302 343 437 439 453 460 462 565 567 634 636 637 709 710 711 726 728 729 830 832 1002 1006 1078 1079 1080 1188 1191 1318 1320 1425 1427 1507 1513 1678 1841 1842 1893 1896 1948 2177 2178 2254 2970 3024 3081 3106 3121 3134 3168 3202 3232 3250 
75 76 77 78 91 93 97 98 100 138 140 183 185 188 210 278 280 302 343 437 439 450 451 453 462 565 567 626 627 636 637 709 710 711 720 721 728 729 830 832 1002 1006 1011 1012 1014 1078 1079 1080 1153 1188 1318 1320 1425 1427 1432 1507 1642 1841 1842 1845 1893 1948 2096 2097 2098 2099 2177 2178 2254 2370 2471 2597 2707 2894 2970 2974 3018 3024 3081 3106 3121 3134 3168 3202 3232 3250 
75 76 77 78 92 93 97 98 100 138 140 183 185 188 210 278 280 302 343 437 439 450 451 453 462 565 567 626 627 636 637 709 710 711 720 721 728 729 830 832 1002 1006 1011 1012 1013 1078 1079 1080 1153 1188 1318 1320 1425 1427 1432 1507 1642 1841 1842 1845 1893 1948 2096 2097 2098 2099 2177 2178 2254 2370 2471 2597 2707 2894 2970 2974 3018 3024 3081 3106 3121 3134 3168 3202 3232 3250 
91 92 93 188 189 190 441 448 449 450 624 625 626 718 719 720 1013 1014 1153 1154 1155 1432 1434 1436 1642 1643 1644 1845 1846 1847 2062 2105 2106 2107 2290 2291 2419 2420 2480 2604 2606 2703 2758 2777 2840 2881 2883 2956 3010 3012 
75 76 77 78 91 92 93 138 140 183 185 188 189 278 280 300 437 439 449 450 565 567 625 626 709 710 711 719 720 830 832 1002 1006 1013 1014 1153 1154 1318 1320 1425 1427 1432 1434 1642 1643 1841 1842 1845 1846 1948 2105 2106 2107 2290 2291 2419 2420 2480 2604 2606 2703 2758 2777 2840 2881 2956 2970 3010 3024 3081 3121 3168 
69 70 105 142 152 357 374 501 508 590 658 765 1048 2377 2612 2689 3068 3069 3117 3160 
69 87 106 125 151 194 472 584 640 731 835 1159 1445 1446 1604 1648 1851 1853 2024 2095 2260 2456 2548 2646 2696 2766 2767 2838 2844 2887 
70 86 106 125 348 494 584 835 1124 1604 1853 2024 2095 2548 2696 2838 
50 71 135 681 941 1276 3071 3072 3118 3162 
3238 3239 
5 
14 
19 
32 
35 
38 
10 111 
120 
122 
69 70 106 125 151 584 835 1124 1604 1853 2024 2095 2548 2696 2838 
54 118 227 920 2498 2877 
52 67 127 128 129 130 234 235 237 238 239 240 241 242 406 407 408 409 410 411 412 413 541 542 543 544 545 546 604 605 674 798 799 800 801 802 803 804 919 926 927 962 963 965 967 1146 1294 1296 1298 1403 1404 1405 1782 1787 2070 2076 2077 2353 2354 2459 2460 2652 2772 2846 2889 3019 3097 
47 48 53 66 80 81 133 134 179 180 181 250 251 252 253 291 292 293 419 420 421 422 552 553 554 555 707 826 827 828 994 995 996 998 1314 1421 1422 1423 1831 1990 2023 2043 2089 2365 2591 3017 3075 3192 
67 69 70 99 100 101 105 141 142 152 301 357 373 374 452 497 501 507 508 513 514 586 590 631 632 652 653 654 658 724 725 759 760 761 765 858 1048 1057 1173 1174 1175 1480 1482 1660 1661 1877 1878 2153 2377 2378 2612 2613 2689 3020 3068 3117 3160 
66 97 98 100 101 102 103 104 140 206 207 213 302 339 340 358 460 462 496 634 636 645 646 647 726 728 753 754 755 1075 1076 1077 1078 1079 1080 1184 1185 1191 1499 1500 1501 1513 1671 1678 1889 1890 1896 2168 2169 2170 2171 2172 2173 2318 2382 2430 2623 2721 2784 2837 3109 3132 3210 3246 3277 
