98 100 101 102 103 104 206 207 209 339 502 504 505 644 646 752 754 755 1074 1075 1076 1077 1079 1184 1185 1187 1499 1501 1505 1610 1672 1674 1889 1890 1892 2168 2169 2170 2171 2172 2173 2318 2320 2382 2430 2503 2506 2622 2623 2625 2695 2721 2784 2837 3109 3132 3198 3210 3246 3247 3277 3278 
66 102 103 104 140 206 208 302 339 341 358 453 459 460 461 462 463 502 503 504 506 633 635 644 726 727 728 729 752 753 754 756 877 1074 1075 1087 1184 1186 1193 1194 1195 1196 1197 1198 1199 1200 1201 1499 1503 1520 1522 1523 1611 1612 1614 1681 1682 1728 1729 1731 1889 1891 1900 1901 1902 2001 2002 2061 2168 2186 2318 2322 2430 2432 2503 2514 2570 2622 2623 2721 2723 2727 2784 2814 2837 2908 2909 2944 2979 3021 3095 3199 3246 3248 3277 3279 
66 75 102 104 105 138 140 186 205 206 208 270 298 338 339 341 358 436 503 505 506 564 753 755 756 833 1008 1075 1183 1184 1186 1428 1497 1499 1503 1888 1889 1891 1946 2051 2061 2159 2168 2318 2381 2430 2503 2622 2623 2717 2721 2784 2837 2906 2984 3042 3043 3073 3119 3199 3246 3248 3277 3279 
50 53 60 61 62 66 68 116 139 146 147 148 149 164 165 166 230 264 265 266 326 327 399 478 479 480 558 574 575 576 685 688 786 787 942 944 1394 1395 1770 2017 3016 3101 3103 3179 3209 3238 
66 75 102 103 105 138 140 186 205 206 208 270 298 338 339 341 358 436 503 505 506 564 753 755 756 833 1008 1073 1074 1075 1183 1184 1186 1428 1497 1499 1503 1888 1889 1891 1946 2051 2061 2158 2168 2318 2381 2430 2503 2622 2623 2717 2721 2784 2837 2906 2984 3042 3043 3073 3119 3199 3246 3248 3277 3279 
66 102 104 140 206 207 208 339 340 341 358 503 504 505 753 754 755 1074 1075 1184 1185 1186 1499 1501 1502 1503 1610 1672 1889 1890 1891 2061 2168 2318 2320 2430 2503 2506 2622 2623 2625 2695 2721 2784 2837 3198 3199 3210 3246 3247 3248 3277 3278 3279 
66 103 104 140 206 207 339 340 358 503 504 505 753 754 755 1074 1184 1185 1192 1499 1501 1515 1610 1889 1890 1897 2168 2318 2319 2320 2430 2503 2504 2506 2507 2622 2623 2625 2695 2721 2722 2755 2784 2837 3198 3246 3247 3277 3278 
66 102 103 104 140 206 208 339 341 358 503 505 753 755 1074 1075 1184 1186 1499 1503 1889 1891 2061 2168 2318 2430 2503 2622 2623 2721 2784 2837 3199 3246 3248 3277 3279 
87 88 97 98 100 101 102 103 104 193 194 206 209 304 339 358 472 473 502 505 640 641 644 731 732 752 755 1018 1074 1075 1076 1077 1079 1080 1158 1159 1184 1187 1443 1444 1499 1505 1647 1648 1674 1850 1851 1889 1892 2117 2168 2169 2170 2171 2172 2173 2259 2318 2382 2430 2475 2503 2622 2623 2645 2721 2764 2784 2837 2843 2886 3109 3132 3210 3246 3277 
52 62 67 69 127 128 129 130 150 235 236 347 354 410 411 490 491 545 546 582 583 744 860 861 1061 1071 1340 1350 1388 1492 1884 2028 2380 2498 2878 3041 3067 3116 
55 72 117 118 145 204 227 391 485 578 643 748 920 1071 1350 1388 2498 2878 3041 3067 3116 
3238 3239 
1 
24 
10 111 
54 55 117 145 204 227 336 391 485 578 643 748 749 920 1071 1350 1388 3041 3067 3116 
66 97 98 100 101 102 103 104 140 206 209 339 358 502 505 644 752 755 1074 1075 1076 1077 1079 1080 1184 1187 1499 1505 1674 1889 1892 2168 2169 2170 2171 2172 2173 2318 2382 2430 2503 2622 2623 2721 2784 2837 3109 3132 3210 3246 3277 
