75 101 104 105 186 205 206 209 277 338 436 502 505 564 644 647 752 755 833 1009 1072 1073 1076 1183 1184 1187 1321 1428 1497 1498 1499 1505 1670 1671 1674 1888 1889 1892 1946 2157 2158 2159 2160 2164 2165 2169 2170 2171 2172 2173 2316 2381 2382 2428 2499 2501 2615 2619 2717 2783 2836 2861 2862 2906 2984 3042 3073 3109 3119 3132 3196 3245 3276 
66 87 89 90 93 94 97 140 188 194 213 300 302 304 346 449 450 453 472 473 625 626 634 640 641 719 720 726 731 732 1011 1012 1013 1015 1016 1017 1018 1153 1159 1191 1432 1444 1513 1514 1642 1648 1678 1845 1851 1896 2097 2098 2099 2108 2109 2110 2111 2252 2370 2371 2706 2778 2894 2974 3018 3110 3176 3195 3230 
99 100 102 104 206 208 209 210 453 461 462 496 502 503 504 505 635 637 644 645 646 647 727 728 729 752 753 754 755 1074 1075 1076 1077 1078 1079 1184 1186 1187 1188 1499 1503 1505 1506 1508 1671 1673 1674 1675 1889 1891 1892 1893 2168 2169 2170 2171 2172 2173 2174 2253 2318 2382 2430 2449 2503 2623 2784 2837 3109 3132 3133 3197 3199 3200 3201 3231 3246 3248 3249 3277 3279 
75 76 77 78 105 138 140 183 184 186 279 280 296 298 358 439 506 566 567 709 710 711 756 830 831 833 1003 1004 1008 1009 1072 1318 1321 1425 1426 1428 1841 1842 1843 1946 1948 1949 1950 2051 2054 2055 2381 2717 2906 2970 2971 2972 2984 3024 3025 3026 3042 3043 3073 3080 3082 3083 3085 3119 3121 3122 3168 3169 3170 
75 76 77 78 105 138 140 183 184 186 277 279 280 296 298 358 439 506 564 566 567 709 710 711 756 830 831 833 1003 1004 1008 1009 1072 1318 1321 1425 1426 1428 1841 1842 1843 1946 1948 1949 1950 2051 2054 2055 2381 2717 2906 2970 2971 2972 2984 3024 3025 3026 3042 3043 3073 3080 3082 3083 3085 3119 3121 3122 3168 3169 3170 
75 76 77 78 105 138 140 183 184 186 279 280 296 298 358 436 439 506 564 566 567 709 710 711 756 830 831 833 1003 1004 1008 1009 1072 1318 1321 1425 1426 1428 1841 1842 1843 1946 1948 1949 1950 2051 2054 2055 2381 2717 2906 2970 2971 2972 2984 3024 3025 3026 3042 3043 3073 3080 3082 3083 3085 3119 3121 3122 3168 3169 3170 
70 87 89 90 91 190 191 192 313 314 315 441 447 464 474 624 642 717 718 733 1015 1016 1018 1124 1155 1156 1157 1436 1437 1438 1440 1446 1644 1847 1848 1849 2108 2109 2110 2111 2112 2113 2114 2257 2258 2371 2454 2473 2643 2644 2706 2760 2762 2763 2778 2841 2842 2883 2884 2885 2958 3012 
48 49 58 80 81 87 88 89 104 134 140 147 168 179 192 193 194 206 244 253 304 315 317 326 328 422 472 474 476 505 555 572 640 647 703 704 705 706 731 733 755 790 826 950 994 1017 1157 1158 1159 1184 1286 1314 1398 1421 1440 1443 1444 1499 1647 1648 1671 1821 1822 1823 1824 1849 1850 1851 1889 1951 2022 2086 2117 2157 2258 2259 2260 2359 2454 2455 2456 2465 2476 2499 2644 2645 2646 2762 2763 2764 2765 2766 2767 2842 2843 2844 2858 2859 2860 2885 2886 2887 2905 2985 3045 3086 3124 
53 58 59 87 88 89 115 139 140 146 147 167 192 193 194 304 315 317 326 329 330 390 429 472 474 477 478 573 574 640 689 690 731 733 788 789 946 948 1017 1157 1158 1159 1285 1396 1397 1440 1443 1444 1647 1648 1778 1849 1850 1851 1954 2117 2258 2259 2260 2454 2455 2456 2476 2644 2645 2646 2762 2763 2764 2765 2766 2767 2842 2843 2844 2885 2886 2887 2965 3029 3091 3127 3173 
87 88 89 102 103 192 193 194 207 208 304 315 317 341 358 472 474 496 504 640 645 646 731 733 753 754 1017 1075 1157 1158 1159 1185 1186 1440 1443 1444 1501 1503 1610 1647 1648 1672 1849 1850 1851 1890 1891 2061 2117 2258 2259 2260 2320 2454 2455 2456 2476 2506 2625 2644 2645 2646 2695 2762 2763 2764 2765 2766 2767 2842 2843 2844 2885 2886 2887 3198 3199 3210 3247 3248 3278 3279 
48 49 58 80 81 87 88 89 101 134 140 147 168 178 192 193 194 209 244 254 304 315 317 326 328 423 472 474 476 502 556 572 640 644 703 704 705 706 731 733 752 790 825 950 992 1017 1157 1158 1159 1187 1286 1313 1398 1420 1440 1443 1444 1505 1647 1648 1674 1821 1822 1823 1824 1849 1850 1851 1892 1951 2022 2086 2117 2169 2258 2259 2260 2359 2454 2455 2456 2465 2476 2499 2644 2645 2646 2762 2763 2764 2765 2766 2767 2842 2843 2844 2858 2859 2860 2885 2886 2887 2905 2985 3045 3086 3124 
87 88 89 102 103 104 192 193 194 206 207 208 304 315 317 341 358 472 474 496 504 505 640 645 646 647 731 733 753 754 755 1017 1074 1157 1158 1159 1184 1185 1186 1440 1443 1444 1499 1501 1503 1647 1648 1671 1672 1849 1850 1851 1889 1890 1891 2061 2117 2168 2258 2259 2260 2318 2430 2454 2455 2456 2476 2503 2623 2644 2645 2646 2762 2763 2764 2765 2766 2767 2784 2837 2842 2843 2844 2885 2886 2887 3197 3199 3210 3246 3248 3277 3279 
87 88 89 90 91 190 191 193 194 300 304 313 314 317 441 447 472 473 624 641 717 718 731 732 1015 1016 1017 1018 1155 1156 1158 1159 1436 1437 1438 1443 1444 1644 1647 1847 1848 1850 1851 2108 2109 2110 2111 2112 2113 2114 2117 2257 2259 2371 2455 2473 2643 2645 2706 2760 2764 2765 2778 2841 2843 2883 2884 2886 2958 3012 
87 88 89 90 91 190 193 194 300 304 313 317 441 472 473 624 641 718 731 732 1015 1016 1017 1018 1155 1158 1159 1436 1437 1443 1444 1644 1647 1847 1850 1851 2108 2109 2110 2111 2117 2259 2260 2371 2455 2476 2645 2646 2706 2764 2765 2766 2778 2843 2844 2883 2886 2887 2958 3012 
87 89 90 91 99 100 190 194 210 300 302 304 313 317 441 453 462 463 472 473 624 637 640 641 718 728 729 731 732 1015 1016 1017 1018 1078 1155 1159 1188 1436 1437 1444 1508 1644 1648 1675 1847 1851 1893 2108 2109 2110 2111 2254 2260 2371 2450 2456 2706 2766 2767 2778 2844 2883 2887 2958 3012 3134 3202 3203 3232 3250 
87 88 89 90 91 190 191 193 194 300 304 313 314 317 441 447 472 473 624 641 717 718 731 732 1015 1016 1017 1018 1155 1156 1158 1159 1436 1437 1438 1443 1444 1644 1647 1847 1848 1850 1851 2108 2109 2110 2111 2112 2113 2114 2117 2257 2259 2371 2455 2456 2473 2476 2643 2645 2646 2706 2760 2764 2765 2766 2767 2778 2841 2843 2844 2883 2884 2886 2887 2958 3012 
66 75 101 102 103 104 140 186 209 277 358 436 502 506 564 644 648 752 756 833 1009 1072 1073 1074 1075 1076 1187 1321 1428 1505 1674 1892 1946 2158 2159 2160 2169 2170 2171 2172 2173 2381 2382 2499 2615 2717 2861 2862 2906 2984 3042 3073 3119 
66 75 101 102 103 140 186 209 277 358 436 502 505 506 564 644 647 648 752 755 756 833 1009 1072 1073 1074 1075 1076 1187 1321 1428 1505 1674 1892 1946 2158 2159 2160 2169 2170 2171 2172 2173 2381 2382 2499 2615 2717 2861 2862 2906 2984 3042 3073 3119 
66 75 101 102 104 140 186 209 277 358 436 502 504 506 564 644 646 648 752 754 756 833 1009 1072 1073 1074 1075 1076 1187 1321 1428 1505 1674 1892 1946 2158 2159 2160 2169 2170 2171 2172 2173 2381 2382 2499 2615 2717 2861 2862 2906 2984 3042 3073 3119 
66 75 101 102 140 186 209 277 358 436 502 504 505 506 564 644 646 647 648 752 754 755 756 833 1009 1072 1073 1074 1075 1076 1187 1321 1428 1505 1674 1892 1946 2158 2159 2160 2169 2170 2171 2172 2173 2381 2382 2499 2615 2717 2861 2862 2906 2984 3042 3073 3119 
66 70 75 78 87 138 140 183 184 186 194 277 279 280 295 296 304 317 436 472 564 566 567 709 731 830 831 833 1002 1003 1004 1009 1124 1159 1318 1321 1425 1426 1428 1444 1446 1851 1946 1948 1949 1950 2053 2054 2055 2260 2476 2646 2766 2844 2887 2971 2972 2984 3024 3025 3026 3042 3073 3081 3082 3083 3085 3119 3122 3168 3169 3170 
70 88 89 90 91 93 94 187 188 190 191 193 310 313 314 441 447 449 450 473 624 625 626 627 641 717 718 719 720 721 732 1012 1013 1016 1017 1124 1152 1153 1155 1156 1158 1430 1432 1436 1437 1438 1443 1446 1642 1644 1647 1844 1845 1847 1848 1850 2100 2101 2102 2112 2113 2114 2257 2259 2288 2417 2455 2473 2599 2643 2645 2701 2757 2760 2764 2765 2841 2843 2880 2883 2884 2886 2958 3009 3012 
70 75 88 89 90 104 186 191 193 206 277 300 314 358 436 447 473 505 506 564 641 647 648 717 732 755 756 833 1009 1016 1017 1072 1073 1124 1156 1158 1184 1321 1428 1438 1443 1446 1499 1647 1671 1848 1850 1889 1946 2112 2113 2114 2157 2158 2159 2160 2257 2259 2381 2455 2473 2499 2615 2643 2645 2717 2760 2764 2765 2841 2843 2861 2862 2884 2886 2906 2984 3042 3073 3119 
70 88 89 90 102 104 191 193 206 208 300 314 341 358 447 473 496 504 505 641 645 646 647 717 732 753 754 755 1016 1017 1074 1075 1124 1156 1158 1184 1186 1438 1443 1446 1499 1503 1647 1671 1848 1850 1889 1891 2061 2112 2113 2114 2168 2257 2259 2318 2430 2455 2473 2503 2623 2643 2645 2760 2764 2765 2784 2837 2841 2843 2884 2886 3197 3199 3210 3246 3248 3277 3279 
70 87 89 90 91 93 94 187 188 190 191 310 313 314 441 447 449 450 473 624 625 626 627 641 717 718 719 720 721 732 1012 1013 1016 1017 1018 1124 1152 1153 1155 1156 1430 1432 1436 1437 1438 1446 1642 1644 1844 1845 1847 1848 2100 2101 2102 2112 2113 2114 2257 2288 2417 2473 2599 2643 2701 2757 2760 2841 2880 2883 2884 2958 3009 3012 
70 75 87 89 90 101 103 104 186 191 207 209 277 300 314 358 436 447 473 502 504 506 564 641 644 646 648 717 732 752 754 756 833 1009 1016 1017 1018 1072 1073 1074 1076 1124 1156 1185 1187 1321 1428 1438 1446 1501 1505 1672 1674 1848 1890 1892 1946 2112 2113 2114 2158 2159 2160 2169 2170 2171 2172 2173 2257 2381 2382 2473 2499 2615 2643 2717 2760 2841 2861 2862 2884 2906 2984 3042 3073 3119 
70 75 87 89 90 104 186 191 206 277 300 314 358 436 447 473 505 506 564 641 647 648 717 732 755 756 833 1009 1016 1017 1018 1072 1073 1124 1156 1184 1321 1428 1438 1446 1499 1671 1848 1889 1946 2112 2113 2114 2157 2158 2159 2160 2257 2381 2473 2499 2615 2643 2717 2760 2841 2861 2862 2884 2906 2984 3042 3073 3119 
70 75 76 77 87 89 90 138 140 184 185 186 191 277 278 279 296 297 300 314 436 447 473 564 565 566 641 717 732 831 832 833 1004 1006 1009 1016 1017 1018 1124 1156 1321 1426 1427 1428 1438 1446 1848 1946 1949 2054 2112 2113 2114 2257 2473 2643 2760 2841 2884 2971 2984 3025 3042 3073 3082 3083 3119 3122 3169 
70 87 89 90 102 104 191 206 208 300 314 341 358 447 473 496 504 505 641 645 646 647 717 732 753 754 755 1016 1017 1018 1074 1075 1124 1156 1184 1186 1438 1446 1499 1503 1671 1848 1889 1891 2061 2112 2113 2114 2168 2257 2318 2430 2473 2503 2623 2643 2760 2784 2837 2841 2884 3197 3199 3210 3246 3248 3277 3279 
70 75 87 89 90 101 103 186 191 207 209 277 300 314 358 436 447 473 502 504 505 506 564 641 644 646 647 648 717 732 752 754 755 756 833 1009 1016 1017 1018 1072 1073 1074 1076 1124 1156 1185 1187 1321 1428 1438 1446 1501 1505 1672 1674 1848 1890 1892 1946 2112 2113 2114 2158 2159 2160 2169 2170 2171 2172 2173 2257 2381 2382 2473 2499 2615 2643 2717 2760 2841 2861 2862 2884 2906 2984 3042 3073 3119 
70 87 89 90 102 103 191 207 208 300 314 341 358 447 473 496 504 641 645 646 717 732 753 754 1016 1017 1018 1075 1124 1156 1185 1186 1438 1446 1501 1503 1610 1672 1848 1890 1891 2061 2112 2113 2114 2257 2320 2473 2506 2625 2643 2695 2760 2841 2884 3198 3199 3210 3247 3248 3278 3279 
48 49 58 80 81 87 88 104 134 140 147 168 179 193 194 206 244 253 304 317 326 328 422 472 473 476 505 555 572 641 647 703 704 705 706 731 732 755 790 826 950 994 1158 1159 1184 1286 1314 1398 1421 1443 1444 1499 1647 1671 1821 1822 1823 1824 1850 1851 1889 1951 2022 2086 2117 2157 2259 2260 2359 2455 2456 2465 2476 2499 2645 2646 2764 2765 2766 2767 2843 2844 2858 2859 2860 2886 2887 2905 2985 3045 3086 3124 
53 58 59 87 88 115 139 140 146 147 167 193 194 304 317 326 329 330 390 429 472 473 477 478 573 574 641 689 690 731 732 788 789 946 948 1158 1159 1285 1396 1397 1443 1444 1647 1778 1850 1851 1954 2117 2259 2260 2455 2456 2476 2645 2646 2764 2765 2766 2767 2843 2844 2886 2887 2965 3029 3091 3127 3173 
97 98 99 211 212 213 460 461 462 635 636 726 727 728 1079 1080 1189 1190 1191 1510 1512 1514 1676 1677 1678 1894 1895 1896 2179 2255 2256 2452 3107 3108 3135 3136 3204 3206 3207 3233 3234 3251 3252 
70 87 89 90 101 102 103 191 207 209 300 314 358 447 473 502 504 641 644 646 717 732 752 754 1016 1017 1018 1075 1076 1124 1156 1185 1187 1438 1446 1501 1505 1610 1672 1674 1848 1890 1892 2112 2113 2114 2169 2170 2171 2172 2173 2257 2320 2382 2473 2506 2625 2643 2695 2760 2841 2884 3109 3132 3198 3247 3278 
88 89 90 91 190 191 193 313 314 441 447 473 624 641 717 718 732 1015 1016 1017 1155 1156 1158 1436 1437 1438 1443 1644 1647 1847 1848 1850 2108 2109 2110 2111 2112 2113 2114 2117 2257 2259 2260 2371 2455 2456 2473 2643 2645 2646 2706 2760 2764 2765 2767 2778 2841 2843 2883 2884 2886 2887 2958 3012 
87 88 102 103 193 194 207 208 304 317 341 358 472 473 496 504 641 645 646 731 732 753 754 1075 1158 1159 1185 1186 1443 1444 1501 1503 1610 1647 1672 1850 1851 1890 1891 2061 2117 2259 2260 2320 2455 2456 2476 2506 2625 2645 2646 2695 2764 2765 2766 2767 2843 2844 2886 2887 3198 3199 3210 3247 3248 3278 3279 
75 99 100 102 104 186 206 210 277 302 358 436 453 462 463 505 506 564 637 647 648 728 729 755 756 833 1009 1072 1073 1075 1078 1184 1188 1321 1428 1499 1508 1671 1675 1889 1893 1946 2157 2158 2159 2160 2254 2381 2450 2499 2615 2717 2861 2862 2906 2984 3042 3073 3119 3134 3202 3203 3232 3250 
48 49 58 80 81 87 88 101 134 140 147 168 178 193 194 209 244 254 304 317 326 328 423 472 473 476 502 556 572 641 644 703 704 705 706 731 732 752 790 825 950 992 1158 1159 1187 1286 1313 1398 1420 1443 1444 1505 1647 1674 1821 1822 1823 1824 1850 1851 1892 1951 2022 2086 2117 2169 2259 2260 2359 2455 2456 2465 2476 2499 2645 2646 2764 2765 2766 2767 2843 2844 2858 2859 2860 2886 2887 2905 2985 3045 3086 3124 
87 88 102 103 104 193 194 206 207 208 304 317 341 358 472 473 496 504 505 641 645 646 647 731 732 753 754 755 1074 1158 1159 1184 1185 1186 1443 1444 1499 1501 1503 1647 1671 1672 1850 1851 1889 1890 1891 2061 2117 2168 2259 2260 2318 2430 2455 2456 2476 2503 2623 2645 2646 2764 2765 2766 2767 2784 2837 2843 2844 2886 2887 3197 3199 3210 3246 3248 3277 3279 
66 75 76 77 78 138 183 184 185 186 277 278 279 280 295 296 297 436 564 565 566 567 830 831 832 833 1002 1003 1004 1006 1009 1318 1321 1425 1426 1427 1428 1946 1948 2053 2970 2984 3024 3042 3073 3081 3119 3168 
48 49 58 70 80 81 87 134 140 147 168 178 179 194 244 253 254 304 317 326 328 422 423 472 476 555 556 572 703 704 705 706 731 790 825 826 950 992 994 1124 1159 1286 1313 1314 1398 1420 1421 1444 1446 1821 1822 1823 1824 1851 1951 2022 2086 2260 2359 2465 2476 2646 2766 2844 2858 2859 2860 2887 2905 2985 3045 3086 3124 
48 49 58 70 75 80 81 87 134 140 147 168 178 186 194 244 254 277 304 317 326 328 423 436 472 476 556 564 572 703 704 705 706 731 790 825 833 950 992 1009 1124 1159 1286 1313 1321 1398 1420 1428 1444 1446 1821 1822 1823 1824 1833 1851 1946 1949 1950 1951 2022 2054 2055 2086 2260 2359 2465 2476 2646 2766 2844 2858 2859 2860 2887 2905 2971 2972 2984 2985 3025 3026 3042 3045 3073 3082 3083 3085 3086 3119 3122 3124 3169 3170 
70 75 76 77 87 138 140 184 185 186 194 277 278 279 296 297 304 317 436 472 564 565 566 731 831 832 833 1004 1006 1009 1124 1159 1321 1426 1427 1428 1444 1446 1851 1946 1949 2054 2260 2476 2646 2766 2844 2887 2971 2984 3025 3042 3073 3082 3083 3119 3122 3169 
48 49 58 66 80 81 134 147 168 178 244 254 326 328 423 476 556 572 703 704 705 706 790 825 950 992 1286 1313 1398 1420 1821 1822 1823 1824 1951 2022 2086 2359 2465 2858 2859 2860 2905 2985 3045 3086 3124 
66 75 76 77 138 184 185 186 277 278 279 296 297 436 564 565 566 831 832 833 1004 1006 1009 1321 1426 1427 1428 1946 1949 2054 2971 2984 3025 3042 3073 3082 3083 3119 3122 3169 
66 97 98 99 140 211 212 213 302 461 462 635 636 727 728 1079 1080 1095 1096 1097 1189 1190 1191 1510 1512 1514 1676 1677 1678 1894 1895 1896 2179 2217 2218 2255 2256 2439 2452 3107 3108 3135 3136 3204 3206 3207 3233 3234 3251 3252 
75 99 100 103 104 186 206 210 277 302 358 436 453 462 463 505 506 564 637 647 648 728 729 755 756 833 1009 1072 1073 1074 1078 1184 1188 1321 1428 1499 1508 1671 1675 1889 1893 1946 2157 2158 2159 2160 2254 2381 2450 2499 2615 2717 2861 2862 2906 2984 3042 3073 3119 3134 3202 3203 3232 3250 
66 76 77 138 184 185 278 279 296 297 565 566 831 832 1004 1006 1426 1427 1843 1949 1950 2054 2971 2972 3025 3026 3082 3083 3084 3122 3123 3169 3170 
66 91 93 94 97 140 188 190 213 300 302 313 346 441 449 450 453 624 625 626 634 718 719 720 726 1011 1012 1013 1153 1155 1191 1432 1436 1437 1513 1514 1642 1644 1678 1845 1847 1896 2096 2097 2098 2099 2252 2370 2471 2597 2707 2883 2893 2894 2958 2974 3012 3018 3110 3176 3195 3230 
97 98 99 100 210 211 212 213 453 461 462 463 635 636 637 727 728 729 1078 1079 1080 1188 1189 1190 1191 1508 1510 1512 1514 1675 1676 1677 1678 1893 1894 1895 1896 2179 2254 2255 2256 2450 2452 3107 3108 3134 3135 3136 3202 3203 3204 3206 3207 3232 3233 3234 3250 3251 3252 
48 49 58 70 80 81 87 104 134 140 147 168 178 194 206 244 254 304 317 326 328 423 472 476 505 556 572 647 703 704 705 706 731 755 790 825 950 992 1124 1159 1184 1286 1313 1398 1420 1444 1446 1499 1671 1821 1822 1823 1824 1851 1889 1951 2022 2086 2157 2260 2359 2465 2476 2499 2646 2766 2844 2858 2859 2860 2887 2905 2985 3045 3086 3124 
48 49 58 70 80 81 87 101 134 140 147 168 178 194 209 244 254 304 317 326 328 423 472 476 502 556 572 644 703 704 705 706 731 752 790 825 950 992 1124 1159 1187 1286 1313 1398 1420 1444 1446 1505 1674 1821 1822 1823 1824 1851 1892 1951 2022 2086 2169 2260 2359 2465 2476 2499 2646 2766 2844 2858 2859 2860 2887 2905 2985 3045 3086 3124 
70 88 89 90 91 190 191 193 313 314 441 447 473 624 641 717 718 732 1015 1016 1017 1124 1155 1156 1158 1436 1437 1438 1443 1446 1644 1647 1847 1848 1850 2108 2109 2110 2111 2112 2113 2114 2257 2259 2371 2455 2473 2643 2645 2706 2760 2764 2765 2778 2841 2843 2883 2884 2886 2958 3012 
53 58 59 70 87 115 139 140 146 147 167 194 304 317 326 329 330 390 429 472 477 478 573 574 689 690 731 788 789 946 948 1124 1159 1285 1396 1397 1444 1446 1778 1851 1954 2260 2476 2646 2766 2844 2887 2965 3029 3091 3127 3173 
70 87 102 103 194 207 208 304 317 341 358 472 496 504 645 646 731 753 754 1075 1124 1159 1185 1186 1444 1446 1501 1503 1610 1672 1851 1890 1891 2061 2260 2320 2476 2506 2625 2646 2695 2766 2844 2887 3198 3199 3210 3247 3248 3278 3279 
70 88 89 90 97 98 99 191 193 211 212 213 300 302 314 447 461 462 473 635 636 641 717 727 728 732 1016 1017 1079 1080 1124 1156 1158 1189 1190 1191 1438 1443 1446 1510 1512 1514 1647 1676 1677 1678 1848 1850 1894 1895 1896 2112 2113 2114 2179 2255 2256 2257 2259 2452 2455 2473 2643 2645 2760 2764 2765 2841 2843 2884 2886 3107 3108 3135 3136 3204 3206 3207 3233 3234 3251 3252 
70 87 97 98 99 194 211 212 213 302 304 317 461 462 472 635 636 727 728 731 1079 1080 1124 1159 1189 1190 1191 1444 1446 1510 1512 1514 1676 1677 1678 1851 1894 1895 1896 2179 2255 2256 2260 2452 2476 2646 2766 2844 2887 3107 3108 3135 3136 3204 3206 3207 3233 3234 3251 3252 
66 97 98 100 140 210 212 213 302 343 453 461 462 635 636 637 727 728 729 1078 1079 1080 1188 1190 1191 1507 1508 1512 1514 1675 1677 1678 1893 1895 1896 2177 2178 2254 2256 2452 3106 3108 3134 3136 3203 3206 3207 3232 3234 3250 3252 
66 98 100 140 210 212 213 302 343 346 453 461 462 634 635 636 637 726 727 728 729 1078 1079 1080 1188 1190 1191 1507 1508 1512 1513 1675 1677 1893 1895 1896 2177 2178 2254 2256 2452 3106 3108 3134 3136 3203 3206 3207 3232 3234 3250 3252 
66 70 87 89 90 91 140 190 191 300 313 441 447 623 624 717 718 1015 1016 1018 1124 1155 1156 1436 1437 1438 1446 1644 1645 1847 1848 2108 2109 2110 2111 2371 2706 2778 2883 2958 3012 
66 70 87 89 90 93 94 97 140 188 213 300 302 346 449 450 453 473 625 626 634 641 719 720 726 732 1011 1012 1013 1015 1016 1017 1018 1124 1153 1191 1432 1446 1513 1514 1642 1678 1845 1896 2097 2098 2099 2108 2109 2110 2111 2252 2370 2371 2706 2778 2894 2974 3018 3110 3176 3195 3230 
70 87 89 90 91 190 191 313 314 441 447 473 624 641 717 718 732 1015 1016 1017 1018 1124 1155 1156 1436 1437 1438 1446 1644 1847 1848 2108 2109 2110 2111 2112 2113 2114 2257 2371 2473 2643 2706 2760 2778 2841 2883 2884 2958 3012 
66 70 87 89 91 140 190 300 313 441 447 473 623 624 641 717 718 732 1015 1016 1017 1018 1124 1155 1436 1437 1446 1644 1847 2108 2109 2110 2111 2371 2706 2778 2883 2958 3012 
66 70 87 90 91 140 190 191 300 313 441 447 473 623 624 641 717 718 732 1015 1017 1018 1124 1155 1156 1436 1437 1438 1446 1644 1645 1847 1848 2108 2109 2110 2111 2371 2706 2778 2883 2958 3012 
87 88 89 90 91 190 193 194 300 304 313 317 441 472 473 624 641 718 731 732 1015 1016 1017 1018 1155 1158 1159 1436 1437 1443 1444 1644 1647 1847 1850 1851 2108 2109 2110 2111 2117 2259 2260 2371 2455 2456 2476 2645 2646 2706 2764 2765 2766 2767 2778 2843 2844 2883 2886 2887 2958 3012 
75 77 97 98 138 140 184 186 212 277 279 296 302 436 460 461 462 564 566 635 726 727 831 833 1004 1009 1080 1190 1321 1426 1428 1512 1677 1895 1946 1949 1950 2054 2055 2256 2452 2971 2972 2984 3025 3026 3042 3073 3082 3083 3085 3119 3122 3136 3169 3170 3206 3207 3234 3252 
75 77 99 100 138 140 184 186 210 277 279 296 302 436 453 462 463 564 566 637 728 729 831 833 1004 1009 1078 1188 1321 1426 1428 1508 1675 1893 1946 1949 1950 2054 2055 2254 2450 2971 2972 2984 3025 3026 3042 3073 3082 3083 3085 3119 3122 3134 3169 3170 3202 3203 3232 3250 
50 53 60 61 62 68 71 75 77 116 138 139 146 147 148 149 155 156 157 158 160 184 186 228 255 257 258 277 279 296 326 327 392 394 424 426 436 478 479 480 557 564 566 574 575 576 677 680 777 778 831 833 930 932 1004 1009 1321 1389 1390 1426 1428 1751 1946 1949 1950 2015 2054 2055 2349 2446 2879 2971 2972 2984 3025 3026 3042 3073 3082 3083 3085 3119 3122 3169 3170 
48 49 58 66 80 81 101 134 147 168 179 209 244 253 326 328 422 476 502 555 572 644 703 704 705 706 752 790 826 950 994 1187 1286 1314 1398 1421 1505 1674 1821 1822 1823 1824 1892 1951 2022 2086 2169 2359 2465 2499 2858 2859 2860 2905 2985 3045 3086 3124 
66 102 103 140 207 208 341 358 496 504 645 646 753 754 1075 1185 1186 1501 1503 1610 1672 1890 1891 2061 2320 2506 2625 2695 3198 3199 3210 3247 3248 3278 3279 
66 69 87 89 90 93 94 106 140 151 187 188 300 310 441 449 450 473 584 625 626 627 641 719 720 721 732 835 1012 1013 1015 1016 1017 1018 1019 1152 1153 1430 1432 1446 1604 1642 1844 1845 1852 1853 2024 2095 2103 2104 2108 2109 2110 2111 2289 2371 2418 2478 2548 2601 2602 2696 2702 2706 2756 2776 2778 2838 2839 2893 2955 3009 
75 76 77 78 183 184 186 277 279 280 296 436 439 564 566 567 709 710 711 830 831 833 1003 1004 1009 1318 1321 1425 1426 1428 1841 1842 1946 1948 1949 1950 2054 2055 2970 2971 2972 2984 3024 3025 3026 3042 3073 3080 3082 3083 3085 3119 3121 3122 3168 3169 3170 
101 102 104 206 208 209 496 502 503 504 505 644 645 646 647 752 753 754 755 1074 1075 1076 1184 1186 1187 1499 1503 1505 1671 1673 1674 1889 1891 1892 2168 2169 2170 2171 2172 2173 2318 2382 2430 2503 2623 2784 2837 3109 3132 3197 3199 3246 3248 3277 3279 
101 103 104 206 209 502 505 644 647 752 755 1074 1076 1184 1187 1499 1505 1610 1671 1674 1889 1892 1897 2168 2169 2170 2171 2172 2173 2318 2320 2382 2430 2503 2506 2507 2623 2625 2695 2784 2837 3109 3132 3197 3198 3246 3247 3277 3278 
101 102 103 207 208 209 496 502 503 504 644 645 646 752 753 754 1075 1076 1185 1186 1187 1501 1503 1505 1610 1672 1673 1674 1890 1891 1892 2169 2170 2171 2172 2173 2320 2382 2506 2625 2695 3109 3132 3198 3199 3247 3248 3278 3279 
47 53 66 75 76 77 133 134 182 184 186 250 277 279 280 294 296 419 436 439 552 564 566 567 708 709 710 711 829 831 833 1000 1004 1009 1321 1424 1426 1428 1838 1839 1840 1946 1947 1949 1950 2054 2055 2969 2971 2972 2984 3023 3025 3026 3042 3073 3078 3082 3083 3085 3119 3120 3122 3167 3169 3170 
102 103 104 206 505 647 755 1074 1075 1184 1499 1671 1889 2061 2166 2167 2168 2317 2318 2429 2430 2503 2621 2623 2720 2754 2784 2837 3197 3199 3210 3246 3248 3277 3279 
75 77 101 102 138 140 184 186 208 209 277 279 296 358 436 496 502 503 506 564 566 644 645 648 752 753 756 831 833 1004 1009 1076 1186 1187 1321 1426 1428 1503 1505 1673 1674 1891 1892 1946 1949 1950 2054 2055 2169 2170 2171 2172 2173 2382 2971 2972 2984 3025 3026 3042 3073 3082 3083 3085 3109 3119 3122 3132 3169 3170 3199 3248 3279 
75 77 101 103 104 138 140 184 186 206 209 277 279 296 358 436 496 502 503 505 564 566 644 645 647 752 753 755 831 833 1004 1009 1074 1075 1076 1184 1187 1321 1426 1428 1499 1505 1671 1674 1889 1892 1946 1949 1950 2054 2055 2168 2169 2170 2171 2172 2173 2318 2382 2430 2503 2623 2784 2837 2971 2972 2984 3025 3026 3042 3073 3082 3083 3085 3109 3119 3122 3132 3169 3170 3197 3246 3277 
69 75 77 87 106 138 140 151 184 186 194 277 279 296 304 317 436 472 564 566 584 731 831 833 835 1004 1009 1019 1159 1321 1426 1428 1444 1446 1604 1851 1852 1853 1946 1949 1950 2024 2054 2055 2095 2260 2476 2548 2646 2696 2756 2766 2838 2844 2887 2971 2972 2984 3025 3026 3042 3073 3082 3083 3085 3119 3122 3169 3170 
66 101 102 103 140 207 209 358 502 504 644 646 752 754 1075 1076 1185 1187 1501 1505 1610 1672 1674 1890 1892 2169 2170 2171 2172 2173 2320 2382 2506 2507 2625 2695 3109 3132 3198 3247 3278 
66 70 87 89 90 93 94 140 187 188 300 310 441 449 450 473 625 626 627 641 719 720 721 732 1012 1013 1015 1016 1017 1018 1124 1152 1153 1430 1432 1446 1642 1844 1845 2103 2104 2108 2109 2110 2111 2289 2371 2418 2478 2601 2602 2702 2706 2776 2778 2839 2893 2955 3009 
66 70 89 90 91 140 190 300 304 313 441 472 473 624 640 641 718 731 732 1015 1016 1017 1018 1124 1155 1436 1437 1446 1644 1847 2108 2109 2110 2111 2371 2706 2778 2883 2958 3012 
53 58 59 66 115 139 146 147 168 326 328 330 390 429 476 478 572 574 689 690 788 790 946 950 1286 1396 1398 1778 1954 2965 3029 3091 3127 3173 
70 87 89 90 91 190 194 300 304 313 317 441 472 473 624 641 718 731 732 1015 1016 1017 1018 1124 1155 1159 1436 1437 1444 1446 1644 1847 1851 2108 2109 2110 2111 2260 2371 2476 2646 2706 2766 2778 2844 2883 2887 2958 3012 
70 87 101 102 103 194 207 209 304 317 358 472 502 504 644 646 731 752 754 1075 1076 1124 1159 1185 1187 1444 1446 1501 1505 1610 1672 1674 1851 1890 1892 2169 2170 2171 2172 2173 2260 2320 2382 2476 2506 2625 2646 2695 2766 2844 2887 3109 3132 3198 3247 3278 
66 75 77 138 184 186 277 279 296 436 564 566 831 833 1004 1009 1321 1426 1428 1946 1949 1950 2054 2055 2971 2972 2984 3025 3026 3042 3073 3082 3083 3085 3119 3122 3169 3170 
70 75 77 87 138 140 184 186 194 277 279 296 304 317 436 472 564 566 731 831 833 1004 1009 1124 1159 1321 1426 1428 1444 1446 1851 1946 1949 1950 2054 2055 2260 2476 2646 2766 2844 2887 2971 2972 2984 3025 3026 3042 3073 3082 3083 3085 3119 3122 3169 3170 
101 102 103 104 206 209 502 505 644 647 752 755 1074 1075 1076 1184 1187 1499 1505 1671 1674 1889 1892 2168 2169 2170 2171 2172 2173 2318 2382 2430 2503 2623 2784 2837 3109 3132 3197 3246 3277 
97 98 212 453 460 461 634 635 726 727 1080 1190 1512 1677 1895 2256 2452 3136 3206 3207 3234 3252 
70 87 97 98 194 212 302 304 317 453 461 472 634 635 726 727 731 1080 1124 1159 1190 1444 1446 1512 1677 1851 1895 2256 2260 2452 2476 2646 2766 2844 2887 3136 3206 3207 3234 3252 
52 67 131 132 137 243 245 246 247 248 249 271 272 273 274 275 414 415 416 417 418 431 433 547 548 549 550 551 560 561 562 563 611 889 890 891 892 893 894 895 896 897 1105 1107 1109 1110 1359 1360 1362 1363 1380 1381 1382 1383 1560 1561 1562 1629 1630 1923 1924 1925 2045 2046 2230 2231 2311 2389 2390 2532 2533 2673 2782 2853 2898 3019 3097 
66 101 102 103 140 207 209 302 358 461 462 502 504 635 636 644 646 727 728 752 754 1075 1076 1078 1079 1185 1187 1501 1505 1610 1672 1674 1890 1892 2169 2170 2171 2172 2173 2320 2382 2506 2625 2695 3109 3132 3198 3247 3278 
54 72 118 227 920 1350 1388 3040 3041 3067 3116 
3236 3237 
114 126 224 
119 123 223 
46 119 123 223 
121 124 
6 
8 
13 
26 
29 
37 
96 
40 110 
60 115 
51 124 
3 46 119 223 
44 126 224 
66 76 102 103 104 138 140 185 206 277 278 297 358 436 505 506 564 565 647 648 711 755 756 832 1006 1072 1073 1074 1075 1184 1427 1499 1671 1889 1950 2157 2158 2159 2160 2381 2499 2615 2717 2861 2862 2906 2972 3026 3084 3123 3170 
48 49 58 66 78 80 81 104 134 138 147 168 179 183 206 244 253 280 295 326 328 422 476 505 555 567 572 647 703 704 705 706 755 790 826 830 950 994 1002 1003 1184 1286 1314 1318 1398 1421 1425 1499 1671 1821 1822 1823 1824 1833 1889 1951 2022 2086 2157 2359 2465 2499 2858 2859 2860 2905 2985 3045 3086 3124 
67 70 141 143 299 303 306 307 440 442 443 465 466 467 468 469 568 569 570 571 610 618 619 620 621 622 712 713 714 715 716 885 886 887 888 1100 1103 1231 1232 1233 1234 1235 1356 1358 1556 1557 1558 1624 1625 1626 1702 1737 1738 1739 1922 2007 2008 2226 2313 2425 2530 2569 2713 2732 2813 2901 2902 2941 2976 3019 3097 
54 58 59 61 62 67 72 118 128 227 235 237 239 350 351 353 354 408 410 487 488 490 491 543 545 579 580 582 583 743 744 746 747 862 863 866 867 920 1342 1343 1346 1347 1493 1495 1883 1884 1885 1886 1887 2028 2379 2943 2978 3041 3116 
66 69 70 84 87 88 89 90 91 92 93 94 140 144 151 195 196 197 198 199 200 201 202 300 304 318 322 325 441 447 449 450 464 472 473 584 623 624 625 626 627 640 641 642 717 718 719 720 721 731 732 733 836 1021 1022 1023 1024 1025 1026 1027 1124 1161 1162 1163 1164 1165 1166 1167 1168 1448 1450 1453 1454 1456 1459 1460 1462 1463 1464 1606 1608 1650 1651 1652 1654 1655 1656 1855 1856 1857 1858 1859 1860 1861 1862 1864 1996 2025 2118 2126 2127 2128 2129 2130 2131 2132 2136 2137 2138 2141 2142 2143 2298 2299 2300 2301 2306 2307 2308 2309 2310 2373 2374 2375 2422 2423 2424 2493 2560 2566 2664 2665 2670 2671 2750 2804 2810 2811 2872 2927 2929 2930 2952 2998 2999 3002 3036 3057 3059 3113 3150 3153 3186 3220 3222 3223 3242 3265 3269 3285 3298 3301 3310 3325 3326 3329 3341 3354 3357 3366 3374 3389 3393 3406 3414 3421 3432 3433 3434 3435 3442 3451 3457 3458 3468 3469 3477 3481 3487 3497 3505 3510 3511 
