47 48 49 53 66 76 77 78 80 81 105 133 134 138 140 169 170 171 172 173 174 175 176 177 186 244 250 251 252 253 254 270 277 278 279 280 283 289 298 358 419 420 421 422 423 437 438 439 496 552 553 554 555 556 564 565 566 567 648 695 696 697 698 699 700 701 702 756 814 815 816 817 818 819 820 821 822 824 833 975 976 978 980 983 984 987 988 990 991 1008 1072 1089 1148 1304 1305 1307 1308 1309 1310 1311 1312 1411 1412 1413 1414 1415 1416 1417 1418 1419 1428 1602 1798 1799 1800 1801 1802 1803 1804 1805 1806 1807 1808 1809 1813 1814 1815 1818 1946 1974 1975 1976 1977 1978 1979 1980 1981 1982 2019 2020 2021 2036 2037 2038 2051 2080 2279 2280 2281 2357 2381 2385 2407 2408 2410 2411 2412 2553 2594 2657 2658 2717 2729 2775 2797 2798 2869 2892 2906 2922 2923 2924 2951 2968 2984 2991 2993 3042 3043 3053 3054 3073 3112 3119 3142 3144 3215 3217 3241 3258 3259 3260 3282 3293 3294 3295 3309 3318 3320 3338 3348 3351 3365 3370 3384 3398 3401 3402 3403 3404 3411 3420 3428 3447 3449 3455 3467 3485 3489 3498 3502 
53 58 61 66 146 147 166 168 266 326 328 329 330 331 390 429 476 477 478 479 572 573 574 575 688 689 690 787 788 790 944 945 946 947 950 1283 1284 1286 1395 1396 1398 1776 1777 1778 1953 1954 2964 2965 3028 3029 3090 3092 3126 3127 3172 3173 
53 58 60 62 66 115 139 146 147 148 149 165 166 168 265 266 326 328 329 331 332 476 477 479 480 572 573 575 576 687 688 689 690 786 787 790 942 943 944 945 950 1282 1283 1286 1394 1395 1398 1773 1774 1775 1776 1777 1952 1953 2963 2964 3027 3028 3088 3090 3125 3126 3171 3172 
53 58 61 66 115 139 146 147 166 168 266 326 328 329 331 476 477 479 572 573 575 688 689 690 787 790 944 945 950 1283 1286 1395 1398 1776 1777 1953 2964 3028 3090 3126 3172 
48 53 60 61 80 81 93 97 98 99 100 101 134 139 140 146 147 166 181 188 209 211 244 251 254 266 326 328 329 331 342 358 420 423 450 462 476 477 479 502 553 556 572 573 575 626 636 688 689 690 703 704 705 706 720 728 752 787 828 944 945 998 1077 1078 1079 1080 1153 1187 1189 1283 1316 1395 1423 1432 1505 1509 1642 1676 1776 1777 1821 1822 1823 1824 1845 1892 1894 1951 1953 2022 2056 2086 2096 2169 2174 2175 2176 2253 2359 2465 2499 2699 2858 2859 2860 2905 2964 2985 3028 3044 3086 3090 3105 3124 3126 3133 3172 3200 3231 3249 
53 66 146 147 148 149 326 327 328 329 330 331 332 333 334 475 476 477 478 479 480 481 482 572 573 574 575 576 591 602 603 673 791 792 793 794 795 797 925 957 959 960 961 1145 1289 1291 1292 1293 1400 1401 1402 1409 1779 1785 2068 2351 2457 2651 2769 2770 2845 2888 3021 3095 
53 58 60 61 62 97 98 99 100 101 139 140 147 148 149 165 166 168 209 211 265 266 326 328 329 332 342 358 462 476 477 480 502 572 573 576 636 687 688 689 690 728 752 786 787 790 942 943 944 945 950 1077 1078 1079 1080 1187 1189 1282 1283 1286 1394 1395 1398 1505 1509 1676 1773 1774 1775 1776 1777 1892 1894 1952 1953 2174 2175 2176 2253 2963 2964 3027 3028 3088 3090 3105 3125 3126 3133 3171 3172 3200 3231 3249 
48 53 58 59 60 61 80 81 93 97 98 99 100 101 134 139 140 146 147 166 167 181 188 209 211 244 251 254 266 267 331 342 358 420 423 450 462 479 502 553 556 575 626 636 688 689 690 703 704 705 706 720 728 752 787 789 828 944 945 948 949 998 1077 1078 1079 1080 1153 1187 1189 1283 1285 1316 1395 1397 1423 1432 1505 1509 1642 1676 1776 1777 1821 1822 1823 1824 1845 1892 1894 1953 1955 2022 2086 2096 2169 2174 2175 2176 2253 2359 2465 2499 2699 2858 2859 2860 2905 2964 2966 3028 3030 3089 3090 3094 3105 3126 3128 3133 3172 3174 3200 3231 3249 
48 53 58 59 60 61 80 81 93 97 98 99 100 101 134 139 140 146 166 167 168 181 188 209 211 244 251 254 266 267 268 326 331 342 358 420 423 450 462 476 479 502 553 556 572 575 626 636 688 689 690 703 704 705 706 720 728 752 787 789 790 828 944 945 948 949 950 998 1077 1078 1079 1080 1153 1187 1189 1283 1285 1316 1395 1397 1398 1423 1432 1505 1509 1642 1676 1776 1777 1821 1822 1823 1824 1845 1892 1894 1951 1953 1955 2022 2086 2096 2169 2174 2175 2176 2253 2359 2465 2499 2699 2858 2859 2860 2905 2964 2966 2985 3028 3030 3044 3086 3090 3094 3105 3124 3126 3128 3133 3172 3174 3200 3231 3249 
53 97 98 99 100 101 140 146 147 148 149 209 211 326 327 328 329 330 331 332 333 334 342 358 462 475 476 477 478 479 480 481 482 502 572 573 574 575 576 591 602 603 636 673 728 752 791 792 793 794 795 797 925 957 959 960 961 1077 1078 1079 1080 1145 1187 1189 1289 1291 1292 1293 1400 1401 1402 1409 1505 1509 1676 1779 1785 1892 1894 2068 2174 2175 2176 2253 2351 2457 2651 2769 2770 2845 2888 3021 3095 3105 3133 3200 3231 3249 
58 60 61 66 139 147 166 168 266 326 328 329 331 390 476 477 479 572 573 574 575 688 689 690 787 788 790 944 945 946 950 1283 1284 1286 1395 1396 1398 1776 1777 1778 1953 1954 2964 2965 3028 3029 3090 3092 3126 3127 3172 3173 
66 140 302 358 453 459 462 496 502 503 633 634 635 636 637 644 645 646 647 648 726 727 728 729 752 753 754 755 756 877 1087 1193 1194 1195 1196 1197 1198 1199 1200 1201 1520 1521 1523 1612 1613 1614 1680 1682 1729 1730 1731 1900 1901 1902 2001 2002 2186 2321 2431 2514 2570 2723 2727 2814 2908 2909 2944 2979 3021 3095 
53 58 60 61 97 98 99 100 101 139 140 146 147 166 168 209 211 266 326 328 329 331 342 358 462 476 477 479 502 572 573 575 636 688 689 690 728 752 787 790 944 945 950 1077 1078 1079 1080 1187 1189 1283 1286 1395 1398 1505 1509 1676 1776 1777 1892 1894 1953 2174 2175 2176 2253 2964 3028 3090 3105 3126 3133 3172 3200 3231 3249 
69 70 88 90 151 191 193 447 473 584 623 641 717 732 835 1124 1156 1158 1438 1443 1604 1645 1647 1848 1850 1853 2024 2095 2257 2258 2260 2453 2454 2456 2473 2474 2476 2643 2644 2646 2761 2763 2767 2884 2885 2887 
88 91 97 98 99 100 101 106 190 193 209 211 300 342 358 448 462 473 502 624 636 641 718 728 732 752 1077 1078 1079 1080 1155 1158 1187 1189 1437 1443 1505 1509 1644 1647 1676 1847 1850 1892 1894 2062 2174 2175 2176 2253 2257 2258 2259 2260 2453 2454 2455 2456 2472 2473 2474 2475 2476 2548 2643 2644 2645 2646 2697 2706 2756 2761 2763 2765 2767 2778 2838 2883 2884 2885 2886 2887 2893 2958 3012 3105 3133 3200 3231 3249 
90 106 191 447 623 717 1156 1438 1645 1848 2257 2258 2259 2260 2453 2454 2455 2456 2473 2474 2475 2476 2548 2643 2644 2645 2646 2697 2756 2761 2763 2765 2767 2838 2884 2885 2886 2887 
88 90 106 191 193 447 473 623 641 717 732 1156 1158 1438 1443 1645 1647 1848 1850 2257 2258 2260 2453 2454 2456 2473 2474 2476 2548 2643 2644 2646 2697 2756 2761 2763 2767 2838 2884 2885 2887 
75 76 185 278 437 565 711 832 1007 1320 1427 1946 1950 2051 2972 2984 3026 3042 3043 3073 3084 3119 3123 3170 
24 
25 
31 
33 
66 75 105 138 140 186 277 298 358 496 564 648 756 833 1008 1072 1428 1946 2051 2381 2717 2906 2984 3042 3043 3073 3119 
53 58 60 61 66 139 146 147 166 168 266 326 328 329 331 476 477 479 572 573 575 688 689 690 787 790 944 945 950 1283 1286 1395 1398 1776 1777 1953 2964 3028 3090 3126 3172 
