47 53 66 75 76 78 133 134 182 183 185 250 278 280 294 419 437 439 552 565 567 708 710 711 829 830 832 1000 1001 1003 1006 1317 1318 1320 1424 1425 1427 1838 1839 1840 1947 1948 2053 2969 3023 3024 3079 3080 3081 3120 3121 3167 3168 
47 48 49 53 66 75 76 77 78 80 81 105 133 134 138 140 169 170 171 172 173 174 175 176 177 183 244 250 251 252 253 254 277 278 279 282 284 285 286 288 358 419 420 421 422 423 436 437 496 552 553 554 555 556 564 565 566 648 698 699 700 701 702 709 756 814 815 816 817 818 819 820 821 822 823 824 830 974 976 979 980 981 982 983 984 985 986 988 990 1003 1089 1147 1149 1304 1306 1307 1308 1309 1310 1312 1318 1411 1412 1413 1414 1415 1416 1417 1418 1419 1425 1797 1818 1819 1820 1948 1970 1971 1972 1973 1978 1979 1980 1981 1982 2020 2021 2035 2037 2038 2053 2083 2275 2280 2281 2282 2283 2357 2385 2405 2406 2409 2410 2411 2553 2594 2655 2658 2729 2775 2796 2799 2869 2892 2920 2921 2924 2950 2990 2992 3024 3033 3050 3054 3080 3081 3111 3121 3141 3144 3168 3213 3214 3217 3240 3257 3260 3292 3295 3308 3317 3320 3345 3351 3364 3369 3384 3404 3411 3420 3429 3449 3455 3467 3485 3489 3492 3495 3498 3502 
97 98 99 101 103 104 206 209 212 461 463 502 505 635 637 644 646 647 727 729 752 754 755 1074 1076 1077 1078 1079 1080 1184 1187 1190 1500 1505 1511 1671 1674 1677 1889 1892 1895 2169 2170 2171 2172 2173 2174 2175 2176 2253 2318 2382 2430 2622 2721 2784 2837 3105 3109 3132 3133 3197 3201 3231 3246 3249 3277 
66 102 103 105 140 205 207 208 338 340 341 358 496 505 645 646 647 648 753 754 755 756 1073 1074 1183 1185 1186 1497 1498 1501 1502 1503 1504 1670 1672 1673 1888 1890 1891 2061 2164 2165 2316 2318 2428 2430 2501 2619 2622 2721 2783 2784 2836 2837 3196 3197 3199 3245 3246 3276 3277 3279 
66 102 104 140 206 207 208 340 341 358 496 505 645 646 647 753 754 755 1074 1075 1184 1185 1186 1500 1501 1503 1504 1610 1671 1673 1889 1890 1891 1897 2061 2318 2320 2430 2506 2507 2622 2625 2695 2721 2784 2837 3197 3198 3199 3246 3247 3277 3278 3279 
66 103 104 140 206 358 496 505 646 647 754 755 1074 1184 1500 1671 1889 2317 2318 2429 2430 2502 2620 2621 2622 2720 2721 2754 2784 2837 3197 3246 3277 
70 87 97 98 99 101 103 104 194 206 212 304 358 461 463 464 472 496 505 635 637 640 646 647 727 729 731 754 755 1074 1076 1077 1078 1079 1080 1124 1159 1184 1190 1445 1446 1500 1511 1648 1671 1677 1851 1889 1895 2169 2170 2171 2172 2173 2260 2318 2382 2430 2476 2622 2646 2721 2766 2784 2837 2844 2887 3109 3132 3197 3246 3277 
47 53 66 75 76 77 133 134 138 182 185 250 278 279 280 294 419 437 439 552 565 566 567 708 709 710 711 829 832 1000 1001 1006 1317 1320 1424 1427 1838 1839 1840 1947 1948 2053 2969 3023 3024 3079 3080 3081 3120 3121 3167 3168 
66 75 76 78 138 183 184 186 277 279 280 296 436 439 564 566 567 709 710 711 830 831 833 1003 1004 1008 1318 1321 1425 1426 1428 1843 1948 1949 2053 2971 3024 3025 3080 3081 3082 3121 3122 3168 3169 
70 77 78 87 138 140 183 194 279 280 304 439 464 472 566 567 640 709 731 830 1003 1124 1159 1318 1425 1445 1446 1648 1851 1948 2053 2260 2476 2646 2766 2844 2887 3024 3080 3081 3121 3168 
75 76 77 78 183 184 186 277 280 436 439 564 567 709 710 711 830 831 833 1003 1005 1008 1318 1319 1321 1425 1426 1428 1843 1948 1949 2053 2971 3024 3025 3080 3081 3082 3121 3122 3168 3169 
10 113 3129 3177 
120 122 
13 
14 
27 
35 
38 
45 122 
20 112 3129 3177 
66 91 92 94 97 98 99 100 101 102 103 104 105 140 195 214 215 216 217 218 219 220 221 222 302 358 364 366 367 371 372 450 451 453 461 462 463 496 505 626 627 634 635 636 637 644 645 646 647 648 720 721 726 727 728 729 752 753 754 755 756 1020 1021 1022 1023 1091 1092 1093 1094 1095 1096 1097 1161 1212 1213 1214 1215 1216 1217 1218 1219 1220 1448 1532 1533 1535 1536 1537 1538 1541 1542 1544 1546 1547 1548 1620 1622 1649 1689 1690 1691 1693 1694 1695 1696 1855 1908 1909 1910 1911 1912 1913 1914 1915 1916 2006 2119 2120 2121 2122 2199 2203 2204 2205 2206 2211 2212 2213 2217 2218 2219 2329 2330 2331 2332 2338 2339 2340 2341 2342 2372 2386 2387 2388 2436 2439 2440 2485 2520 2522 2575 2576 2577 2582 2583 2609 2677 2678 2684 2685 2710 2818 2822 2823 2875 2897 2932 2935 2936 2939 2954 2981 3006 3008 3047 3062 3065 3115 3157 3159 3225 3228 3229 3244 3273 3275 3303 3307 3312 3333 3335 3359 3362 3368 3377 3378 3391 3395 3408 3419 3436 3437 3438 3439 3444 3452 3461 3462 3471 3472 3479 3482 3488 3494 3500 3507 3509 
