66 87 88 89 90 91 93 94 102 105 140 187 190 192 193 194 205 208 304 313 316 317 358 449 451 464 472 473 474 503 506 625 627 642 645 648 719 721 731 732 733 753 756 1012 1013 1014 1015 1016 1152 1155 1157 1158 1159 1183 1186 1192 1431 1436 1437 1440 1442 1443 1444 1445 1498 1504 1641 1644 1646 1647 1648 1670 1673 1844 1847 1849 1850 1851 1888 1891 2103 2104 2108 2109 2110 2111 2163 2167 2289 2315 2317 2319 2371 2418 2427 2429 2478 2500 2502 2504 2601 2602 2616 2617 2621 2624 2702 2706 2718 2722 2753 2754 2755 2776 2778 2839 2883 2893 2955 2958 3009 3012 3196 3197 3198 3210 3245 3248 3276 3277 3278 3279 
66 87 88 89 90 93 94 102 105 140 187 190 192 193 194 205 208 300 304 313 316 317 358 448 449 451 464 472 473 474 503 506 625 627 642 645 648 718 719 721 731 732 733 753 756 1012 1013 1014 1015 1016 1152 1155 1157 1158 1159 1183 1186 1192 1431 1436 1437 1440 1442 1443 1444 1445 1498 1504 1641 1644 1646 1647 1648 1670 1673 1844 1847 1849 1850 1851 1888 1891 2103 2104 2108 2109 2110 2111 2163 2167 2289 2315 2317 2319 2371 2418 2427 2429 2478 2500 2502 2504 2601 2602 2616 2617 2621 2624 2702 2706 2718 2722 2753 2754 2755 2776 2778 2839 2883 2893 2955 2958 3009 3012 3196 3197 3198 3210 3245 3248 3276 3277 3278 3279 
66 87 88 89 90 92 140 189 190 192 193 194 300 304 313 316 317 448 449 464 472 473 474 625 642 718 719 731 732 733 1014 1015 1016 1154 1155 1157 1158 1159 1435 1436 1437 1440 1442 1443 1444 1445 1605 1643 1644 1646 1647 1648 1846 1847 1849 1850 1851 1854 2108 2109 2110 2111 2293 2371 2483 2698 2706 2778 2881 2883 2956 2957 2958 3010 3011 3012 
47 61 62 66 76 77 78 133 138 146 147 148 165 182 184 265 279 326 327 332 438 479 480 552 566 575 576 687 708 709 710 786 829 831 942 943 1000 1004 1282 1317 1319 1394 1424 1426 1838 1839 1840 1947 1952 2057 2969 3023 3027 3079 3088 3120 3167 3171 
91 92 93 102 104 188 189 206 208 300 311 339 358 448 449 450 496 503 625 645 647 718 719 720 753 755 1014 1153 1154 1184 1186 1192 1432 1435 1499 1500 1504 1643 1671 1673 1845 1846 1889 1891 2105 2107 2167 2290 2291 2317 2319 2419 2420 2429 2479 2502 2504 2603 2604 2605 2621 2624 2703 2704 2722 2754 2755 2758 2777 2840 2881 2956 3010 3197 3198 3210 3248 3277 3278 3279 
47 48 53 66 76 77 78 80 81 105 133 134 140 179 180 244 291 292 358 420 421 422 506 553 554 555 706 707 708 709 710 756 826 827 994 996 1072 1421 1422 1832 1833 1834 1835 1836 1837 1946 1950 1991 2023 2044 2051 2055 2366 2381 2469 2596 2694 2717 2906 2972 2973 2984 3017 3026 3043 3075 3084 3085 3119 3123 3164 3170 3192 
47 61 62 66 76 77 78 105 133 140 146 147 148 149 165 182 265 326 327 358 479 480 506 552 575 576 687 708 709 710 756 786 829 942 943 1000 1072 1282 1317 1394 1424 1838 1839 1840 1946 1947 1950 1952 2051 2055 2057 2381 2717 2906 2969 2972 2984 3023 3026 3027 3043 3079 3084 3085 3088 3119 3120 3123 3167 3170 3171 
66 91 92 93 140 188 189 300 311 448 449 450 625 718 719 720 1014 1153 1154 1432 1435 1643 1845 1846 2105 2107 2290 2291 2419 2420 2479 2603 2604 2605 2703 2704 2758 2777 2840 2881 2956 3010 
87 89 90 91 92 100 101 189 190 192 194 209 302 304 313 317 342 358 449 453 464 472 474 496 625 637 640 642 644 719 729 731 733 752 1014 1015 1016 1018 1077 1154 1155 1157 1159 1187 1435 1436 1437 1440 1444 1445 1505 1506 1605 1643 1644 1646 1648 1674 1846 1847 1849 1851 1854 1892 2108 2109 2110 2111 2253 2259 2260 2293 2371 2449 2455 2456 2476 2483 2645 2646 2698 2706 2764 2765 2766 2767 2778 2843 2844 2883 2886 2887 2893 2957 2958 3011 3012 3133 3201 3249 
87 88 89 90 91 92 189 190 192 193 194 313 316 317 449 464 472 474 625 640 641 642 719 731 732 733 1014 1015 1016 1018 1154 1155 1157 1158 1159 1435 1436 1437 1440 1442 1443 1444 1445 1605 1643 1644 1646 1647 1648 1846 1847 1849 1850 1851 1854 2108 2109 2110 2111 2117 2259 2260 2293 2371 2455 2456 2475 2476 2483 2645 2646 2698 2706 2764 2765 2766 2767 2778 2843 2844 2883 2886 2887 2893 2957 2958 3011 3012 
87 89 90 91 92 93 100 101 188 189 192 194 209 300 302 304 311 317 342 358 448 449 450 453 464 472 474 496 625 637 640 642 644 718 719 720 729 731 733 752 1014 1015 1016 1018 1077 1153 1154 1157 1159 1187 1432 1435 1440 1444 1445 1505 1506 1643 1646 1648 1674 1845 1846 1849 1851 1892 2107 2108 2109 2110 2111 2253 2259 2260 2291 2371 2420 2449 2455 2456 2476 2605 2645 2646 2704 2706 2764 2765 2766 2767 2777 2778 2840 2843 2844 2881 2886 2887 2956 3010 3133 3201 3249 
87 88 89 90 91 92 93 188 189 192 193 194 300 304 311 316 317 448 449 450 464 472 474 625 640 641 642 718 719 720 731 732 733 1014 1015 1016 1018 1153 1154 1157 1158 1159 1432 1435 1440 1442 1443 1444 1445 1643 1646 1647 1648 1845 1846 1849 1850 1851 2107 2108 2109 2110 2111 2117 2259 2260 2291 2371 2420 2455 2456 2475 2476 2605 2645 2646 2704 2706 2764 2765 2766 2767 2777 2778 2840 2843 2844 2881 2886 2887 2956 3010 
87 89 90 92 100 101 189 190 192 194 209 300 302 304 313 317 342 358 448 449 453 464 472 474 496 625 637 640 642 644 718 719 729 731 733 752 1014 1015 1016 1018 1077 1154 1155 1157 1159 1160 1187 1435 1436 1437 1440 1444 1445 1447 1505 1506 1605 1643 1644 1646 1648 1674 1846 1847 1849 1851 1854 1892 2062 2108 2109 2110 2111 2253 2259 2260 2292 2293 2371 2449 2455 2456 2476 2481 2482 2483 2607 2645 2646 2698 2705 2706 2759 2764 2765 2766 2767 2778 2843 2844 2882 2883 2886 2887 2893 2957 2958 3011 3012 3133 3201 3249 
87 88 89 90 92 189 190 192 193 194 300 304 313 316 317 448 449 464 472 474 625 640 641 642 718 719 731 732 733 1014 1015 1016 1018 1154 1155 1157 1158 1159 1160 1435 1436 1437 1440 1442 1443 1444 1445 1447 1605 1643 1644 1646 1647 1648 1846 1847 1849 1850 1851 1854 2062 2108 2109 2110 2111 2117 2259 2260 2292 2293 2371 2455 2456 2475 2476 2481 2482 2483 2607 2645 2646 2698 2705 2706 2759 2764 2765 2766 2767 2778 2843 2844 2882 2883 2886 2887 2893 2957 2958 3011 3012 
66 87 88 89 90 91 92 140 189 190 192 193 194 304 313 316 317 449 464 472 473 474 625 642 719 731 732 733 1014 1015 1016 1154 1155 1157 1158 1159 1435 1436 1437 1440 1442 1443 1444 1445 1605 1643 1644 1646 1647 1648 1846 1847 1849 1850 1851 1854 2108 2109 2110 2111 2293 2371 2483 2698 2706 2778 2883 2893 2957 2958 3011 3012 
87 88 89 102 105 106 192 193 194 199 200 201 205 208 304 316 317 322 324 358 471 472 503 506 639 645 648 730 731 753 756 835 836 1017 1018 1124 1157 1158 1159 1165 1166 1167 1183 1186 1192 1440 1442 1443 1444 1445 1446 1456 1459 1460 1461 1498 1504 1604 1606 1646 1647 1648 1654 1655 1670 1673 1849 1850 1851 1852 1859 1860 1861 1864 1888 1891 2024 2025 2095 2115 2116 2117 2118 2163 2167 2258 2259 2260 2315 2317 2319 2427 2429 2474 2475 2476 2487 2500 2502 2504 2548 2616 2617 2621 2624 2644 2645 2646 2696 2718 2722 2753 2754 2755 2756 2763 2765 2767 2838 2842 2843 2844 2885 2886 2887 3196 3197 3198 3210 3245 3248 3276 3277 3278 3279 
87 88 89 90 91 102 103 105 190 193 194 205 207 208 300 313 316 317 358 448 471 503 504 506 639 645 646 648 718 730 753 754 756 1015 1016 1017 1018 1124 1155 1158 1159 1183 1185 1186 1436 1437 1442 1443 1444 1445 1446 1498 1502 1504 1644 1647 1648 1670 1672 1673 1847 1850 1851 1888 1890 1891 2108 2109 2110 2111 2117 2163 2167 2259 2260 2315 2317 2371 2427 2429 2475 2476 2500 2502 2616 2617 2621 2645 2646 2706 2718 2753 2754 2765 2767 2778 2843 2844 2883 2886 2887 2958 3012 3196 3197 3210 3245 3248 3276 3277 3279 
89 90 91 102 103 105 190 192 205 207 208 300 304 313 358 448 464 474 503 504 506 642 645 646 648 718 733 753 754 756 1015 1016 1155 1157 1183 1185 1186 1192 1436 1437 1440 1498 1502 1504 1644 1646 1670 1672 1673 1847 1849 1888 1890 1891 2108 2109 2110 2111 2163 2167 2315 2317 2319 2371 2427 2429 2500 2502 2504 2616 2617 2621 2624 2706 2718 2722 2753 2754 2755 2778 2883 2958 3012 3196 3197 3198 3210 3245 3248 3276 3277 3278 3279 
89 90 92 93 102 105 188 189 192 205 208 300 304 311 358 449 450 464 474 503 506 625 642 645 648 719 720 733 753 756 1015 1016 1153 1154 1157 1183 1186 1192 1432 1435 1440 1498 1504 1605 1643 1646 1670 1673 1845 1846 1849 1854 1888 1891 2107 2108 2109 2110 2111 2163 2167 2291 2293 2315 2317 2319 2371 2420 2427 2429 2483 2500 2502 2504 2605 2616 2617 2621 2624 2698 2704 2706 2718 2722 2753 2754 2755 2777 2778 2840 2881 2893 2956 2957 3010 3011 3196 3197 3198 3210 3245 3248 3276 3277 3278 3279 
102 103 104 105 205 206 207 208 302 339 358 453 459 460 461 462 463 496 502 503 504 506 633 634 644 645 646 648 726 727 728 729 752 753 754 756 877 1183 1184 1185 1186 1192 1193 1194 1195 1196 1197 1198 1199 1200 1201 1498 1499 1500 1502 1504 1520 1521 1522 1523 1614 1670 1671 1672 1673 1679 1680 1681 1682 1728 1729 1731 1888 1889 1890 1891 1900 1901 1902 2001 2002 2163 2167 2180 2181 2187 2315 2317 2319 2322 2427 2429 2432 2500 2502 2504 2515 2570 2616 2617 2621 2624 2718 2722 2724 2727 2753 2754 2755 2814 2908 2909 2944 2979 3021 3095 3196 3197 3198 3210 3245 3248 3276 3277 3278 3279 
66 102 104 140 206 208 302 339 358 453 459 460 461 462 463 496 502 503 504 506 633 634 644 645 646 726 727 728 729 752 753 754 756 877 1184 1186 1192 1193 1194 1195 1196 1197 1198 1199 1200 1201 1499 1500 1504 1520 1521 1522 1523 1614 1671 1673 1679 1680 1681 1682 1728 1729 1731 1889 1891 1900 1901 1902 2001 2002 2167 2180 2181 2187 2317 2319 2322 2429 2432 2502 2504 2515 2570 2621 2624 2722 2724 2727 2754 2755 2814 2908 2909 2944 2979 3021 3095 3197 3198 3210 3248 3277 3278 3279 
66 100 101 140 209 302 342 358 453 459 460 461 462 463 503 504 505 506 633 634 644 645 646 647 726 727 728 729 752 753 754 755 756 877 1077 1187 1193 1194 1195 1196 1197 1198 1199 1200 1201 1505 1506 1520 1521 1522 1523 1614 1674 1679 1680 1681 1682 1728 1729 1731 1892 1900 1901 1902 2001 2002 2180 2181 2187 2253 2322 2432 2449 2515 2570 2724 2727 2814 2908 2909 2944 2979 3021 3095 3133 3201 3249 
66 100 101 140 209 302 342 453 459 460 461 462 463 496 503 504 505 506 633 634 644 645 646 647 726 727 728 729 752 753 754 755 756 877 1077 1187 1193 1194 1195 1196 1197 1198 1199 1200 1201 1505 1506 1520 1521 1522 1523 1614 1674 1679 1680 1681 1682 1728 1729 1731 1892 1900 1901 1902 2001 2002 2180 2181 2187 2253 2322 2432 2449 2515 2570 2724 2727 2814 2908 2909 2944 2979 3021 3095 3133 3201 3249 
66 87 88 89 90 91 92 93 140 188 189 192 193 194 300 304 311 316 317 448 449 450 464 472 473 474 625 642 718 719 720 731 732 733 1014 1015 1016 1153 1154 1157 1158 1159 1432 1435 1440 1442 1443 1444 1445 1643 1646 1647 1648 1845 1846 1849 1850 1851 2107 2108 2109 2110 2111 2291 2371 2420 2605 2704 2706 2777 2778 2840 2881 2956 3010 
66 87 88 89 90 92 140 189 190 192 193 194 300 304 313 316 317 448 449 464 472 473 474 625 642 718 719 731 732 733 1014 1015 1016 1154 1155 1157 1158 1159 1160 1435 1436 1437 1440 1442 1443 1444 1445 1447 1605 1643 1644 1646 1647 1648 1846 1847 1849 1850 1851 1854 2062 2108 2109 2110 2111 2292 2293 2371 2481 2482 2483 2607 2698 2705 2706 2759 2778 2882 2883 2893 2957 2958 3011 3012 
91 92 93 94 187 189 190 313 441 448 449 451 624 625 627 718 719 721 1012 1013 1014 1152 1154 1155 1431 1435 1436 1437 1641 1643 1644 1844 1846 1847 2100 2101 2102 2105 2288 2290 2417 2419 2479 2599 2603 2604 2701 2703 2757 2758 2880 2881 2883 2893 2956 2958 3009 3010 3012 
88 193 194 316 317 464 471 472 473 639 640 641 730 731 732 1018 1124 1158 1159 1442 1443 1444 1445 1446 1647 1648 1850 1851 2117 2259 2260 2475 2476 2645 2646 2765 2767 2843 2844 2886 2887 
75 76 138 140 185 277 278 297 302 358 453 459 460 461 462 463 496 502 503 504 505 506 564 565 633 634 644 645 646 647 711 726 727 728 729 752 753 754 755 756 832 877 1006 1193 1194 1195 1196 1197 1198 1199 1200 1201 1427 1520 1521 1522 1523 1614 1679 1680 1681 1682 1728 1729 1731 1900 1901 1902 1950 2001 2002 2055 2180 2181 2187 2322 2432 2515 2570 2724 2727 2814 2908 2909 2944 2979 3021 3026 3084 3085 3095 3123 3170 
88 89 140 192 302 304 315 358 453 459 460 461 462 463 464 496 502 503 504 505 506 633 634 641 642 644 645 646 647 726 727 728 729 732 733 752 753 754 755 756 877 1017 1157 1193 1194 1195 1196 1197 1198 1199 1200 1201 1440 1520 1521 1522 1523 1614 1679 1680 1681 1682 1728 1729 1731 1849 1900 1901 1902 2001 2002 2180 2181 2187 2258 2322 2432 2454 2515 2570 2644 2724 2727 2762 2763 2814 2842 2885 2908 2909 2944 2979 3021 3095 
100 101 140 209 302 342 358 453 459 460 461 462 463 496 502 503 504 505 506 633 634 637 644 645 646 647 726 727 728 729 752 753 754 755 756 877 1077 1187 1193 1194 1195 1196 1197 1198 1199 1200 1201 1505 1506 1520 1521 1522 1523 1614 1674 1679 1680 1681 1682 1728 1729 1731 1892 1900 1901 1902 2001 2002 2180 2181 2187 2253 2322 2432 2449 2515 2570 2724 2727 2814 2908 2909 2944 2979 3021 3095 3133 3201 3249 
69 75 76 86 89 90 91 92 93 138 140 151 185 188 189 192 277 278 297 300 304 311 448 449 450 464 474 494 564 565 584 625 642 711 718 719 720 733 832 1006 1014 1015 1016 1153 1154 1157 1427 1432 1435 1440 1446 1643 1646 1845 1846 1849 1950 2055 2107 2108 2109 2110 2111 2291 2371 2420 2605 2704 2706 2777 2778 2840 2881 2956 3010 3026 3084 3085 3123 3170 
69 86 88 89 90 91 92 93 140 151 188 189 192 300 304 311 315 448 449 450 464 474 494 584 625 641 642 718 719 720 732 733 1014 1015 1016 1017 1153 1154 1157 1432 1435 1440 1446 1643 1646 1845 1846 1849 2107 2108 2109 2110 2111 2258 2291 2371 2420 2454 2605 2644 2704 2706 2762 2763 2777 2778 2840 2842 2881 2885 2956 3010 
69 86 89 90 91 92 93 100 101 140 151 188 189 192 209 300 302 304 311 342 358 448 449 450 453 464 474 494 496 584 625 637 642 644 718 719 720 729 733 752 1014 1015 1016 1077 1153 1154 1157 1187 1432 1435 1440 1446 1505 1506 1643 1646 1674 1845 1846 1849 1892 2107 2108 2109 2110 2111 2253 2291 2371 2420 2449 2605 2704 2706 2777 2778 2840 2881 2956 3010 3133 3201 3249 
69 75 76 86 89 90 92 138 140 151 185 189 190 192 277 278 297 300 304 313 448 449 464 474 494 564 565 584 625 642 711 718 719 733 832 1006 1014 1015 1016 1154 1155 1157 1160 1427 1435 1436 1437 1440 1446 1447 1605 1643 1644 1646 1846 1847 1849 1854 1950 2055 2062 2108 2109 2110 2111 2292 2293 2371 2481 2482 2483 2607 2698 2705 2706 2759 2778 2882 2883 2893 2957 2958 3011 3012 3026 3084 3085 3123 3170 
69 86 88 89 90 92 140 151 189 190 192 300 304 313 315 448 449 464 474 494 584 625 641 642 718 719 732 733 1014 1015 1016 1017 1154 1155 1157 1160 1435 1436 1437 1440 1446 1447 1605 1643 1644 1646 1846 1847 1849 1854 2062 2108 2109 2110 2111 2258 2292 2293 2371 2454 2481 2482 2483 2607 2644 2698 2705 2706 2759 2762 2763 2778 2842 2882 2883 2885 2893 2957 2958 3011 3012 
69 86 89 90 92 100 101 140 151 189 190 192 209 300 302 304 313 342 358 448 449 453 464 474 494 496 584 625 637 642 644 718 719 729 733 752 1014 1015 1016 1077 1154 1155 1157 1160 1187 1435 1436 1437 1440 1446 1447 1505 1506 1605 1643 1644 1646 1674 1846 1847 1849 1854 1892 2062 2108 2109 2110 2111 2253 2292 2293 2371 2449 2481 2482 2483 2607 2698 2705 2706 2759 2778 2882 2883 2893 2957 2958 3011 3012 3133 3201 3249 
91 92 93 100 101 140 188 189 190 209 300 302 311 313 342 358 448 449 450 453 496 625 637 644 718 719 720 729 752 1014 1077 1153 1154 1155 1187 1432 1435 1436 1437 1505 1506 1643 1644 1674 1845 1846 1847 1892 2105 2253 2290 2419 2449 2479 2603 2604 2703 2758 2881 2883 2893 2956 2958 3010 3012 3133 3201 3249 
53 61 62 100 101 140 146 147 148 149 165 209 265 302 326 327 342 358 453 479 480 496 575 576 637 644 687 729 752 786 942 943 1077 1187 1282 1394 1505 1506 1674 1892 1952 2057 2253 2449 3027 3088 3133 3171 3201 3249 
69 86 88 89 90 91 151 190 191 192 313 315 447 448 464 473 494 584 623 641 717 718 732 1015 1016 1017 1155 1156 1157 1436 1437 1438 1440 1446 1644 1645 1646 1847 1848 1849 2108 2109 2110 2111 2112 2113 2114 2257 2258 2371 2454 2473 2643 2644 2706 2761 2762 2763 2778 2841 2842 2883 2884 2885 2958 3012 
69 86 88 89 90 91 151 190 191 192 313 315 447 448 464 473 474 494 584 623 641 717 718 732 733 1015 1016 1017 1155 1156 1157 1436 1437 1438 1440 1446 1644 1645 1646 1847 1848 1849 2108 2109 2110 2111 2112 2113 2114 2257 2258 2371 2454 2473 2643 2644 2706 2761 2762 2763 2778 2841 2842 2883 2884 2885 2958 3012 
69 86 87 88 89 151 192 193 194 316 317 474 494 584 641 642 732 733 1017 1018 1157 1158 1159 1440 1442 1443 1444 1445 1446 1646 1647 1648 1849 1850 1851 2115 2116 2117 2258 2259 2260 2474 2475 2476 2644 2645 2646 2763 2765 2767 2842 2843 2844 2885 2886 2887 
69 86 88 100 101 151 193 194 209 302 304 316 317 342 358 453 472 473 494 496 584 637 640 644 729 731 732 752 1018 1077 1158 1159 1187 1442 1443 1444 1445 1446 1505 1506 1647 1648 1674 1850 1851 1892 2117 2253 2259 2260 2449 2475 2476 2645 2646 2765 2767 2843 2844 2886 2887 3133 3201 3249 
69 86 87 88 89 151 192 194 315 317 464 472 494 584 641 642 731 732 733 1017 1157 1159 1440 1444 1445 1446 1648 1849 1851 2258 2260 2454 2476 2644 2646 2762 2763 2767 2842 2844 2885 2887 
69 86 87 88 89 90 91 151 190 191 192 193 300 304 313 315 316 447 448 464 472 494 584 623 642 717 718 731 733 1015 1016 1017 1018 1155 1156 1157 1158 1436 1437 1438 1440 1442 1443 1446 1644 1645 1647 1847 1848 1849 1850 2108 2109 2110 2111 2112 2113 2114 2257 2258 2259 2371 2454 2455 2473 2643 2644 2645 2706 2761 2762 2763 2764 2765 2778 2841 2842 2843 2883 2884 2885 2886 2958 3012 
89 91 92 93 100 101 140 188 189 190 192 209 300 302 304 311 313 315 342 358 448 449 450 453 464 496 625 637 641 642 644 718 719 720 729 732 733 752 1014 1017 1077 1153 1154 1155 1157 1187 1432 1435 1436 1437 1440 1505 1506 1643 1644 1674 1845 1846 1847 1849 1892 2105 2253 2258 2290 2419 2449 2454 2479 2603 2604 2644 2703 2758 2762 2763 2842 2881 2883 2885 2893 2956 2958 3010 3012 3133 3201 3249 
53 61 62 89 100 101 140 146 147 148 149 165 192 209 265 302 304 315 326 327 342 358 453 464 479 480 496 575 576 637 641 642 644 687 729 732 733 752 786 942 943 1017 1077 1157 1187 1282 1394 1440 1505 1506 1674 1849 1892 1952 2057 2253 2258 2449 2454 2644 2762 2763 2842 2885 3027 3088 3133 3171 3201 3249 
69 86 87 89 90 91 151 190 191 192 194 313 315 317 447 448 464 472 494 584 623 642 717 718 731 733 1015 1016 1018 1155 1156 1157 1159 1436 1437 1438 1440 1444 1445 1446 1644 1645 1648 1847 1848 1849 1851 2108 2109 2110 2111 2112 2113 2114 2257 2258 2260 2371 2454 2473 2476 2643 2644 2646 2706 2761 2762 2763 2767 2778 2841 2842 2844 2883 2884 2885 2887 2958 3012 
87 89 90 91 190 191 192 194 313 315 317 447 448 464 471 472 623 639 642 717 718 730 731 733 1015 1016 1018 1124 1155 1156 1157 1159 1436 1437 1438 1440 1444 1445 1446 1644 1645 1648 1847 1848 1849 1851 2108 2109 2110 2111 2112 2113 2114 2257 2258 2260 2371 2454 2473 2476 2643 2644 2646 2706 2761 2762 2763 2767 2778 2841 2842 2844 2883 2884 2885 2887 2958 3012 
87 100 101 194 209 302 304 317 342 358 453 459 460 461 462 463 472 496 502 503 504 505 506 633 634 637 640 644 645 646 647 726 727 728 729 731 752 753 754 755 756 877 1077 1159 1187 1193 1194 1195 1196 1197 1198 1199 1200 1201 1444 1445 1505 1506 1520 1521 1522 1523 1614 1648 1674 1679 1680 1681 1682 1728 1729 1731 1851 1892 1900 1901 1902 2001 2002 2180 2181 2187 2253 2260 2322 2432 2449 2456 2476 2515 2570 2646 2724 2727 2766 2767 2814 2844 2887 2908 2909 2944 2979 3021 3095 3133 3201 3249 
87 88 193 194 302 304 316 317 358 453 459 460 461 462 463 464 472 496 502 503 504 505 506 633 634 640 641 644 645 646 647 726 727 728 729 731 732 752 753 754 755 756 877 1018 1158 1159 1193 1194 1195 1196 1197 1198 1199 1200 1201 1442 1443 1444 1445 1520 1521 1522 1523 1614 1647 1648 1679 1680 1681 1682 1728 1729 1731 1850 1851 1900 1901 1902 2001 2002 2117 2180 2181 2187 2259 2260 2322 2432 2456 2475 2476 2515 2570 2645 2646 2724 2727 2765 2766 2767 2814 2843 2844 2886 2887 2908 2909 2944 2979 3021 3095 
87 89 90 91 100 101 190 191 192 194 209 302 304 313 317 342 358 447 448 453 464 472 474 496 623 637 640 642 644 717 718 729 731 733 752 1015 1016 1018 1077 1155 1156 1157 1159 1187 1436 1437 1438 1440 1444 1445 1505 1506 1644 1645 1646 1648 1674 1847 1848 1849 1851 1892 2108 2109 2110 2111 2112 2113 2114 2253 2257 2259 2260 2371 2449 2455 2456 2473 2476 2643 2645 2646 2706 2761 2764 2765 2766 2767 2778 2841 2843 2844 2883 2884 2886 2887 2958 3012 3133 3201 3249 
87 88 89 90 91 190 191 192 193 194 313 316 317 447 448 464 472 474 623 640 641 642 717 718 731 732 733 1015 1016 1018 1155 1156 1157 1158 1159 1436 1437 1438 1440 1442 1443 1444 1445 1644 1645 1646 1647 1648 1847 1848 1849 1850 1851 2108 2109 2110 2111 2112 2113 2114 2117 2257 2259 2260 2371 2455 2456 2473 2475 2476 2643 2645 2646 2706 2761 2764 2765 2766 2767 2778 2841 2843 2844 2883 2884 2886 2887 2958 3012 
87 91 92 93 100 101 188 189 190 194 209 300 302 304 311 313 317 342 358 448 449 450 453 472 496 625 637 640 644 718 719 720 729 731 752 1014 1077 1153 1154 1155 1159 1187 1432 1435 1436 1437 1444 1445 1505 1506 1643 1644 1648 1674 1845 1846 1847 1851 1892 2105 2253 2260 2290 2419 2449 2456 2476 2479 2603 2604 2646 2703 2758 2766 2767 2844 2881 2883 2887 2893 2956 2958 3010 3012 3133 3201 3249 
87 88 91 92 93 188 189 190 193 194 300 304 311 313 316 317 448 449 450 464 472 625 640 641 718 719 720 731 732 1014 1018 1153 1154 1155 1158 1159 1432 1435 1436 1437 1442 1443 1444 1445 1643 1644 1647 1648 1845 1846 1847 1850 1851 2105 2117 2259 2260 2290 2419 2456 2475 2476 2479 2603 2604 2645 2646 2703 2758 2765 2766 2767 2843 2844 2881 2883 2886 2887 2893 2956 2958 3010 3012 
53 61 62 87 100 101 140 146 147 148 149 165 194 209 265 302 304 317 326 327 342 358 453 472 479 480 496 575 576 637 640 644 687 729 731 752 786 942 943 1077 1159 1187 1282 1394 1444 1445 1505 1506 1648 1674 1851 1892 1952 2057 2253 2260 2449 2456 2476 2646 2766 2767 2844 2887 3027 3088 3133 3171 3201 3249 
87 88 89 90 191 192 193 194 300 304 316 317 447 464 471 474 623 639 642 717 730 733 1016 1017 1018 1124 1156 1157 1158 1159 1438 1440 1442 1443 1444 1445 1446 1645 1646 1647 1648 1848 1849 1850 1851 2112 2113 2114 2115 2116 2117 2257 2258 2259 2260 2473 2474 2475 2476 2643 2644 2645 2646 2761 2763 2765 2767 2841 2842 2843 2844 2884 2885 2886 2887 
89 90 91 100 101 102 103 104 190 192 202 206 207 208 209 300 302 304 313 325 339 341 358 448 463 464 474 496 504 642 644 646 647 718 729 733 752 754 755 1015 1016 1076 1077 1155 1157 1168 1184 1185 1186 1187 1436 1437 1440 1463 1499 1500 1502 1503 1504 1506 1644 1646 1671 1672 1673 1674 1847 1849 1889 1890 1891 1892 2061 2108 2109 2110 2111 2167 2170 2317 2371 2382 2429 2502 2621 2706 2754 2778 2883 2958 3012 3132 3197 3199 3210 3248 3277 3279 
89 90 91 100 101 102 103 104 190 192 202 206 207 208 209 300 302 304 313 325 339 341 358 448 463 464 474 496 503 504 642 644 646 647 718 729 733 752 753 754 755 1015 1016 1076 1077 1155 1157 1168 1184 1185 1186 1187 1436 1437 1440 1463 1499 1500 1502 1503 1504 1506 1644 1646 1671 1672 1673 1674 1847 1849 1889 1890 1891 1892 2061 2108 2109 2110 2111 2167 2170 2317 2371 2382 2429 2502 2621 2706 2754 2778 2883 2958 3012 3132 3197 3199 3210 3248 3277 3279 
89 90 91 100 101 102 103 104 190 192 202 206 207 208 209 300 302 304 313 325 339 341 358 448 463 464 474 496 504 642 644 645 646 647 718 729 733 752 753 754 755 1015 1016 1076 1077 1155 1157 1168 1184 1185 1186 1187 1436 1437 1440 1463 1499 1500 1502 1503 1504 1506 1644 1646 1671 1672 1673 1674 1847 1849 1889 1890 1891 1892 2061 2108 2109 2110 2111 2167 2170 2317 2371 2382 2429 2502 2621 2706 2754 2778 2883 2958 3012 3132 3197 3199 3210 3248 3277 3279 
89 90 91 92 100 101 102 103 104 189 190 192 206 207 208 209 302 304 313 339 341 358 449 463 464 474 496 504 625 642 644 646 647 719 729 733 752 754 755 1014 1015 1016 1076 1077 1154 1155 1157 1184 1185 1186 1187 1435 1436 1437 1440 1499 1500 1502 1503 1504 1506 1605 1643 1644 1646 1671 1672 1673 1674 1846 1847 1849 1854 1889 1890 1891 1892 2061 2108 2109 2110 2111 2167 2170 2293 2317 2371 2382 2429 2483 2502 2621 2698 2706 2754 2778 2883 2893 2957 2958 3011 3012 3132 3197 3199 3210 3248 3277 3279 
89 90 91 92 100 101 102 103 104 189 190 192 206 207 208 209 302 304 313 339 341 358 449 463 464 474 496 503 504 625 642 644 646 647 719 729 733 752 753 754 755 1014 1015 1016 1076 1077 1154 1155 1157 1184 1185 1186 1187 1435 1436 1437 1440 1499 1500 1502 1503 1504 1506 1605 1643 1644 1646 1671 1672 1673 1674 1846 1847 1849 1854 1889 1890 1891 1892 2061 2108 2109 2110 2111 2167 2170 2293 2317 2371 2382 2429 2483 2502 2621 2698 2706 2754 2778 2883 2893 2957 2958 3011 3012 3132 3197 3199 3210 3248 3277 3279 
89 90 91 92 100 101 102 103 104 189 190 192 206 207 208 209 302 304 313 339 341 358 449 463 464 474 496 504 625 642 644 645 646 647 719 729 733 752 753 754 755 1014 1015 1016 1076 1077 1154 1155 1157 1184 1185 1186 1187 1435 1436 1437 1440 1499 1500 1502 1503 1504 1506 1605 1643 1644 1646 1671 1672 1673 1674 1846 1847 1849 1854 1889 1890 1891 1892 2061 2108 2109 2110 2111 2167 2170 2293 2317 2371 2382 2429 2483 2502 2621 2698 2706 2754 2778 2883 2893 2957 2958 3011 3012 3132 3197 3199 3210 3248 3277 3279 
89 90 92 100 101 102 103 104 189 190 192 206 207 208 209 300 302 304 313 339 341 358 448 449 463 464 474 496 504 625 642 644 646 647 718 719 729 733 752 754 755 1014 1015 1016 1076 1077 1154 1155 1157 1184 1185 1186 1187 1435 1436 1437 1440 1499 1500 1502 1503 1504 1506 1605 1643 1644 1646 1671 1672 1673 1674 1846 1847 1849 1854 1889 1890 1891 1892 2061 2108 2109 2110 2111 2167 2170 2293 2317 2371 2382 2429 2483 2502 2621 2698 2706 2754 2778 2883 2893 2957 2958 3011 3012 3132 3197 3199 3210 3248 3277 3279 
89 90 92 100 101 102 103 104 189 190 192 206 207 208 209 300 302 304 313 339 341 358 448 449 463 464 474 496 503 504 625 642 644 646 647 718 719 729 733 752 753 754 755 1014 1015 1016 1076 1077 1154 1155 1157 1184 1185 1186 1187 1435 1436 1437 1440 1499 1500 1502 1503 1504 1506 1605 1643 1644 1646 1671 1672 1673 1674 1846 1847 1849 1854 1889 1890 1891 1892 2061 2108 2109 2110 2111 2167 2170 2293 2317 2371 2382 2429 2483 2502 2621 2698 2706 2754 2778 2883 2893 2957 2958 3011 3012 3132 3197 3199 3210 3248 3277 3279 
89 90 92 100 101 102 103 104 189 190 192 206 207 208 209 300 302 304 313 339 341 358 448 449 463 464 474 496 504 625 642 644 645 646 647 718 719 729 733 752 753 754 755 1014 1015 1016 1076 1077 1154 1155 1157 1184 1185 1186 1187 1435 1436 1437 1440 1499 1500 1502 1503 1504 1506 1605 1643 1644 1646 1671 1672 1673 1674 1846 1847 1849 1854 1889 1890 1891 1892 2061 2108 2109 2110 2111 2167 2170 2293 2317 2371 2382 2429 2483 2502 2621 2698 2706 2754 2778 2883 2893 2957 2958 3011 3012 3132 3197 3199 3210 3248 3277 3279 
89 90 91 92 93 100 101 102 103 104 188 189 192 206 207 208 209 300 302 304 311 339 341 358 448 449 450 463 464 474 496 504 625 642 644 646 647 718 719 720 729 733 752 754 755 1014 1015 1016 1076 1077 1153 1154 1157 1184 1185 1186 1187 1432 1435 1440 1499 1500 1502 1503 1504 1506 1643 1646 1671 1672 1673 1674 1845 1846 1849 1889 1890 1891 1892 2061 2107 2108 2109 2110 2111 2167 2170 2291 2317 2371 2382 2420 2429 2502 2605 2621 2704 2706 2754 2777 2778 2840 2881 2956 3010 3132 3197 3199 3210 3248 3277 3279 
89 90 91 92 93 100 101 102 103 104 188 189 192 206 207 208 209 300 302 304 311 339 341 358 448 449 450 463 464 474 496 503 504 625 642 644 646 647 718 719 720 729 733 752 753 754 755 1014 1015 1016 1076 1077 1153 1154 1157 1184 1185 1186 1187 1432 1435 1440 1499 1500 1502 1503 1504 1506 1643 1646 1671 1672 1673 1674 1845 1846 1849 1889 1890 1891 1892 2061 2107 2108 2109 2110 2111 2167 2170 2291 2317 2371 2382 2420 2429 2502 2605 2621 2704 2706 2754 2777 2778 2840 2881 2956 3010 3132 3197 3199 3210 3248 3277 3279 
89 90 91 92 93 100 101 102 103 104 188 189 192 206 207 208 209 300 302 304 311 339 341 358 448 449 450 463 464 474 496 504 625 642 644 645 646 647 718 719 720 729 733 752 753 754 755 1014 1015 1016 1076 1077 1153 1154 1157 1184 1185 1186 1187 1432 1435 1440 1499 1500 1502 1503 1504 1506 1643 1646 1671 1672 1673 1674 1845 1846 1849 1889 1890 1891 1892 2061 2107 2108 2109 2110 2111 2167 2170 2291 2317 2371 2382 2420 2429 2502 2605 2621 2704 2706 2754 2777 2778 2840 2881 2956 3010 3132 3197 3199 3210 3248 3277 3279 
91 92 93 100 101 102 103 104 188 189 190 206 207 208 209 300 302 311 313 339 341 358 448 449 450 463 496 504 625 644 646 647 718 719 720 729 752 754 755 1014 1076 1077 1153 1154 1155 1184 1185 1186 1187 1432 1435 1436 1437 1499 1500 1502 1503 1504 1506 1643 1644 1671 1672 1673 1674 1845 1846 1847 1889 1890 1891 1892 2061 2105 2167 2170 2290 2317 2382 2419 2429 2479 2502 2603 2604 2621 2703 2754 2758 2881 2883 2893 2956 2958 3010 3012 3132 3197 3199 3210 3248 3277 3279 
91 92 93 100 101 102 103 104 188 189 190 206 207 208 209 300 302 311 313 339 341 358 448 449 450 463 496 503 504 625 644 646 647 718 719 720 729 752 753 754 755 1014 1076 1077 1153 1154 1155 1184 1185 1186 1187 1432 1435 1436 1437 1499 1500 1502 1503 1504 1506 1643 1644 1671 1672 1673 1674 1845 1846 1847 1889 1890 1891 1892 2061 2105 2167 2170 2290 2317 2382 2419 2429 2479 2502 2603 2604 2621 2703 2754 2758 2881 2883 2893 2956 2958 3010 3012 3132 3197 3199 3210 3248 3277 3279 
89 90 91 92 93 102 104 188 189 192 206 208 300 304 311 339 358 448 449 450 464 474 496 503 625 642 645 647 718 719 720 733 753 755 1014 1015 1016 1153 1154 1157 1184 1186 1192 1432 1435 1440 1499 1500 1504 1643 1646 1671 1673 1845 1846 1849 1889 1891 2107 2108 2109 2110 2111 2167 2291 2317 2319 2371 2420 2429 2502 2504 2605 2621 2624 2704 2706 2722 2754 2755 2777 2778 2840 2881 2956 3010 3197 3198 3210 3248 3277 3278 3279 
91 92 93 100 101 102 103 104 188 189 190 206 207 208 209 300 302 311 313 339 341 358 448 449 450 463 496 504 625 644 645 646 647 718 719 720 729 752 753 754 755 1014 1076 1077 1153 1154 1155 1184 1185 1186 1187 1432 1435 1436 1437 1499 1500 1502 1503 1504 1506 1643 1644 1671 1672 1673 1674 1845 1846 1847 1889 1890 1891 1892 2061 2105 2167 2170 2290 2317 2382 2419 2429 2479 2502 2603 2604 2621 2703 2754 2758 2881 2883 2893 2956 2958 3010 3012 3132 3197 3199 3210 3248 3277 3279 
53 61 62 69 86 87 140 146 147 148 149 151 165 194 265 304 317 331 332 472 479 480 494 575 576 584 687 731 786 942 943 1159 1282 1394 1444 1445 1446 1648 1851 1952 2057 2260 2476 2646 2767 2844 2887 3027 3088 3171 
53 61 62 87 140 146 147 148 149 165 194 265 304 317 331 332 471 472 479 480 575 576 639 687 730 731 786 942 943 1124 1159 1282 1394 1444 1445 1446 1648 1851 1952 2057 2260 2476 2646 2767 2844 2887 3027 3088 3171 
89 90 91 102 104 190 192 202 206 208 300 304 313 325 339 358 448 464 474 496 503 642 645 647 718 733 753 755 1015 1016 1155 1157 1168 1184 1186 1192 1436 1437 1440 1463 1499 1500 1504 1644 1646 1671 1673 1847 1849 1889 1891 2108 2109 2110 2111 2167 2317 2319 2371 2429 2502 2504 2621 2624 2706 2722 2754 2755 2778 2883 2958 3012 3197 3198 3210 3248 3277 3278 3279 
89 90 91 92 102 104 189 190 192 206 208 304 313 339 358 449 464 474 496 503 625 642 645 647 719 733 753 755 1014 1015 1016 1154 1155 1157 1184 1186 1192 1435 1436 1437 1440 1499 1500 1504 1605 1643 1644 1646 1671 1673 1846 1847 1849 1854 1889 1891 2108 2109 2110 2111 2167 2293 2317 2319 2371 2429 2483 2502 2504 2621 2624 2698 2706 2722 2754 2755 2778 2883 2893 2957 2958 3011 3012 3197 3198 3210 3248 3277 3278 3279 
89 90 91 92 93 102 103 104 188 189 192 206 207 208 300 304 311 339 358 448 449 450 464 474 496 503 504 625 642 645 646 647 718 719 720 733 753 754 755 1014 1015 1016 1153 1154 1157 1184 1185 1186 1192 1432 1435 1440 1499 1500 1502 1504 1643 1646 1671 1672 1673 1845 1846 1849 1889 1890 1891 2107 2108 2109 2110 2111 2167 2291 2317 2319 2371 2420 2429 2502 2504 2605 2621 2624 2704 2706 2722 2754 2755 2777 2778 2840 2881 2956 3010 3197 3198 3210 3248 3277 3278 3279 
89 90 92 102 104 189 190 192 206 208 300 304 313 339 358 448 449 464 474 496 503 625 642 645 647 718 719 733 753 755 1014 1015 1016 1154 1155 1157 1184 1186 1192 1435 1436 1437 1440 1499 1500 1504 1605 1643 1644 1646 1671 1673 1846 1847 1849 1854 1889 1891 2108 2109 2110 2111 2167 2293 2317 2319 2371 2429 2483 2502 2504 2621 2624 2698 2706 2722 2754 2755 2778 2883 2893 2957 2958 3011 3012 3197 3198 3210 3248 3277 3278 3279 
66 89 90 91 140 190 192 300 304 313 448 464 471 474 639 642 718 730 733 1015 1016 1023 1124 1155 1157 1436 1437 1440 1446 1608 1644 1646 1847 1849 1994 2108 2109 2110 2111 2371 2706 2778 2883 2958 3012 
53 69 75 86 87 102 103 104 105 133 134 138 140 151 186 194 206 207 208 244 253 254 277 298 304 317 339 422 423 472 494 496 503 504 506 555 556 564 584 645 646 647 731 753 754 755 756 812 813 833 1008 1009 1072 1144 1159 1184 1185 1186 1321 1375 1428 1444 1445 1446 1499 1500 1502 1504 1648 1671 1672 1673 1851 1889 1890 1891 1946 2051 2167 2260 2317 2381 2429 2476 2502 2621 2646 2717 2754 2767 2844 2887 2906 2984 3043 3119 3197 3210 3248 3277 3279 
53 75 87 102 103 104 105 133 134 138 140 186 194 206 207 208 244 253 254 277 298 304 317 339 422 423 471 472 496 503 504 506 555 556 564 639 645 646 647 730 731 753 754 755 756 812 813 833 1008 1009 1072 1124 1144 1159 1184 1185 1186 1321 1375 1428 1444 1445 1446 1499 1500 1502 1504 1648 1671 1672 1673 1851 1889 1890 1891 1946 2051 2167 2260 2317 2381 2429 2476 2502 2621 2646 2717 2754 2767 2844 2887 2906 2984 3043 3119 3197 3210 3248 3277 3279 
66 89 90 91 92 93 140 188 189 192 300 304 311 448 449 450 464 471 474 625 639 642 718 719 720 730 733 1014 1015 1016 1124 1153 1154 1157 1432 1435 1440 1446 1643 1646 1845 1846 1849 2107 2108 2109 2110 2111 2291 2371 2420 2605 2704 2706 2777 2778 2840 2881 2956 3010 
66 89 90 92 140 189 190 192 300 304 313 448 449 464 471 474 625 639 642 718 719 730 733 1014 1015 1016 1124 1154 1155 1157 1435 1436 1437 1440 1446 1605 1643 1644 1646 1846 1847 1849 1854 2108 2109 2110 2111 2293 2371 2483 2698 2706 2778 2883 2893 2957 2958 3011 3012 
66 89 90 91 92 140 189 190 192 304 313 449 464 471 474 625 639 642 719 730 733 1014 1015 1016 1124 1154 1155 1157 1435 1436 1437 1440 1446 1605 1643 1644 1646 1846 1847 1849 1854 2108 2109 2110 2111 2293 2371 2483 2698 2706 2778 2883 2893 2957 2958 3011 3012 
66 87 88 89 90 91 140 190 191 192 193 194 304 313 316 317 447 448 464 472 473 474 623 642 717 718 731 732 733 1015 1016 1155 1156 1157 1158 1159 1436 1437 1438 1440 1442 1443 1444 1445 1644 1645 1646 1647 1648 1847 1848 1849 1850 1851 2108 2109 2110 2111 2112 2113 2114 2257 2371 2473 2643 2706 2761 2778 2841 2883 2884 2958 3012 
66 91 92 93 94 140 187 189 190 300 313 448 449 451 625 627 718 719 721 1012 1013 1014 1152 1154 1155 1431 1435 1436 1437 1641 1643 1644 1844 1846 1847 2100 2101 2102 2105 2288 2290 2417 2419 2479 2599 2603 2604 2701 2703 2757 2758 2880 2881 2883 2893 2956 2958 3009 3010 3012 
66 91 93 140 188 190 300 311 313 448 450 718 720 1014 1153 1155 1160 1432 1436 1437 1644 1845 1847 2105 2290 2292 2419 2479 2481 2603 2604 2607 2703 2705 2758 2759 2881 2882 2883 2893 2956 2958 3010 3011 3012 
69 76 86 87 102 103 104 105 138 140 151 185 194 206 207 208 278 297 304 317 339 472 494 496 503 504 506 565 584 645 646 647 731 753 754 755 756 832 1006 1072 1159 1184 1185 1186 1427 1444 1445 1446 1499 1500 1502 1504 1648 1671 1672 1673 1851 1889 1890 1891 1946 1950 2051 2055 2167 2260 2317 2381 2429 2476 2502 2621 2646 2717 2754 2767 2844 2887 2906 2972 2984 3026 3043 3084 3085 3119 3123 3170 3197 3210 3248 3277 3279 
76 87 102 103 104 105 138 140 185 194 206 207 208 278 297 304 317 339 471 472 496 503 504 506 565 639 645 646 647 730 731 753 754 755 756 832 1006 1072 1124 1159 1184 1185 1186 1427 1444 1445 1446 1499 1500 1502 1504 1648 1671 1672 1673 1851 1889 1890 1891 1946 1950 2051 2055 2167 2260 2317 2381 2429 2476 2502 2621 2646 2717 2754 2767 2844 2887 2906 2972 2984 3026 3043 3084 3085 3119 3123 3170 3197 3210 3248 3277 3279 
69 86 87 100 101 151 194 209 302 304 317 342 358 453 472 494 496 584 637 644 729 731 752 1077 1159 1187 1444 1445 1446 1505 1506 1648 1674 1851 1892 2253 2260 2449 2476 2646 2767 2844 2887 3133 3201 3249 
87 100 101 194 209 302 304 317 342 358 453 471 472 496 637 639 644 729 730 731 752 1077 1124 1159 1187 1444 1445 1446 1505 1506 1648 1674 1851 1892 2253 2260 2449 2476 2646 2767 2844 2887 3133 3201 3249 
88 89 91 92 93 140 188 189 190 192 300 304 311 313 315 448 449 450 464 625 641 642 718 719 720 732 733 1014 1017 1153 1154 1155 1157 1432 1435 1436 1437 1440 1643 1644 1845 1846 1847 1849 2105 2258 2290 2419 2454 2479 2603 2604 2644 2703 2758 2762 2763 2842 2881 2883 2885 2893 2956 2958 3010 3012 
53 61 62 88 89 140 146 147 148 149 165 192 265 304 315 326 327 464 479 480 575 576 641 642 687 732 733 786 942 943 1017 1157 1282 1394 1440 1849 1952 2057 2258 2454 2644 2762 2763 2842 2885 3027 3088 3171 
53 61 62 75 76 77 138 146 147 148 149 165 184 185 186 265 279 296 297 326 327 479 480 566 575 576 687 710 711 786 831 832 833 942 943 1004 1006 1009 1282 1320 1321 1394 1426 1427 1428 1843 1946 1949 1950 1952 2055 2057 2971 2972 2984 3025 3026 3027 3042 3073 3082 3084 3085 3088 3119 3122 3123 3169 3170 3171 
53 61 62 87 88 140 146 147 148 149 165 193 194 265 304 316 317 326 327 464 472 479 480 575 576 640 641 687 731 732 786 942 943 1018 1158 1159 1282 1394 1442 1443 1444 1445 1647 1648 1850 1851 1952 2057 2117 2259 2260 2456 2475 2476 2645 2646 2765 2766 2767 2843 2844 2886 2887 3027 3088 3171 
66 91 92 93 140 188 189 190 300 311 313 448 449 450 625 718 719 720 1014 1153 1154 1155 1432 1435 1436 1437 1643 1644 1845 1846 1847 2105 2290 2419 2479 2603 2604 2703 2758 2881 2883 2893 2956 2958 3010 3012 
69 86 87 88 151 193 194 316 317 464 473 494 584 641 732 1018 1158 1159 1442 1443 1444 1445 1446 1647 1648 1850 1851 2117 2259 2260 2475 2476 2645 2646 2765 2767 2843 2844 2886 2887 
87 88 193 194 316 317 464 471 473 639 641 730 732 1018 1124 1158 1159 1442 1443 1444 1445 1446 1647 1648 1850 1851 2117 2259 2260 2475 2476 2645 2646 2765 2767 2843 2844 2886 2887 
66 87 88 140 193 194 304 316 317 471 473 639 730 732 1018 1124 1158 1159 1442 1443 1444 1445 1446 1647 1648 1850 1851 2117 2259 2260 2475 2476 2645 2646 2765 2767 2843 2844 2886 2887 
66 140 300 304 447 448 449 450 451 464 470 471 472 473 474 625 627 639 642 717 718 719 720 721 730 731 732 733 878 1202 1203 1204 1205 1206 1207 1208 1209 1210 1525 1527 1528 1530 1615 1617 1684 1685 1686 1688 1732 1734 1903 1904 1905 2003 2004 2182 2189 2323 2324 2433 2434 2511 2516 2517 2571 2628 2629 2725 2726 2815 2911 2945 2980 3021 3095 
66 69 86 89 90 91 140 151 190 192 300 304 313 448 464 474 494 584 642 718 733 1015 1016 1155 1157 1436 1437 1440 1446 1644 1646 1847 1849 2108 2109 2110 2111 2371 2706 2778 2883 2958 3012 
66 69 86 87 140 151 194 304 317 472 494 584 731 1159 1444 1445 1446 1648 1851 2260 2456 2476 2646 2767 2844 2887 
53 61 62 75 76 77 138 146 147 148 149 165 184 185 186 265 279 296 297 326 327 437 479 480 565 566 575 576 687 710 711 786 831 832 833 942 943 1004 1006 1009 1282 1320 1321 1394 1426 1427 1428 1843 1946 1949 1950 1952 2055 2057 2971 2972 2984 3025 3026 3027 3042 3073 3082 3084 3085 3088 3119 3122 3123 3169 3170 3171 
76 88 89 91 92 93 138 140 185 188 189 190 192 277 278 297 300 304 311 313 315 448 449 450 464 564 565 625 641 642 711 718 719 720 732 733 832 1006 1014 1017 1153 1154 1155 1157 1427 1432 1435 1436 1437 1440 1643 1644 1845 1846 1847 1849 1950 2055 2105 2258 2290 2419 2454 2479 2603 2604 2644 2703 2758 2762 2763 2842 2881 2883 2885 2893 2956 2958 3010 3012 3026 3084 3085 3123 3170 
53 61 62 76 88 89 138 140 146 147 148 149 165 185 192 265 277 278 297 304 315 326 327 464 479 480 564 565 575 576 641 642 687 711 732 733 786 832 942 943 1006 1017 1157 1282 1394 1427 1440 1849 1950 1952 2055 2057 2258 2454 2644 2762 2763 2842 2885 3026 3027 3084 3085 3088 3123 3170 3171 
47 48 53 75 76 77 78 80 133 179 181 182 184 185 250 277 278 279 291 297 419 422 436 438 552 555 564 565 566 706 707 708 709 710 711 826 828 829 831 832 994 999 1000 1004 1006 1151 1316 1317 1319 1421 1423 1424 1426 1427 1832 1833 1834 1835 1836 1837 1838 1839 1840 1947 1950 1991 1993 2023 2044 2055 2094 2366 2369 2447 2469 2596 2694 2969 2973 3017 3023 3026 3075 3079 3084 3085 3104 3120 3123 3164 3165 3166 3167 3170 3192 3193 3194 
53 61 62 75 76 105 138 140 146 147 148 149 165 185 186 265 278 297 298 326 327 358 479 480 506 565 575 576 687 711 756 786 832 833 942 943 1006 1008 1009 1072 1282 1321 1394 1427 1428 1946 1950 1952 2051 2055 2057 2381 2717 2906 2972 2984 3026 3027 3042 3043 3073 3084 3085 3088 3119 3123 3170 3171 
53 61 62 75 76 105 138 140 146 147 148 149 165 185 186 265 278 297 298 326 327 358 436 479 480 506 564 565 575 576 687 711 756 786 832 833 942 943 1006 1008 1009 1072 1282 1321 1394 1427 1428 1946 1950 1952 2051 2055 2057 2381 2717 2906 2972 2984 3026 3027 3042 3043 3073 3084 3085 3088 3119 3123 3170 3171 
75 76 91 92 93 138 140 185 188 189 190 277 278 297 300 311 313 448 449 450 564 565 625 711 718 719 720 832 1006 1014 1153 1154 1155 1427 1432 1435 1436 1437 1643 1644 1845 1846 1847 1950 2055 2105 2290 2419 2479 2603 2604 2703 2758 2881 2883 2893 2956 2958 3010 3012 3026 3084 3085 3123 3170 
53 61 62 75 76 138 146 147 148 149 165 185 265 277 278 297 326 327 479 480 564 565 575 576 687 711 786 832 942 943 1006 1282 1394 1427 1950 1952 2055 2057 3026 3027 3084 3085 3088 3123 3170 3171 
53 61 62 69 86 88 140 146 147 148 149 151 165 193 265 304 316 317 326 327 464 472 479 480 494 575 576 584 640 641 687 731 732 786 942 943 1018 1158 1159 1282 1394 1442 1443 1444 1445 1446 1647 1648 1850 1851 1952 2057 2117 2259 2260 2475 2476 2645 2646 2765 2767 2843 2844 2886 2887 3027 3088 3171 
69 75 76 86 87 138 140 151 185 194 277 278 297 304 317 472 494 564 565 584 711 731 832 1006 1159 1427 1444 1445 1446 1648 1851 1950 2055 2260 2476 2646 2767 2844 2887 3026 3084 3085 3123 3170 
69 86 88 151 193 194 316 317 464 472 473 494 584 640 641 731 732 1018 1158 1159 1442 1443 1444 1445 1446 1647 1648 1850 1851 2117 2259 2260 2475 2476 2645 2646 2765 2767 2843 2844 2886 2887 
87 88 106 193 194 316 317 464 472 641 731 732 835 1018 1019 1158 1159 1442 1443 1444 1445 1446 1604 1647 1648 1850 1851 1852 1853 2024 2095 2117 2259 2260 2475 2476 2548 2645 2646 2696 2756 2765 2767 2838 2843 2844 2886 2887 
70 87 88 106 193 194 316 317 464 472 641 731 732 835 1018 1019 1124 1158 1159 1442 1443 1444 1445 1446 1604 1647 1648 1850 1851 1852 1853 2024 2095 2117 2259 2260 2475 2476 2548 2645 2646 2696 2756 2765 2767 2838 2843 2844 2886 2887 
70 87 88 106 193 194 316 317 464 471 472 641 730 731 732 835 1018 1019 1124 1158 1159 1442 1443 1444 1445 1446 1604 1647 1648 1850 1851 1852 1853 2024 2095 2117 2259 2260 2475 2476 2548 2645 2646 2696 2756 2765 2767 2838 2843 2844 2886 2887 
70 87 88 106 193 194 316 317 464 472 639 641 730 731 732 835 1018 1019 1124 1158 1159 1442 1443 1444 1445 1446 1604 1647 1648 1850 1851 1852 1853 2024 2095 2117 2259 2260 2475 2476 2548 2645 2646 2696 2756 2765 2767 2838 2843 2844 2886 2887 
53 61 62 102 104 105 140 146 147 148 149 165 205 206 208 265 326 327 339 358 479 480 496 503 504 505 506 575 576 645 646 647 648 687 753 754 755 756 786 942 943 1073 1074 1075 1183 1184 1186 1282 1394 1498 1499 1500 1504 1670 1671 1673 1888 1889 1891 1952 2057 2166 2315 2317 2427 2429 2500 2502 2616 2617 2620 2621 2718 2720 2753 2754 3027 3088 3171 3196 3197 3210 3245 3248 3276 3277 3279 
53 61 62 103 104 140 146 147 148 149 165 206 207 265 326 327 339 358 479 480 496 503 504 575 576 645 646 647 687 753 754 755 786 942 943 1075 1184 1185 1282 1394 1499 1500 1502 1610 1671 1672 1889 1890 1897 1952 2057 2061 2167 2317 2320 2429 2502 2506 2621 2695 2754 3027 3088 3171 3197 3199 3210 3247 3277 3278 3279 
53 61 62 100 101 102 103 104 140 146 147 148 149 165 206 207 208 209 265 302 326 327 339 341 358 463 479 480 496 504 575 576 644 646 647 687 729 752 754 755 786 942 943 1076 1077 1184 1185 1186 1187 1282 1394 1499 1500 1502 1503 1504 1506 1671 1672 1673 1674 1889 1890 1891 1892 1952 2057 2061 2167 2170 2317 2382 2429 2502 2621 2754 3027 3088 3132 3171 3197 3199 3210 3248 3277 3279 
53 61 62 100 101 102 103 104 140 146 147 148 149 165 206 207 208 209 265 302 326 327 339 341 358 463 479 480 496 503 504 575 576 644 646 647 687 729 752 753 754 755 786 942 943 1076 1077 1184 1185 1186 1187 1282 1394 1499 1500 1502 1503 1504 1506 1671 1672 1673 1674 1889 1890 1891 1892 1952 2057 2061 2167 2170 2317 2382 2429 2502 2621 2754 3027 3088 3132 3171 3197 3199 3210 3248 3277 3279 
53 61 62 102 104 140 146 147 148 149 165 206 208 265 326 327 339 358 479 480 496 503 575 576 645 647 687 753 755 786 942 943 1184 1186 1192 1282 1394 1499 1500 1504 1671 1673 1889 1891 1952 2057 2167 2317 2319 2429 2502 2504 2621 2624 2722 2754 2755 3027 3088 3171 3197 3198 3210 3248 3277 3278 3279 
53 61 62 100 101 102 103 104 140 146 147 148 149 165 206 207 208 209 265 302 326 327 339 341 358 463 479 480 496 504 575 576 644 645 646 647 687 729 752 753 754 755 786 942 943 1076 1077 1184 1185 1186 1187 1282 1394 1499 1500 1502 1503 1504 1506 1671 1672 1673 1674 1889 1890 1891 1892 1952 2057 2061 2167 2170 2317 2382 2429 2502 2621 2754 3027 3088 3132 3171 3197 3199 3210 3248 3277 3279 
53 61 62 102 103 105 140 146 147 148 149 165 205 207 208 265 326 327 358 479 480 503 504 506 575 576 645 646 648 687 753 754 756 786 942 943 1183 1185 1186 1282 1394 1498 1502 1504 1670 1672 1673 1888 1890 1891 1952 2057 2163 2167 2315 2317 2427 2429 2500 2502 2616 2617 2621 2718 2753 2754 3027 3088 3171 3196 3197 3210 3245 3248 3276 3277 3279 
75 102 103 104 105 138 140 186 206 207 208 277 298 302 339 453 459 460 461 462 463 496 502 503 504 506 564 633 634 644 645 646 647 726 727 728 729 752 753 754 755 756 833 877 1008 1009 1072 1184 1185 1186 1193 1194 1195 1196 1197 1198 1199 1200 1201 1321 1428 1499 1500 1502 1504 1520 1521 1522 1523 1614 1671 1672 1673 1679 1680 1681 1682 1728 1729 1731 1889 1890 1891 1900 1901 1902 1946 2001 2002 2051 2167 2180 2181 2187 2317 2322 2381 2429 2432 2502 2515 2570 2621 2717 2724 2727 2754 2814 2906 2908 2909 2944 2979 2984 3021 3043 3095 3119 3197 3210 3248 3277 3279 
53 61 62 66 146 147 148 149 165 265 326 327 479 480 575 576 687 786 942 943 1282 1394 1952 2057 3027 3088 3171 
53 66 133 134 138 244 270 276 277 278 279 419 420 421 422 423 435 436 437 438 439 552 553 554 555 556 564 565 566 567 606 805 806 807 808 809 810 811 812 813 969 972 973 1141 1142 1143 1144 1299 1300 1301 1302 1303 1372 1373 1374 1375 1406 1407 1408 1600 1601 1790 2033 2034 2078 2079 2273 2355 2356 2461 2462 2653 2774 2847 2890 3021 3095 
91 92 93 102 103 104 188 189 190 206 207 208 300 311 313 339 358 448 449 450 496 503 504 625 645 646 647 718 719 720 753 754 755 1014 1153 1154 1155 1184 1185 1186 1432 1435 1436 1437 1499 1500 1502 1504 1643 1644 1671 1672 1673 1845 1846 1847 1889 1890 1891 2105 2167 2290 2317 2419 2429 2479 2502 2603 2604 2621 2703 2754 2758 2881 2883 2893 2956 2958 3010 3012 3197 3210 3248 3277 3279 
47 61 62 66 76 77 78 133 138 146 147 148 149 165 182 185 265 277 278 326 327 436 437 479 480 552 564 565 575 576 687 708 709 710 711 786 829 832 942 943 1000 1006 1282 1317 1320 1394 1424 1427 1838 1839 1840 1947 1952 2057 2969 3023 3027 3079 3088 3120 3167 3171 
58 59 161 328 476 477 572 573 678 781 938 940 941 1276 1281 1393 1749 1752 2015 2349 2350 2446 2879 2959 3013 3071 3072 3118 3162 
66 76 138 175 278 437 565 820 940 941 986 1276 1310 1417 1801 2066 2085 2349 2350 2446 2692 2848 2849 2850 2879 2891 2959 3013 3071 3072 3118 3162 
53 61 62 102 103 104 140 146 147 148 149 165 206 207 208 265 326 327 339 358 479 480 496 503 504 575 576 645 646 647 687 753 754 755 786 942 943 1184 1185 1186 1282 1394 1499 1500 1502 1504 1671 1672 1673 1889 1890 1891 1952 2057 2167 2317 2429 2502 2621 2754 3027 3088 3171 3197 3210 3248 3277 3279 
69 86 87 88 151 193 194 316 317 464 472 494 584 641 731 732 1018 1158 1159 1442 1443 1444 1445 1446 1647 1648 1850 1851 2117 2259 2260 2475 2476 2645 2646 2765 2767 2843 2844 2886 2887 
87 88 193 194 316 317 464 471 472 639 641 730 731 732 1018 1124 1158 1159 1442 1443 1444 1445 1446 1647 1648 1850 1851 2117 2259 2260 2475 2476 2645 2646 2765 2767 2843 2844 2886 2887 
54 118 203 232 335 401 402 483 577 748 2156 2589 2691 2831 2832 2877 2878 
52 62 67 86 106 129 130 236 354 411 471 494 546 583 584 639 730 743 835 1071 1124 1350 1388 1604 1852 2024 2028 2095 2380 2498 2548 2696 2756 2838 2877 3041 3067 3116 
50 68 71 116 162 163 164 230 262 263 264 396 397 398 399 427 428 558 691 953 1275 2067 2348 2445 2688 2826 2827 2828 2876 3070 3103 3179 3190 3209 3239 
53 62 148 327 332 480 576 675 940 941 1276 2015 2349 2446 2879 3072 3118 3162 
50 71 136 692 953 1275 3070 3101 3161 3190 
10 113 3129 3177 
46 119 223 
3236 3237 
224 233 
121 124 
1 
9 
12 
18 
19 
27 
31 
34 
36 
39 
42 
120 
51 121 
3 119 223 
44 126 224 
69 86 106 151 471 494 584 639 730 835 1124 1604 1852 2024 2095 2548 2696 2756 2838 
54 118 227 920 2498 2877 
50 71 135 681 2446 2879 
66 140 302 358 453 459 460 461 462 463 496 502 503 504 505 506 633 634 644 645 646 647 726 727 728 729 752 753 754 755 756 877 1193 1194 1195 1196 1197 1198 1199 1200 1201 1520 1521 1522 1523 1614 1679 1680 1681 1682 1728 1729 1731 1900 1901 1902 2001 2002 2180 2181 2187 2322 2432 2515 2570 2724 2727 2814 2908 2909 2944 2979 3021 3095 
20 112 3129 3177 
47 48 53 66 76 77 78 80 81 133 134 138 179 180 185 244 277 278 291 292 420 421 422 436 437 553 554 555 564 565 706 707 708 709 710 711 826 827 832 994 996 1006 1320 1421 1422 1427 1832 1833 1834 1835 1836 1837 1991 2023 2044 2366 2469 2596 2694 2973 3017 3075 3164 3192 
50 53 62 66 71 148 149 162 163 231 262 263 327 396 397 427 480 576 671 686 914 954 1287 1399 2017 3016 3102 3208 3237 
