66 67 70 86 100 104 105 106 125 140 141 142 151 301 304 357 359 362 363 374 452 454 455 456 457 458 471 494 497 498 499 500 501 508 513 518 584 586 587 588 589 590 628 629 630 631 632 653 657 658 722 723 724 725 730 760 764 765 835 855 879 880 881 882 883 884 1019 1050 1055 1056 1057 1058 1059 1124 1170 1174 1175 1223 1224 1225 1226 1227 1228 1230 1376 1377 1379 1474 1551 1555 1604 1627 1628 1657 1661 1662 1698 1699 1700 1701 1852 1874 1878 1917 1918 1919 2000 2048 2095 2148 2151 2152 2153 2154 2155 2222 2223 2225 2312 2377 2378 2495 2529 2548 2613 2696 2697 2731 2756 2812 2838 2899 2900 2940 2975 2977 3019 3020 3069 3097 3160 
66 67 70 100 102 103 140 141 152 206 208 301 339 357 358 359 362 363 452 455 456 457 458 497 503 504 505 508 513 517 586 589 590 629 630 631 632 645 653 657 722 723 724 725 753 754 755 760 764 855 1048 1050 1055 1056 1057 1058 1059 1074 1170 1174 1175 1184 1186 1474 1499 1503 1657 1661 1662 1673 1874 1878 1889 1891 2061 2148 2151 2152 2153 2154 2155 2318 2377 2378 2430 2613 2622 2721 2784 2837 2977 3020 3069 3160 3197 3199 3246 3277 3279 
66 89 90 92 93 94 97 98 99 100 101 102 103 104 140 195 196 198 205 208 214 215 216 217 218 219 220 221 222 300 302 304 319 338 358 364 365 366 441 447 449 450 451 453 460 461 462 463 474 496 502 503 504 505 506 623 627 634 635 636 637 644 645 717 719 720 721 726 727 728 729 733 752 753 754 755 756 1022 1025 1073 1090 1091 1092 1093 1094 1095 1096 1097 1161 1162 1164 1183 1186 1212 1213 1214 1215 1216 1217 1218 1219 1220 1222 1449 1450 1455 1497 1503 1532 1533 1534 1535 1536 1537 1538 1540 1542 1545 1546 1548 1620 1649 1652 1673 1689 1690 1691 1692 1693 1694 1695 1696 1697 1855 1856 1858 1888 1891 1908 1909 1910 1911 1912 1913 1914 1915 1916 2061 2121 2129 2202 2203 2204 2205 2206 2207 2208 2209 2210 2214 2215 2216 2219 2221 2316 2329 2330 2331 2332 2333 2334 2335 2336 2337 2372 2374 2386 2387 2388 2428 2436 2437 2438 2518 2578 2579 2609 2610 2618 2630 2677 2679 2681 2682 2710 2719 2751 2779 2783 2787 2819 2820 2821 2836 2875 2895 2912 2932 2934 2939 2981 3006 3007 3039 3047 3062 3064 3157 3158 3189 3196 3199 3225 3227 3245 3273 3274 3276 3279 3288 3303 3304 3305 3311 3333 3334 3344 3359 3361 3367 3378 3390 3395 3408 3417 3422 3436 3437 3438 3439 3443 3452 3460 3470 3478 3483 3488 3494 3500 3504 3507 3509 
53 66 75 76 133 138 185 186 270 277 279 280 435 436 438 439 552 553 554 555 556 564 566 567 606 711 805 806 807 808 809 810 811 812 813 832 833 968 970 1006 1008 1299 1300 1302 1303 1320 1321 1372 1373 1374 1375 1406 1407 1408 1427 1428 1600 1601 1783 1784 1789 1950 2033 2034 2078 2079 2273 2355 2356 2461 2462 2653 2774 2847 2890 2972 3021 3026 3085 3095 3123 3170 
47 48 49 53 66 75 77 78 80 81 104 105 133 138 140 169 170 171 172 173 174 175 176 177 185 186 214 277 278 279 280 358 364 436 437 438 439 505 506 552 553 554 555 556 564 565 566 567 695 696 697 698 699 700 701 702 711 755 756 814 815 816 817 818 819 820 821 822 824 832 833 974 977 979 981 983 985 987 988 990 1006 1008 1090 1148 1212 1304 1305 1306 1307 1308 1309 1310 1311 1312 1320 1321 1411 1412 1413 1414 1415 1416 1417 1418 1419 1427 1428 1532 1602 1798 1799 1800 1801 1802 1803 1804 1805 1806 1807 1808 1809 1813 1814 1815 1818 1820 1908 1950 1974 1975 1976 1977 1978 1979 1980 1981 1982 2019 2020 2021 2036 2037 2038 2080 2082 2193 2279 2280 2281 2283 2357 2385 2407 2408 2409 2411 2412 2553 2594 2657 2658 2659 2729 2775 2797 2799 2892 2922 2923 2924 2951 2968 2972 2991 2993 3026 3053 3054 3085 3112 3123 3142 3144 3170 3215 3217 3241 3258 3259 3260 3282 3294 3295 3318 3319 3338 3347 3348 3351 3365 3370 3383 3384 3398 3401 3402 3403 3404 3411 3420 3428 3447 3449 3455 3467 3485 3489 3498 3502 
47 48 49 53 66 75 77 78 80 81 102 104 133 138 140 169 170 171 172 173 174 175 176 177 185 186 205 208 277 278 279 280 338 358 436 437 438 439 503 505 506 552 553 554 555 556 564 565 566 567 645 695 696 697 698 699 700 701 702 711 753 755 756 814 815 816 817 818 819 820 821 822 824 832 833 974 977 979 981 983 985 987 988 990 1006 1008 1073 1089 1148 1183 1186 1304 1305 1306 1307 1308 1309 1310 1311 1312 1320 1321 1411 1412 1413 1414 1415 1416 1417 1418 1419 1427 1428 1497 1503 1602 1673 1798 1799 1800 1801 1802 1803 1804 1805 1806 1807 1808 1809 1813 1814 1815 1818 1820 1888 1891 1950 1974 1975 1976 1977 1978 1979 1980 1981 1982 2019 2020 2021 2036 2037 2038 2061 2080 2082 2279 2280 2281 2283 2316 2357 2385 2407 2408 2409 2411 2412 2428 2553 2594 2618 2657 2658 2659 2719 2729 2775 2783 2797 2799 2836 2892 2922 2923 2924 2951 2968 2972 2991 2993 3026 3053 3054 3085 3112 3123 3142 3144 3170 3196 3199 3215 3217 3241 3245 3258 3259 3260 3276 3279 3282 3294 3295 3318 3319 3338 3347 3348 3351 3365 3370 3383 3384 3398 3401 3402 3403 3404 3411 3420 3428 3447 3449 3455 3467 3485 3489 3498 3502 
53 60 62 66 139 146 149 165 327 390 481 482 572 573 574 575 576 591 602 603 673 687 688 689 690 786 788 791 792 793 794 795 796 797 924 925 942 946 956 961 1145 1282 1284 1289 1290 1291 1293 1394 1396 1400 1401 1402 1773 1774 1775 1779 1786 1952 2069 2074 2075 2351 2352 2457 2458 2651 2770 2845 2888 2963 3021 3027 3088 3095 3125 3171 
49 53 58 62 66 80 88 97 115 133 139 147 148 165 168 178 193 213 268 326 460 473 476 554 555 556 572 573 575 576 634 641 687 688 689 690 703 704 705 706 726 732 786 790 825 942 950 951 992 1158 1191 1282 1286 1313 1394 1398 1420 1442 1513 1647 1678 1773 1774 1775 1821 1822 1823 1824 1850 1896 1951 1952 2022 2086 2169 2359 2465 2472 2499 2699 2858 2859 2860 2905 2963 2985 3027 3045 3086 3088 3124 3125 3171 
53 58 62 146 148 165 168 572 573 574 575 576 687 688 689 690 786 790 942 951 1282 1286 1394 1398 1773 1774 1775 1951 1952 2056 2963 2985 3027 3044 3045 3086 3088 3124 3125 3171 
53 62 115 139 146 148 165 390 572 573 574 575 576 687 688 689 690 786 788 942 946 1282 1284 1394 1396 1773 1774 1775 1952 2963 3027 3088 3125 3171 
49 50 53 58 59 60 61 68 71 80 88 116 133 135 139 146 148 155 156 157 158 159 160 161 165 176 200 225 228 255 389 390 392 394 404 424 426 473 553 554 555 557 572 573 574 575 576 601 615 616 641 670 676 677 678 679 680 683 687 688 689 690 694 695 696 697 732 777 778 779 780 781 783 784 786 788 821 923 931 933 934 937 939 942 946 988 1136 1137 1140 1166 1277 1278 1279 1280 1281 1282 1284 1311 1389 1390 1391 1392 1393 1394 1396 1418 1458 1598 1599 1654 1749 1758 1759 1760 1764 1765 1766 1773 1774 1775 1791 1792 1793 1794 1860 1952 1957 1963 1964 1965 1966 1967 2016 2018 2031 2032 2063 2085 2263 2264 2270 2272 2349 2350 2358 2396 2402 2403 2446 2464 2486 2550 2593 2649 2650 2711 2744 2768 2791 2794 2795 2848 2849 2850 2866 2868 2879 2891 2919 2938 2949 2961 2962 2963 2988 3015 3027 3032 3049 3088 3099 3100 3125 3130 3131 3139 3140 3171 3181 3182 3212 3255 3281 3290 3315 3316 3337 3350 3382 3397 3410 3426 3446 3454 3464 3465 3473 3484 3490 3496 3499 3503 
47 60 62 66 75 133 134 138 139 146 148 165 182 186 244 277 278 279 280 294 390 419 436 437 438 439 552 564 565 566 567 572 573 574 575 576 687 688 689 690 708 709 710 711 786 788 829 833 942 946 1000 1001 1008 1282 1284 1317 1321 1394 1396 1424 1428 1773 1774 1775 1838 1839 1840 1947 1952 2963 2969 3023 3027 3079 3088 3120 3125 3167 3171 
47 60 62 66 75 76 133 134 138 139 146 148 165 182 185 186 244 277 278 279 280 294 390 419 436 437 438 439 552 564 565 566 567 572 573 574 575 576 687 688 689 690 708 709 710 786 788 829 832 833 942 946 1000 1001 1006 1008 1282 1284 1317 1320 1321 1394 1396 1424 1427 1428 1773 1774 1775 1838 1839 1840 1947 1952 2963 2969 3023 3027 3079 3088 3120 3125 3167 3171 
47 60 62 66 75 76 133 134 138 139 146 148 165 182 186 244 277 279 280 294 390 419 436 438 439 552 564 566 567 572 573 574 575 576 687 688 689 690 708 709 710 711 786 788 829 833 942 946 1000 1001 1008 1282 1284 1317 1321 1394 1396 1424 1428 1773 1774 1775 1838 1839 1840 1947 1952 2963 2969 3023 3027 3079 3088 3120 3125 3167 3171 
66 91 92 93 140 188 189 190 300 311 312 441 448 450 624 718 720 1013 1014 1153 1154 1155 1160 1432 1434 1435 1436 1643 1644 1845 1846 1847 2105 2106 2290 2292 2419 2482 2603 2607 2703 2705 2758 2759 2881 2882 2883 2893 2957 2958 3010 3011 3012 
66 91 92 93 97 140 188 190 213 300 311 441 448 449 450 460 624 634 718 719 720 726 1013 1153 1155 1191 1432 1436 1513 1644 1678 1845 1847 1896 2098 2100 2252 2288 2370 2417 2448 2477 2597 2600 2707 2757 2880 2883 2894 2958 3009 3012 3018 3110 3176 3230 
66 91 93 140 188 189 190 300 311 312 441 448 449 450 624 718 719 720 1013 1014 1153 1154 1155 1160 1432 1434 1435 1436 1643 1644 1845 1846 1847 2105 2106 2290 2292 2419 2482 2603 2607 2703 2705 2758 2759 2881 2882 2883 2893 2957 2958 3010 3011 3012 
66 89 91 94 97 140 187 188 189 190 213 300 304 311 312 441 448 449 450 451 460 474 624 627 634 718 719 720 721 726 733 1012 1013 1014 1016 1152 1153 1154 1155 1160 1191 1431 1432 1434 1435 1436 1513 1641 1643 1644 1678 1844 1845 1846 1847 1896 2097 2105 2106 2108 2252 2257 2290 2292 2370 2371 2419 2448 2453 2482 2597 2603 2607 2643 2703 2705 2707 2758 2759 2761 2778 2881 2882 2883 2884 2893 2894 2957 2958 3010 3011 3012 3018 3110 3176 3230 
66 89 92 93 94 98 140 187 188 212 300 302 304 311 449 450 451 453 461 474 627 635 719 720 721 727 733 1013 1016 1152 1153 1190 1431 1432 1512 1641 1677 1844 1845 1895 2098 2108 2252 2256 2257 2370 2371 2448 2452 2453 2597 2643 2707 2761 2778 2884 2894 3018 3108 3110 3136 3176 3206 3207 3230 3234 3252 
66 69 87 106 125 140 142 152 194 304 362 363 374 464 472 508 517 518 589 590 640 658 731 764 765 855 1050 1124 1159 1170 1444 1446 1474 1648 1657 1851 1874 2148 2260 2377 2476 2548 2612 2646 2689 2696 2697 2756 2767 2838 2844 2887 3068 3069 3117 3160 
66 89 92 93 97 140 188 213 300 304 311 449 450 460 474 634 719 720 726 733 1013 1016 1153 1191 1432 1513 1678 1845 1896 2098 2100 2108 2252 2257 2288 2370 2371 2417 2448 2453 2477 2597 2600 2643 2707 2757 2761 2778 2880 2884 2894 3009 3018 3110 3176 3230 
66 89 92 94 97 140 187 213 300 304 449 451 460 474 627 634 719 721 726 733 1013 1016 1152 1191 1431 1513 1641 1678 1844 1896 2098 2108 2252 2257 2290 2370 2371 2419 2448 2453 2479 2597 2604 2643 2707 2758 2761 2778 2881 2884 2894 3010 3018 3110 3176 3230 
66 86 87 104 105 106 125 140 142 151 152 194 304 362 363 374 464 472 494 508 518 584 589 590 640 657 658 731 764 765 855 1050 1124 1159 1170 1444 1446 1474 1648 1657 1851 1874 2148 2260 2377 2476 2548 2612 2646 2689 2696 2697 2756 2767 2838 2844 2887 3068 3069 3117 3160 
66 69 86 87 89 91 92 106 125 140 151 189 190 194 300 312 313 449 472 494 584 640 642 719 731 733 1014 1016 1154 1155 1159 1160 1434 1435 1436 1444 1446 1605 1643 1648 1846 1847 1851 2062 2108 2257 2260 2292 2293 2371 2453 2476 2482 2483 2548 2607 2608 2643 2646 2696 2697 2698 2705 2756 2759 2761 2767 2778 2838 2844 2882 2883 2884 2887 2893 2957 2958 3011 3012 
66 69 86 87 89 90 91 92 106 125 140 151 189 191 194 300 312 314 448 449 472 494 584 623 624 640 642 717 718 719 731 733 1014 1016 1154 1156 1159 1160 1434 1435 1438 1439 1444 1446 1605 1643 1645 1648 1846 1848 1851 2257 2260 2292 2293 2453 2476 2482 2483 2548 2607 2608 2643 2646 2696 2697 2698 2705 2756 2759 2761 2767 2838 2844 2882 2884 2887 2957 3011 
66 92 140 189 190 300 312 441 448 449 624 718 719 1014 1154 1155 1160 1434 1435 1437 1605 1643 1644 1846 1847 2062 2292 2293 2482 2483 2607 2608 2698 2705 2759 2882 2883 2893 2957 2958 3011 3012 
66 89 90 91 92 140 189 191 304 312 314 441 448 449 474 623 624 717 718 719 733 1016 1154 1156 1160 1434 1435 1438 1439 1643 1645 1846 1848 2108 2257 2292 2371 2453 2482 2607 2643 2705 2759 2761 2778 2882 2884 2893 2957 3011 
66 89 91 92 140 189 190 300 304 312 313 449 474 719 733 1014 1016 1154 1155 1160 1434 1435 1436 1605 1643 1846 1847 2062 2108 2257 2292 2293 2371 2453 2482 2483 2607 2608 2643 2698 2705 2759 2761 2778 2882 2883 2884 2893 2957 2958 3011 3012 
66 89 92 140 189 190 300 304 312 441 448 449 474 624 718 719 733 1014 1016 1154 1155 1160 1434 1435 1437 1605 1643 1644 1846 1847 1854 2062 2108 2257 2292 2293 2371 2453 2482 2483 2607 2643 2705 2759 2761 2778 2882 2883 2884 2893 2957 2958 3011 3012 
66 89 91 92 94 97 140 187 189 190 213 300 304 312 441 448 451 460 474 624 627 634 718 721 726 733 1013 1014 1016 1152 1154 1155 1160 1191 1431 1434 1435 1436 1513 1641 1643 1644 1678 1844 1846 1847 1896 2097 2100 2101 2102 2108 2252 2257 2288 2292 2370 2371 2417 2448 2453 2482 2597 2599 2607 2643 2701 2705 2707 2757 2759 2761 2778 2880 2882 2883 2884 2893 2894 2957 2958 3009 3011 3012 3018 3110 3176 3230 
66 75 102 103 104 105 140 186 206 207 208 277 358 436 503 504 564 645 753 754 833 1008 1072 1073 1074 1075 1184 1185 1186 1321 1428 1500 1502 1503 1610 1671 1672 1673 1889 1890 1891 1897 1946 2061 2157 2158 2159 2160 2316 2318 2320 2381 2428 2430 2499 2506 2615 2618 2622 2695 2717 2719 2721 2783 2784 2836 2837 2861 2862 2906 2984 3043 3073 3119 3196 3197 3199 3210 3245 3246 3247 3276 3277 3278 3279 
69 70 142 152 362 363 374 508 517 518 589 590 658 764 765 855 1050 1170 1474 1657 1874 2148 2377 2612 2689 3068 3069 3117 3160 
66 89 92 93 140 188 189 190 300 304 311 312 441 448 450 474 624 718 720 733 1013 1014 1016 1153 1154 1155 1160 1432 1434 1435 1437 1643 1644 1845 1846 1847 2062 2105 2106 2108 2257 2290 2292 2371 2419 2453 2482 2603 2607 2643 2703 2705 2758 2759 2761 2778 2881 2882 2883 2884 2893 2957 2958 3010 3011 3012 
66 91 92 93 94 97 140 187 188 189 213 300 311 312 449 450 451 460 627 634 719 720 721 726 1013 1014 1152 1153 1154 1191 1431 1432 1434 1435 1513 1605 1641 1643 1678 1844 1845 1846 1896 2098 2252 2293 2370 2448 2483 2597 2608 2698 2707 2882 2894 2957 3011 3018 3110 3176 3230 
99 100 101 102 103 104 105 205 206 207 208 209 210 338 342 463 503 504 506 637 644 645 646 729 752 753 754 756 1073 1074 1075 1077 1078 1183 1184 1185 1186 1187 1188 1497 1500 1502 1503 1505 1507 1610 1671 1672 1673 1675 1888 1889 1890 1891 1892 1893 1897 2061 2174 2175 2176 2253 2316 2318 2320 2428 2430 2506 2618 2622 2695 2719 2721 2783 2784 2836 2837 3105 3133 3196 3197 3199 3200 3210 3231 3245 3246 3247 3249 3276 3277 3278 3279 
87 88 89 91 92 99 100 101 189 192 193 209 210 300 312 342 358 441 448 449 463 473 496 624 637 641 644 718 719 729 732 752 1016 1017 1018 1077 1078 1154 1157 1158 1160 1187 1188 1434 1435 1441 1442 1505 1507 1643 1646 1647 1675 1846 1849 1850 1892 1893 2108 2115 2116 2174 2175 2176 2253 2257 2258 2292 2371 2453 2474 2482 2607 2643 2644 2705 2759 2761 2762 2778 2842 2882 2884 2885 2893 2957 3011 3105 3133 3200 3231 3249 
87 88 89 90 91 92 106 125 189 191 192 193 312 314 441 448 449 473 623 624 641 717 718 719 732 1016 1017 1018 1154 1156 1157 1158 1160 1434 1435 1438 1439 1441 1442 1643 1645 1646 1647 1846 1848 1849 1850 2108 2115 2116 2257 2258 2292 2371 2453 2474 2482 2548 2607 2643 2644 2696 2697 2705 2756 2759 2761 2762 2778 2838 2842 2882 2884 2885 2893 2957 3011 
99 100 101 102 103 104 105 205 206 207 208 209 210 338 342 463 496 503 506 637 644 645 729 752 753 756 1073 1074 1075 1077 1078 1183 1184 1185 1186 1187 1188 1497 1500 1502 1503 1505 1507 1610 1671 1672 1673 1675 1888 1889 1890 1891 1892 1893 1897 2061 2174 2175 2176 2253 2316 2318 2320 2428 2430 2506 2618 2622 2695 2719 2721 2783 2784 2836 2837 3105 3133 3196 3197 3199 3200 3210 3231 3245 3246 3247 3249 3276 3277 3278 3279 
102 103 104 105 205 206 207 208 338 496 503 506 645 648 753 756 1073 1074 1075 1183 1184 1185 1186 1497 1500 1502 1503 1610 1671 1672 1673 1888 1889 1890 1891 1897 2061 2316 2318 2320 2428 2430 2506 2618 2622 2695 2719 2721 2783 2784 2836 2837 3196 3197 3199 3210 3245 3246 3247 3276 3277 3278 3279 
89 91 92 93 97 98 188 189 190 212 213 300 302 304 311 312 345 441 448 450 453 460 474 624 634 635 718 720 726 727 733 1013 1014 1016 1080 1153 1154 1155 1160 1190 1191 1432 1434 1435 1436 1511 1512 1513 1643 1644 1677 1678 1845 1846 1847 1895 1896 2105 2106 2108 2256 2257 2290 2292 2371 2419 2453 2482 2603 2607 2643 2703 2705 2758 2759 2761 2778 2881 2882 2884 2893 2957 3010 3011 3108 3136 3207 3234 3252 
89 91 93 97 98 188 189 190 212 213 300 302 304 311 312 345 441 448 449 450 453 460 474 624 634 635 718 719 720 726 727 733 1013 1014 1016 1080 1153 1154 1155 1160 1190 1191 1432 1434 1435 1436 1511 1512 1513 1643 1644 1677 1678 1845 1846 1847 1895 1896 2105 2106 2108 2256 2257 2290 2292 2371 2419 2453 2482 2603 2607 2643 2703 2705 2758 2759 2761 2778 2881 2882 2884 2893 2957 3010 3011 3108 3136 3207 3234 3252 
75 76 97 98 138 140 185 212 213 278 302 345 437 453 460 565 634 635 711 726 727 832 1006 1080 1190 1191 1320 1427 1511 1512 1513 1677 1678 1895 1896 1946 1950 2051 2256 2972 2984 3026 3042 3043 3073 3085 3108 3119 3123 3136 3170 3207 3234 3252 
76 97 98 138 140 185 212 213 277 278 302 345 436 437 453 460 564 565 634 635 711 726 727 832 1006 1080 1190 1191 1320 1427 1511 1512 1513 1677 1678 1895 1896 1946 1950 2051 2256 2972 2984 3026 3042 3043 3073 3085 3108 3119 3123 3136 3170 3207 3234 3252 
47 53 76 78 133 182 185 277 278 280 436 437 552 564 565 567 708 711 829 832 1001 1006 1317 1320 1424 1427 1946 1947 1950 2051 2052 2972 2984 3023 3026 3042 3043 3073 3078 3079 3085 3119 3120 3123 3167 3170 
66 75 76 138 185 278 437 565 711 832 1006 1320 1427 1946 1950 2051 2972 2984 3026 3042 3043 3073 3085 3119 3123 3170 
66 76 138 185 277 278 436 437 564 565 711 832 1006 1320 1427 1946 1950 2051 2972 2984 3026 3042 3043 3073 3085 3119 3123 3170 
75 97 98 102 103 105 186 205 207 208 212 213 277 302 338 345 358 436 453 460 503 506 564 634 635 645 726 727 753 756 833 1008 1072 1074 1075 1080 1183 1185 1186 1190 1191 1321 1428 1497 1502 1503 1511 1512 1513 1610 1672 1673 1677 1678 1888 1890 1891 1895 1896 1897 1946 2061 2157 2158 2159 2160 2256 2316 2318 2320 2381 2428 2430 2499 2506 2615 2618 2622 2695 2717 2719 2721 2783 2784 2836 2837 2861 2862 2906 2984 3043 3073 3108 3119 3136 3196 3197 3199 3207 3210 3234 3245 3246 3247 3252 3276 3277 3278 3279 
87 88 89 90 92 93 94 97 98 106 125 187 188 191 192 193 212 213 302 304 311 314 345 441 449 450 451 453 460 473 474 623 627 634 635 641 717 719 720 721 726 727 732 733 1013 1016 1017 1018 1080 1152 1153 1156 1157 1158 1190 1191 1431 1432 1438 1439 1441 1442 1511 1512 1513 1641 1645 1646 1647 1677 1678 1844 1845 1848 1849 1850 1895 1896 2098 2108 2115 2116 2252 2256 2257 2258 2370 2371 2448 2453 2474 2548 2597 2643 2644 2696 2697 2707 2756 2761 2762 2778 2838 2842 2884 2885 2894 3018 3108 3110 3136 3176 3207 3230 3234 3252 
66 102 103 105 140 205 206 208 338 339 358 503 504 505 506 645 753 754 755 756 1073 1074 1183 1184 1186 1497 1499 1503 1673 1888 1889 1891 2061 2316 2318 2428 2430 2618 2622 2719 2721 2783 2784 2836 2837 3196 3197 3199 3245 3246 3276 3277 3279 
87 88 89 90 102 103 104 105 106 125 191 192 193 205 206 207 208 300 314 338 358 441 473 503 506 623 641 645 717 732 753 756 1016 1017 1018 1073 1074 1075 1156 1157 1158 1183 1184 1185 1186 1438 1439 1441 1442 1497 1500 1502 1503 1610 1645 1646 1647 1671 1672 1673 1848 1849 1850 1888 1889 1890 1891 1897 2061 2115 2116 2257 2258 2316 2318 2320 2428 2430 2453 2474 2506 2548 2618 2622 2643 2644 2695 2696 2697 2719 2721 2756 2761 2762 2783 2784 2836 2837 2838 2842 2884 2885 3196 3197 3199 3210 3245 3246 3247 3276 3277 3278 3279 
69 86 87 89 90 91 92 106 125 151 189 191 194 312 314 441 448 449 472 494 584 623 624 640 642 717 718 719 731 733 1016 1154 1156 1159 1160 1434 1435 1438 1439 1444 1446 1643 1645 1648 1846 1848 1851 2108 2257 2260 2292 2371 2453 2476 2482 2548 2607 2643 2646 2696 2697 2705 2756 2759 2761 2767 2778 2838 2844 2882 2884 2887 2893 2957 3011 
69 86 87 97 98 106 125 151 194 212 213 302 304 345 453 460 464 472 494 584 634 635 640 726 727 731 1080 1159 1190 1191 1444 1446 1511 1512 1513 1648 1677 1678 1851 1895 1896 2256 2260 2476 2548 2646 2696 2697 2756 2767 2838 2844 2887 3108 3136 3207 3234 3252 
67 70 100 104 141 152 301 357 359 362 363 452 455 456 457 458 497 508 513 517 586 589 590 629 630 631 632 653 657 722 723 724 725 760 764 855 1048 1050 1055 1056 1057 1058 1059 1170 1174 1175 1474 1657 1661 1662 1874 1878 2148 2151 2152 2153 2154 2155 2377 2378 2613 2977 3020 3069 3160 
66 91 93 94 97 140 187 188 190 213 300 311 441 448 450 451 460 624 627 634 718 720 721 726 1014 1152 1153 1155 1191 1431 1432 1436 1513 1641 1644 1678 1844 1845 1847 1896 2098 2105 2106 2252 2290 2370 2419 2448 2597 2603 2703 2707 2758 2881 2883 2894 2958 3010 3012 3018 3110 3176 3230 
66 67 70 86 100 102 104 106 125 140 141 142 151 152 205 208 301 304 338 357 358 359 363 374 452 455 456 457 458 471 494 497 503 505 506 508 513 584 586 590 629 630 631 632 645 653 658 722 723 724 725 730 753 755 756 760 765 835 1019 1048 1055 1056 1057 1058 1059 1073 1124 1174 1175 1183 1186 1497 1503 1604 1661 1662 1673 1852 1878 1888 1891 2061 2095 2151 2152 2153 2154 2155 2316 2377 2378 2428 2548 2613 2618 2696 2697 2719 2756 2783 2836 2838 2977 3020 3069 3160 3196 3199 3245 3276 3279 
66 87 88 89 92 93 94 97 106 125 140 187 188 192 193 213 300 311 449 450 451 460 473 627 634 641 719 720 721 726 732 1013 1016 1017 1018 1152 1153 1157 1158 1191 1431 1432 1441 1442 1513 1641 1646 1647 1678 1844 1845 1849 1850 1896 2098 2108 2115 2116 2252 2257 2258 2370 2371 2448 2453 2474 2548 2597 2643 2644 2696 2697 2707 2756 2761 2762 2778 2838 2842 2884 2885 2894 3018 3110 3176 3230 
66 89 90 91 92 140 189 191 300 304 312 314 448 449 474 623 624 717 718 719 733 1016 1154 1156 1160 1434 1435 1438 1439 1643 1645 1846 1848 2108 2257 2292 2371 2453 2482 2607 2643 2705 2759 2761 2778 2882 2884 2893 2957 3011 
67 70 86 97 98 100 104 106 125 141 142 151 152 212 213 301 302 304 345 357 359 362 363 374 452 453 455 456 457 458 460 471 494 497 508 513 584 586 589 590 629 630 631 632 634 635 653 657 722 723 724 725 726 727 730 760 764 835 855 1019 1048 1050 1055 1056 1057 1058 1059 1080 1124 1170 1174 1175 1190 1191 1474 1511 1512 1513 1604 1657 1661 1662 1677 1678 1852 1874 1878 1895 1896 2095 2148 2151 2152 2153 2154 2155 2256 2377 2378 2548 2613 2696 2697 2756 2838 2977 3020 3069 3108 3136 3160 3207 3234 3252 
69 70 105 142 152 362 363 374 517 518 589 590 658 764 765 855 1050 1170 1474 1657 1874 2148 2377 2612 2689 3068 3069 3117 3160 
99 100 101 102 104 105 205 208 209 210 338 342 463 496 503 505 506 637 644 645 729 752 753 755 756 1073 1077 1078 1183 1186 1187 1188 1497 1503 1505 1507 1673 1675 1888 1891 1892 1893 2061 2174 2175 2176 2253 2316 2428 2618 2719 2783 2836 3105 3133 3196 3199 3200 3231 3245 3249 3276 3279 
66 69 86 87 106 125 140 151 194 304 464 472 494 584 640 731 1159 1444 1446 1648 1851 2260 2476 2548 2646 2696 2697 2756 2767 2838 2844 2887 
66 67 70 86 100 104 105 106 125 140 141 142 151 152 301 304 357 359 362 363 374 452 455 456 457 458 471 494 497 508 513 518 584 586 589 590 629 630 631 632 653 657 658 722 723 724 725 730 760 764 765 835 855 1019 1050 1055 1056 1057 1058 1059 1124 1170 1174 1175 1474 1604 1657 1661 1662 1852 1874 1878 2095 2148 2151 2152 2153 2154 2155 2377 2378 2548 2613 2696 2697 2756 2838 2977 3020 3069 3160 
87 88 89 91 92 99 100 101 106 125 189 192 193 209 210 300 312 342 358 441 448 449 463 473 496 624 637 641 644 718 719 729 732 752 1016 1017 1018 1077 1078 1154 1157 1158 1160 1187 1188 1434 1435 1441 1442 1505 1507 1643 1646 1647 1675 1846 1849 1850 1892 1893 2108 2115 2116 2174 2175 2176 2253 2257 2258 2292 2371 2453 2474 2482 2548 2607 2643 2644 2696 2697 2705 2756 2759 2761 2762 2778 2838 2842 2882 2884 2885 2893 2957 3011 3105 3133 3200 3231 3249 
87 88 89 91 92 97 99 100 101 106 125 189 192 193 209 210 300 312 342 358 441 448 449 463 473 496 624 637 641 644 718 719 729 732 752 1016 1017 1018 1077 1078 1080 1154 1157 1158 1160 1187 1188 1434 1435 1441 1442 1505 1507 1643 1646 1647 1675 1846 1849 1850 1892 1893 2108 2115 2116 2174 2175 2176 2253 2257 2258 2292 2371 2453 2474 2482 2548 2607 2643 2644 2696 2697 2705 2756 2759 2761 2762 2778 2838 2842 2882 2884 2885 2893 2957 3011 3105 3133 3200 3231 3249 
87 88 89 91 92 99 100 101 106 125 189 192 193 209 210 300 312 342 358 441 448 449 460 463 473 496 624 634 637 641 644 718 719 726 729 732 752 1016 1017 1018 1077 1078 1080 1154 1157 1158 1160 1187 1188 1434 1435 1441 1442 1505 1507 1643 1646 1647 1675 1846 1849 1850 1892 1893 2108 2115 2116 2174 2175 2176 2253 2257 2258 2292 2371 2453 2474 2482 2548 2607 2643 2644 2696 2697 2705 2756 2759 2761 2762 2778 2838 2842 2882 2884 2885 2893 2957 3011 3105 3133 3200 3231 3249 
97 98 102 104 105 205 208 212 213 302 338 345 358 453 460 503 505 506 634 635 645 726 727 753 755 756 1073 1080 1183 1186 1190 1191 1497 1503 1511 1512 1513 1673 1677 1678 1888 1891 1895 1896 2061 2256 2316 2428 2618 2719 2783 2836 3108 3136 3196 3199 3207 3234 3245 3252 3276 3279 
91 92 97 98 189 190 212 213 300 302 312 345 441 448 449 453 460 624 634 635 718 719 726 727 1080 1154 1155 1160 1190 1191 1434 1435 1436 1511 1512 1513 1643 1644 1677 1678 1846 1847 1895 1896 2256 2292 2482 2607 2705 2759 2882 2883 2893 2957 2958 3011 3012 3108 3136 3207 3234 3252 
89 92 93 94 97 98 187 188 212 213 300 302 304 311 345 449 450 451 453 460 474 627 634 635 719 720 721 726 727 733 1013 1016 1080 1152 1153 1190 1191 1431 1432 1511 1512 1513 1641 1677 1678 1844 1845 1895 1896 2098 2108 2252 2256 2257 2370 2371 2448 2453 2597 2643 2707 2761 2778 2884 2894 3018 3108 3110 3136 3176 3207 3230 3234 3252 
69 70 86 106 125 151 464 471 494 584 639 730 835 1019 1124 1604 1852 2095 2548 2696 2697 2756 2838 
66 89 90 92 93 94 97 140 187 188 191 213 304 311 314 441 449 450 451 460 474 623 627 634 717 719 720 721 726 733 1013 1016 1152 1153 1156 1191 1431 1432 1438 1439 1513 1641 1645 1678 1844 1845 1848 1896 2098 2108 2252 2257 2370 2371 2448 2453 2597 2643 2707 2761 2778 2884 2894 3018 3110 3176 3230 
66 89 91 93 94 97 140 187 188 190 213 300 304 311 441 448 450 451 460 474 624 627 634 718 720 721 726 733 1014 1016 1152 1153 1155 1191 1431 1432 1436 1513 1641 1644 1678 1844 1845 1847 1896 2098 2105 2106 2108 2252 2257 2290 2370 2371 2419 2448 2453 2597 2603 2643 2703 2707 2758 2761 2778 2881 2884 2894 3010 3018 3110 3176 3230 
66 69 70 86 106 125 140 151 304 471 494 584 730 835 1019 1124 1604 1852 2095 2548 2696 2697 2756 2838 
66 104 105 140 205 338 358 505 506 755 756 1073 1183 1497 1888 2315 2316 2427 2428 2500 2616 2617 2618 2718 2719 2753 2783 2836 3196 3245 3276 
66 91 92 140 189 300 312 441 448 449 624 718 719 1014 1154 1160 1434 1435 1605 1643 1846 2292 2293 2482 2483 2607 2608 2698 2705 2759 2882 2957 3011 
89 91 92 97 98 189 212 213 300 302 304 312 345 441 448 449 453 460 474 624 634 635 718 719 726 727 733 1016 1080 1154 1160 1190 1191 1434 1435 1511 1512 1513 1643 1677 1678 1846 1895 1896 2108 2256 2257 2292 2371 2453 2482 2607 2643 2705 2759 2761 2778 2882 2884 2893 2957 3011 3108 3136 3207 3234 3252 
75 76 97 98 138 140 185 186 212 213 277 278 302 345 436 437 453 460 564 565 634 635 711 726 727 832 833 1006 1008 1080 1190 1191 1320 1321 1427 1428 1511 1512 1513 1677 1678 1895 1896 1950 2256 2972 3026 3085 3108 3123 3136 3170 3207 3234 3252 
52 62 129 354 491 546 583 860 861 1340 1341 1492 1883 2156 2588 2690 2829 2830 2877 2878 
67 76 137 273 381 432 533 561 593 849 850 1334 1335 1471 1869 2145 2588 2589 2690 2829 2830 2877 2878 
52 80 131 385 537 548 597 851 852 1336 1337 1472 1865 2145 2588 2589 2690 2829 2830 2877 2878 
52 80 131 385 537 548 549 550 551 597 734 735 736 737 851 852 1336 1337 1472 1865 1866 1867 1868 2026 2145 2146 2376 2588 2690 2829 2830 2877 2878 
75 76 77 184 185 186 277 278 279 296 436 437 564 565 566 710 711 831 832 833 1004 1005 1006 1008 1319 1320 1321 1426 1427 1428 1843 1949 1950 2971 2972 3025 3026 3083 3085 3122 3123 3169 3170 
47 53 75 76 78 133 182 185 186 277 278 280 436 437 552 564 565 567 708 711 829 832 833 1001 1006 1008 1317 1320 1321 1424 1427 1428 1947 1950 2052 2972 3023 3026 3078 3079 3085 3120 3123 3167 3170 
3236 3237 
13 
15 
17 
24 
26 
33 
35 
38 
96 
122 
52 55 62 72 80 117 118 127 129 131 145 227 336 354 385 491 537 542 543 544 545 546 548 583 597 743 744 745 746 747 749 851 852 860 861 920 1336 1337 1340 1341 1472 1492 1865 1883 1884 1885 1886 1887 2028 2145 2156 2380 2498 2588 2690 2829 2830 2877 
66 89 90 92 93 94 97 140 187 188 191 213 300 304 311 441 447 449 450 451 460 474 623 627 634 717 719 720 721 726 733 1013 1016 1152 1153 1156 1191 1431 1432 1439 1513 1641 1645 1678 1844 1845 1848 1896 2098 2108 2252 2370 2371 2448 2597 2707 2778 2894 3018 3110 3176 3230 
67 69 70 100 105 141 142 152 301 357 359 362 363 373 374 452 455 456 457 497 507 511 513 517 518 586 589 590 629 630 631 651 653 658 722 723 724 758 760 764 765 855 1050 1055 1056 1057 1058 1059 1170 1178 1179 1474 1657 1665 1666 1874 1880 2148 2151 2152 2153 2154 2155 2377 2378 2613 2977 3020 3069 3160 
53 60 62 139 146 148 165 390 572 573 574 575 576 687 688 689 690 786 788 942 946 1282 1284 1394 1396 1773 1774 1775 1952 2963 3027 3088 3125 3171 
50 53 60 62 68 71 116 139 146 148 162 163 165 226 262 396 405 427 559 572 573 575 576 672 686 687 688 689 690 786 916 942 1282 1288 1394 1768 1769 1770 1771 1772 2017 2967 3016 3101 3178 3208 3236 
66 69 70 84 86 87 88 89 90 91 92 93 94 140 151 195 196 197 198 199 200 201 202 300 304 319 320 322 441 447 448 449 450 451 464 471 472 473 474 494 584 623 624 627 640 641 717 718 719 720 721 730 731 732 733 836 1022 1025 1026 1027 1028 1124 1161 1162 1163 1164 1165 1166 1167 1168 1169 1449 1450 1452 1453 1455 1456 1457 1458 1460 1462 1463 1606 1607 1609 1649 1651 1652 1653 1654 1655 1656 1855 1856 1857 1858 1859 1860 1861 1862 1863 2118 2123 2129 2139 2140 2143 2294 2295 2296 2297 2302 2303 2304 2305 2373 2374 2375 2421 2488 2489 2492 2555 2556 2557 2561 2564 2610 2662 2666 2667 2668 2748 2780 2802 2803 2807 2871 2873 2896 2926 2928 2996 3001 3035 3037 3056 3058 3148 3151 3187 3219 3221 3264 3267 3268 3286 3297 3299 3323 3324 3328 3340 3342 3353 3355 3371 3387 3392 3400 3405 3413 3435 3441 3451 3463 3469 3476 3486 3493 3497 3505 3506 3508 3510 3511 
