66 69 70 84 87 88 89 91 92 93 94 140 144 151 191 193 195 196 197 198 199 200 201 202 300 304 318 320 322 324 441 447 448 450 464 473 584 623 624 625 626 627 640 641 642 717 718 719 720 721 731 732 733 835 836 1021 1022 1124 1156 1158 1161 1162 1163 1164 1165 1166 1167 1168 1169 1438 1443 1448 1450 1452 1453 1455 1456 1459 1460 1464 1604 1606 1607 1609 1645 1647 1650 1651 1652 1654 1656 1848 1850 1853 1855 1856 1857 1858 1859 1860 1861 1862 1864 1995 2024 2025 2095 2118 2123 2124 2125 2257 2258 2260 2294 2295 2296 2297 2302 2303 2304 2305 2373 2421 2453 2454 2456 2473 2474 2476 2486 2487 2488 2489 2490 2492 2555 2561 2563 2643 2644 2646 2662 2663 2666 2667 2668 2708 2748 2761 2763 2767 2780 2803 2807 2808 2884 2885 2887 2896 2926 2928 2997 3000 3001 3037 3056 3058 3147 3148 3151 3185 3187 3219 3221 3264 3267 3268 3284 3286 3297 3299 3323 3327 3340 3342 3353 3355 3372 3387 3388 3400 3405 3413 3435 3440 3450 3451 3463 3475 3476 3480 3486 3487 3493 3497 3506 3508 3510 3511 
53 58 61 66 146 147 166 168 266 326 328 329 330 331 390 429 476 477 478 479 572 573 574 575 688 689 690 787 788 790 944 945 946 947 950 1283 1284 1286 1395 1396 1398 1776 1777 1778 1953 1954 2964 2965 3028 3029 3090 3092 3126 3127 3172 3173 
53 58 60 62 66 139 146 147 148 149 165 166 168 265 266 326 328 329 331 332 476 477 479 480 572 573 575 576 687 688 689 690 786 787 790 942 943 944 945 950 1282 1283 1286 1394 1395 1398 1773 1774 1775 1776 1777 1952 1953 2963 2964 3027 3028 3088 3090 3125 3126 3171 3172 
53 58 61 66 115 139 146 147 166 168 266 326 328 329 331 476 477 479 572 573 575 688 689 690 787 790 944 945 950 1283 1286 1395 1398 1776 1777 1953 2964 3028 3090 3126 3172 
48 53 60 61 66 80 81 93 99 134 139 146 147 166 179 188 211 244 253 254 266 326 328 329 331 422 423 450 462 476 477 479 555 556 572 573 575 626 636 688 689 690 703 704 705 706 720 728 787 826 944 945 994 1153 1189 1283 1314 1395 1421 1432 1509 1642 1676 1776 1777 1821 1822 1823 1824 1845 1894 1953 2022 2086 2096 2169 2359 2465 2499 2699 2858 2859 2860 2905 2964 3028 3090 3126 3172 
53 58 60 61 62 66 139 147 148 149 165 166 168 265 266 326 328 329 332 476 477 480 572 573 576 687 688 689 690 786 787 790 942 943 944 945 950 1282 1283 1286 1394 1395 1398 1773 1774 1775 1776 1777 1952 1953 2963 2964 3027 3028 3088 3090 3125 3126 3171 3172 
48 53 58 59 60 61 66 80 81 93 99 134 139 146 147 166 167 181 188 211 244 251 254 266 267 331 420 423 450 462 479 553 556 575 626 636 688 689 690 703 704 705 706 720 728 787 789 828 944 945 948 949 998 1153 1189 1283 1285 1316 1395 1397 1423 1432 1509 1642 1676 1776 1777 1821 1822 1823 1824 1845 1894 1953 1955 2022 2058 2086 2096 2169 2359 2465 2499 2699 2858 2859 2860 2905 2964 2966 3028 3030 3090 3094 3126 3128 3172 3174 
48 53 58 59 60 61 66 80 81 93 99 134 139 146 166 167 168 181 188 211 244 251 254 266 267 268 326 331 420 423 450 462 476 479 553 556 572 575 626 636 688 689 690 703 704 705 706 720 728 787 789 790 828 944 945 948 949 950 998 1153 1189 1283 1285 1316 1395 1397 1398 1423 1432 1509 1642 1676 1776 1777 1821 1822 1823 1824 1845 1894 1951 1953 1955 2022 2086 2096 2169 2359 2465 2499 2699 2858 2859 2860 2905 2964 2966 2985 3028 3030 3044 3086 3090 3094 3124 3126 3128 3172 3174 
66 97 98 99 100 101 140 209 211 302 342 358 453 459 462 496 503 633 634 635 636 637 645 646 647 648 726 727 728 729 753 754 755 756 877 1077 1078 1079 1080 1087 1187 1189 1193 1194 1195 1196 1197 1198 1199 1200 1201 1505 1509 1520 1521 1523 1612 1613 1614 1676 1680 1682 1729 1730 1731 1892 1894 1900 1901 1902 2001 2002 2174 2175 2176 2186 2253 2321 2431 2514 2570 2723 2727 2814 2908 2909 2944 2979 3021 3095 3105 3133 3200 3231 3249 
66 97 98 99 140 211 213 302 344 346 358 453 459 496 502 503 633 634 635 637 644 645 646 647 648 726 727 729 752 753 754 755 756 877 1079 1080 1087 1189 1191 1193 1194 1195 1196 1197 1198 1199 1200 1201 1509 1513 1520 1521 1523 1612 1613 1614 1680 1682 1729 1730 1731 1894 1896 1900 1901 1902 2001 2002 2179 2186 2252 2255 2321 2431 2448 2514 2570 2723 2727 2814 2908 2909 2944 2979 3021 3095 3107 3110 3135 3175 3176 3195 3204 3230 3233 3251 
66 97 98 99 100 101 102 140 208 209 211 302 341 342 453 459 462 496 502 633 634 635 636 637 646 647 648 726 727 728 729 752 754 755 756 877 1076 1077 1078 1079 1080 1087 1186 1187 1189 1193 1194 1195 1196 1197 1198 1199 1200 1201 1503 1505 1509 1520 1521 1523 1612 1613 1614 1676 1680 1682 1729 1730 1731 1891 1892 1894 1900 1901 1902 2001 2002 2169 2170 2171 2172 2173 2174 2175 2176 2186 2253 2321 2382 2431 2514 2570 2723 2727 2814 2908 2909 2944 2979 3021 3095 3105 3109 3132 3133 3200 3210 3231 3248 3249 3279 
66 102 104 105 140 205 208 302 358 453 459 462 496 502 503 633 634 635 636 637 644 645 646 647 726 727 728 729 752 753 754 755 877 1073 1087 1183 1186 1193 1194 1195 1196 1197 1198 1199 1200 1201 1498 1503 1520 1521 1523 1612 1613 1614 1670 1673 1680 1682 1729 1730 1731 1888 1891 1900 1901 1902 2001 2002 2061 2186 2316 2321 2428 2431 2514 2570 2618 2719 2723 2727 2783 2814 2836 2908 2909 2944 2979 3021 3095 3196 3199 3245 3276 3279 
66 102 103 140 207 208 302 358 453 459 462 502 503 504 633 634 635 636 637 644 645 646 647 648 726 727 728 729 752 753 754 755 756 877 1075 1087 1185 1186 1193 1194 1195 1196 1197 1198 1199 1200 1201 1501 1503 1520 1521 1523 1610 1612 1613 1614 1672 1673 1680 1682 1729 1730 1731 1890 1891 1900 1901 1902 2001 2002 2061 2186 2320 2321 2431 2506 2514 2570 2625 2695 2723 2727 2814 2908 2909 2944 2979 3021 3095 3198 3199 3247 3278 3279 
75 76 77 91 92 138 140 184 185 189 190 270 278 296 300 312 437 438 441 448 565 566 624 625 711 718 719 831 832 1004 1007 1014 1154 1155 1320 1426 1427 1434 1435 1437 1605 1643 1644 1846 1847 1949 1950 2054 2062 2293 2483 2608 2698 2882 2883 2893 2957 2958 2971 2972 3011 3012 3025 3026 3082 3083 3084 3122 3123 3169 3170 
69 70 75 76 77 88 91 138 140 151 184 185 190 193 270 278 296 300 437 438 448 473 565 566 584 624 641 711 718 732 831 832 835 1004 1007 1124 1155 1158 1320 1426 1427 1437 1443 1604 1644 1647 1847 1850 1853 1949 1950 2024 2054 2062 2095 2257 2258 2260 2453 2454 2456 2472 2473 2474 2476 2643 2644 2646 2706 2761 2763 2767 2778 2883 2884 2885 2887 2893 2958 2971 2972 3012 3025 3026 3082 3083 3084 3122 3123 3169 3170 
70 75 76 77 87 90 92 138 140 184 185 189 191 270 278 296 300 312 437 438 441 447 448 473 565 566 623 624 625 641 711 717 718 719 732 831 832 1004 1007 1014 1015 1017 1018 1124 1154 1156 1320 1426 1427 1434 1435 1438 1446 1605 1643 1645 1846 1848 1949 1950 2054 2108 2109 2110 2111 2293 2371 2472 2483 2608 2698 2706 2778 2882 2957 2971 2972 3011 3025 3026 3082 3083 3084 3122 3123 3169 3170 
75 76 77 89 90 106 138 140 184 185 191 192 270 278 296 304 315 437 438 447 464 565 566 623 642 711 717 733 831 832 1004 1007 1156 1157 1320 1426 1427 1438 1440 1645 1848 1849 1949 1950 2054 2257 2259 2260 2453 2455 2456 2473 2475 2476 2548 2643 2645 2646 2697 2756 2761 2765 2767 2838 2884 2886 2887 2971 2972 3025 3026 3082 3083 3084 3122 3123 3169 3170 
70 75 76 77 87 88 91 106 138 140 184 185 190 193 270 278 296 300 437 438 448 473 565 566 624 641 711 718 732 831 832 1004 1007 1018 1124 1155 1158 1320 1426 1427 1437 1443 1446 1644 1647 1847 1850 1949 1950 2054 2062 2117 2257 2258 2259 2453 2454 2472 2473 2474 2475 2548 2643 2644 2645 2697 2706 2756 2761 2763 2764 2778 2838 2843 2883 2884 2885 2886 2893 2958 2971 2972 3012 3025 3026 3082 3083 3084 3122 3123 3169 3170 
66 91 92 140 189 190 300 312 441 448 624 625 718 719 1014 1154 1155 1434 1435 1437 1605 1643 1644 1846 1847 2062 2293 2483 2608 2698 2882 2883 2893 2957 2958 3011 3012 
93 94 97 98 99 100 101 102 188 208 209 210 211 212 213 302 341 342 358 450 459 462 496 502 626 633 636 646 647 648 720 728 752 754 755 756 877 1011 1012 1076 1077 1078 1079 1080 1087 1153 1186 1187 1188 1189 1190 1191 1193 1194 1195 1196 1197 1198 1199 1200 1201 1432 1503 1505 1507 1509 1511 1513 1520 1521 1523 1612 1613 1614 1642 1675 1676 1677 1678 1680 1682 1729 1730 1731 1845 1891 1892 1893 1894 1895 1896 1900 1901 1902 2001 2002 2096 2097 2098 2099 2169 2170 2171 2172 2173 2174 2175 2176 2177 2178 2186 2252 2253 2254 2256 2321 2370 2382 2431 2471 2514 2570 2597 2707 2723 2727 2814 2894 2908 2909 2944 2974 2979 3018 3021 3095 3105 3106 3108 3109 3110 3132 3133 3134 3136 3176 3195 3200 3203 3207 3210 3230 3231 3232 3234 3248 3249 3250 3252 3279 
53 58 60 61 76 77 97 98 99 100 101 105 138 139 146 147 166 168 184 185 209 211 266 270 278 296 326 328 329 331 342 437 438 462 476 477 479 496 502 565 566 572 573 575 636 648 688 689 690 728 752 756 787 790 831 832 944 945 950 1004 1007 1072 1077 1078 1079 1080 1187 1189 1283 1286 1320 1395 1398 1426 1427 1505 1509 1676 1776 1777 1843 1892 1894 1946 1949 1950 1953 2051 2054 2174 2175 2176 2253 2381 2717 2906 2964 2972 2984 3025 3026 3028 3042 3043 3073 3082 3083 3084 3090 3105 3119 3122 3123 3126 3133 3169 3170 3172 3200 3231 3249 
70 87 88 89 92 106 189 190 192 193 300 304 312 441 448 464 473 474 624 625 641 642 718 719 732 733 1018 1124 1154 1155 1157 1158 1160 1434 1435 1437 1440 1443 1446 1643 1644 1646 1647 1846 1847 1849 1850 2062 2117 2257 2258 2259 2260 2292 2453 2454 2455 2456 2472 2473 2474 2475 2476 2482 2548 2607 2643 2644 2645 2646 2697 2705 2706 2756 2759 2761 2763 2764 2765 2767 2778 2838 2843 2882 2883 2884 2885 2886 2887 2893 2957 2958 3011 3012 
89 91 92 106 189 190 192 300 304 312 441 448 464 474 624 625 642 718 719 733 1014 1154 1155 1157 1434 1435 1437 1440 1605 1643 1644 1646 1846 1847 1849 2062 2258 2259 2260 2293 2454 2455 2456 2474 2475 2476 2483 2548 2608 2644 2645 2646 2697 2698 2756 2763 2765 2767 2838 2882 2883 2885 2886 2887 2893 2957 2958 3011 3012 
70 87 89 90 91 92 189 190 191 312 313 441 447 448 623 625 717 718 719 1014 1015 1016 1018 1124 1154 1155 1156 1434 1435 1436 1437 1438 1446 1605 1643 1644 1645 1846 1847 1848 2108 2109 2110 2111 2293 2371 2472 2483 2608 2698 2706 2778 2882 2883 2957 2958 3011 3012 
70 89 90 91 92 189 190 191 312 313 441 447 448 473 623 625 641 717 718 719 732 1014 1015 1016 1017 1124 1154 1155 1156 1434 1435 1436 1437 1438 1446 1605 1643 1644 1645 1846 1847 1848 2108 2109 2110 2111 2293 2371 2472 2483 2608 2698 2706 2778 2882 2883 2957 2958 3011 3012 
70 89 90 92 97 98 99 100 101 189 191 209 211 300 312 342 358 441 447 448 462 473 502 623 624 625 636 641 717 718 719 728 732 752 1014 1015 1016 1017 1077 1078 1079 1080 1124 1154 1156 1187 1189 1434 1435 1438 1446 1505 1509 1605 1643 1645 1676 1846 1848 1892 1894 2108 2109 2110 2111 2174 2175 2176 2253 2293 2371 2472 2483 2608 2698 2706 2778 2882 2957 3011 3105 3133 3200 3231 3249 
87 89 90 91 92 189 190 191 312 313 441 447 448 473 623 625 641 717 718 719 732 1014 1015 1016 1017 1018 1154 1155 1156 1434 1435 1436 1437 1438 1605 1643 1644 1645 1846 1847 1848 2108 2109 2110 2111 2293 2371 2472 2483 2608 2698 2706 2778 2882 2883 2957 2958 3011 3012 
87 88 89 90 97 98 99 100 101 106 191 192 193 194 209 211 304 315 317 342 358 447 462 464 473 502 623 636 640 641 642 717 728 731 732 733 752 1077 1078 1079 1080 1156 1157 1158 1159 1187 1189 1438 1440 1443 1444 1505 1509 1645 1647 1676 1848 1849 1850 1851 1892 1894 2174 2175 2176 2253 2257 2453 2473 2548 2643 2697 2756 2761 2838 2884 3105 3133 3200 3231 3249 
70 87 89 90 91 92 97 98 99 100 101 189 190 191 209 211 300 312 313 342 358 441 447 462 502 623 625 636 717 719 728 752 1014 1015 1016 1018 1077 1078 1079 1080 1124 1154 1155 1156 1187 1189 1434 1435 1436 1437 1438 1446 1505 1509 1605 1643 1644 1645 1676 1846 1847 1848 1892 1894 2108 2109 2110 2111 2174 2175 2176 2253 2293 2371 2472 2483 2608 2698 2706 2778 2882 2883 2957 2958 3011 3012 3105 3133 3200 3231 3249 
70 87 88 89 91 106 190 192 193 300 304 448 464 473 474 624 641 642 718 732 733 1018 1124 1155 1157 1158 1437 1440 1443 1446 1644 1646 1647 1847 1849 1850 2062 2117 2257 2258 2259 2453 2454 2472 2473 2474 2475 2548 2643 2644 2645 2697 2706 2756 2761 2763 2764 2778 2838 2843 2883 2884 2885 2886 2893 2958 3012 
70 87 89 90 91 92 189 190 191 312 313 441 447 448 473 623 625 641 717 718 719 732 1014 1015 1016 1017 1018 1124 1154 1155 1156 1434 1435 1436 1437 1438 1446 1605 1643 1644 1645 1846 1847 1848 2108 2109 2110 2111 2293 2371 2472 2483 2608 2698 2706 2778 2882 2883 2957 2958 3011 3012 
70 87 89 90 92 97 98 99 100 101 189 191 209 211 300 312 342 358 441 447 448 462 473 502 623 624 625 636 641 717 718 719 728 732 752 1014 1015 1016 1017 1018 1077 1078 1079 1080 1124 1154 1156 1187 1189 1434 1435 1438 1446 1505 1509 1605 1643 1645 1676 1846 1848 1892 1894 2108 2109 2110 2111 2174 2175 2176 2253 2293 2371 2472 2483 2608 2698 2706 2778 2882 2957 3011 3105 3133 3200 3231 3249 
70 87 88 91 97 98 99 100 101 106 190 193 209 211 300 342 358 448 462 473 502 624 636 641 718 728 732 752 1018 1077 1078 1079 1080 1124 1155 1158 1187 1189 1437 1443 1446 1505 1509 1644 1647 1676 1847 1850 1892 1894 2062 2117 2174 2175 2176 2253 2257 2258 2259 2453 2454 2472 2473 2474 2475 2548 2643 2644 2645 2697 2706 2756 2761 2763 2764 2778 2838 2843 2883 2884 2885 2886 2893 2958 3012 3105 3133 3200 3231 3249 
70 87 89 90 91 106 190 191 192 300 304 313 315 447 448 464 473 623 641 642 717 718 732 733 1015 1016 1017 1018 1124 1155 1156 1157 1436 1437 1438 1440 1446 1644 1645 1847 1848 1849 2108 2109 2110 2111 2257 2259 2260 2371 2453 2455 2456 2472 2473 2475 2476 2548 2643 2645 2646 2697 2706 2756 2761 2765 2767 2778 2838 2883 2884 2886 2887 2958 3012 
53 58 60 61 89 106 139 140 146 147 166 168 192 266 304 326 328 329 331 464 474 476 477 479 572 573 575 642 688 689 690 733 787 790 944 945 950 1157 1283 1286 1395 1398 1440 1646 1776 1777 1849 1953 2258 2259 2260 2454 2455 2456 2474 2475 2476 2548 2644 2645 2646 2697 2756 2763 2765 2767 2838 2885 2886 2887 2964 3028 3090 3126 3172 
70 87 88 90 106 191 193 447 473 623 641 717 732 1018 1124 1156 1158 1438 1443 1446 1645 1647 1848 1850 2117 2257 2258 2259 2453 2454 2473 2474 2475 2548 2643 2644 2645 2697 2756 2761 2763 2764 2838 2843 2884 2885 2886 
89 90 97 98 99 100 101 106 191 192 209 211 304 315 342 358 447 462 464 502 623 636 642 717 728 733 752 1077 1078 1079 1080 1156 1157 1187 1189 1438 1440 1505 1509 1645 1676 1848 1849 1892 1894 2174 2175 2176 2253 2257 2259 2260 2453 2455 2456 2473 2475 2476 2548 2643 2645 2646 2697 2756 2761 2765 2767 2838 2884 2886 2887 3105 3133 3200 3231 3249 
70 87 89 90 92 97 98 99 100 101 106 189 191 192 209 211 300 304 312 342 358 441 447 448 462 464 473 474 502 623 624 625 636 641 642 717 718 719 728 732 733 752 1014 1015 1016 1017 1018 1077 1078 1079 1080 1124 1154 1156 1157 1187 1189 1434 1435 1438 1440 1446 1505 1509 1605 1643 1645 1646 1676 1846 1848 1849 1892 1894 2108 2109 2110 2111 2174 2175 2176 2253 2258 2259 2260 2293 2371 2454 2455 2456 2472 2474 2475 2476 2483 2548 2608 2644 2645 2646 2697 2698 2706 2756 2763 2765 2767 2778 2838 2882 2885 2886 2887 2957 3011 3105 3133 3200 3231 3249 
88 89 91 106 190 192 193 300 304 448 464 473 474 624 641 642 718 732 733 1155 1157 1158 1437 1440 1443 1644 1646 1647 1847 1849 1850 2062 2257 2258 2259 2260 2453 2454 2455 2456 2472 2473 2474 2475 2476 2548 2643 2644 2645 2646 2697 2706 2756 2761 2763 2765 2767 2778 2838 2883 2884 2885 2886 2887 2893 2958 3012 
53 66 146 147 148 149 326 327 328 329 330 331 332 333 334 475 476 477 478 479 480 481 482 572 573 574 575 576 591 602 603 673 791 792 793 794 795 797 925 957 959 960 961 1145 1289 1291 1292 1293 1400 1401 1402 1409 1779 1785 2068 2351 2457 2651 2769 2770 2845 2888 3021 3095 
58 60 61 66 139 147 166 168 266 326 328 329 331 390 476 477 479 572 573 574 575 688 689 690 787 788 790 944 945 946 950 1283 1284 1286 1395 1396 1398 1776 1777 1778 1953 1954 2964 2965 3028 3029 3090 3092 3126 3127 3172 3173 
66 70 87 89 90 92 140 189 191 300 312 441 447 448 473 623 624 625 641 717 718 719 732 1014 1015 1016 1017 1018 1124 1154 1156 1434 1435 1438 1446 1605 1643 1645 1846 1848 2108 2109 2110 2111 2293 2371 2472 2483 2608 2698 2706 2778 2882 2957 3011 
66 140 302 358 453 459 462 496 502 503 633 634 635 636 637 644 645 646 647 648 726 727 728 729 752 753 754 755 756 877 1087 1193 1194 1195 1196 1197 1198 1199 1200 1201 1520 1521 1523 1612 1613 1614 1680 1682 1729 1730 1731 1900 1901 1902 2001 2002 2186 2321 2431 2514 2570 2723 2727 2814 2908 2909 2944 2979 3021 3095 
53 58 60 61 97 98 99 100 101 139 140 146 147 166 168 209 211 266 326 328 329 331 342 358 462 476 477 479 502 572 573 575 636 688 689 690 728 752 787 790 944 945 950 1077 1078 1079 1080 1187 1189 1283 1286 1395 1398 1505 1509 1676 1776 1777 1892 1894 1953 2174 2175 2176 2253 2964 3028 3090 3105 3126 3133 3172 3200 3231 3249 
69 70 88 90 151 191 193 447 473 584 623 641 717 732 835 1124 1156 1158 1438 1443 1604 1645 1647 1848 1850 1853 2024 2095 2257 2258 2260 2453 2454 2456 2473 2474 2476 2643 2644 2646 2761 2763 2767 2884 2885 2887 
88 91 97 98 99 100 101 106 190 193 209 211 300 342 358 448 462 473 502 624 636 641 718 728 732 752 1077 1078 1079 1080 1155 1158 1187 1189 1437 1443 1505 1509 1644 1647 1676 1847 1850 1892 1894 2062 2174 2175 2176 2253 2257 2258 2259 2260 2453 2454 2455 2456 2472 2473 2474 2475 2476 2548 2643 2644 2645 2646 2697 2706 2756 2761 2763 2765 2767 2778 2838 2883 2884 2885 2886 2887 2893 2958 3012 3105 3133 3200 3231 3249 
90 106 191 447 623 717 1156 1438 1645 1848 2257 2258 2259 2260 2453 2454 2455 2456 2473 2474 2475 2476 2548 2643 2644 2645 2646 2697 2756 2761 2763 2765 2767 2838 2884 2885 2886 2887 
88 90 106 191 193 447 473 623 641 717 732 1156 1158 1438 1443 1645 1647 1848 1850 2257 2258 2260 2453 2454 2456 2473 2474 2476 2548 2643 2644 2646 2697 2756 2761 2763 2767 2838 2884 2885 2887 
75 76 185 278 437 565 711 832 1007 1320 1427 1946 1950 2051 2972 2984 3026 3042 3043 3073 3084 3119 3123 3170 
54 118 203 232 335 401 402 483 577 748 2156 2588 2690 2829 2830 2877 2878 
52 62 67 69 129 130 151 240 354 411 546 583 743 1071 1350 1388 2028 2380 2498 2878 3041 3067 3116 
24 
25 
31 
33 
54 118 227 920 2498 2878 
66 75 105 138 140 186 277 298 358 496 564 648 756 833 1008 1072 1428 1946 2051 2381 2717 2906 2984 3042 3043 3073 3119 
53 58 60 61 66 139 146 147 166 168 266 326 328 329 331 476 477 479 572 573 575 688 689 690 787 790 944 945 950 1283 1286 1395 1398 1776 1777 1953 2964 3028 3090 3126 3172 
