70 141 152 301 357 359 362 363 452 454 455 456 457 458 497 498 499 500 501 586 587 588 589 590 628 629 630 631 632 722 723 724 725 879 880 881 882 883 884 1098 1099 1223 1224 1225 1226 1227 1228 1376 1377 1378 1379 1550 1551 1552 1553 1554 1627 1628 1698 1699 1700 1701 1917 1918 1919 2047 2048 2223 2224 2225 2312 2524 2528 2529 2632 2633 2730 2731 2812 2900 2940 2975 3019 3097 
53 58 61 66 146 147 166 168 266 326 328 329 330 331 390 429 476 477 478 479 572 573 574 575 688 689 690 787 788 790 944 945 946 947 950 1283 1284 1286 1395 1396 1398 1776 1777 1778 1953 1954 2964 2965 3028 3029 3090 3092 3126 3127 3172 3173 
53 58 60 62 66 115 139 146 147 148 149 165 166 168 265 266 326 328 329 331 332 476 477 479 480 572 573 575 576 687 688 689 690 786 787 790 942 943 944 945 950 1282 1283 1286 1394 1395 1398 1773 1774 1775 1776 1777 1952 1953 2963 2964 3027 3028 3088 3090 3125 3126 3171 3172 
53 58 61 66 115 139 146 147 166 168 266 326 328 329 331 476 477 479 572 573 575 688 689 690 787 790 944 945 950 1283 1286 1395 1398 1776 1777 1953 2964 3028 3090 3126 3172 
48 53 60 61 66 80 81 93 99 134 139 146 147 166 181 188 211 244 251 254 266 326 328 329 331 420 423 450 462 476 477 479 553 556 572 573 575 626 636 688 689 690 703 704 705 706 720 728 787 828 944 945 998 1153 1189 1283 1316 1395 1423 1432 1509 1642 1676 1776 1777 1821 1822 1823 1824 1845 1894 1953 2022 2086 2096 2169 2359 2465 2499 2699 2858 2859 2860 2905 2964 3028 3090 3126 3172 
53 75 76 77 138 146 147 148 149 184 185 270 278 296 326 327 328 329 330 331 332 333 334 437 438 475 476 477 478 479 480 481 482 565 566 572 573 574 575 576 591 602 603 673 711 791 792 793 794 795 797 831 832 925 957 959 960 961 1004 1007 1145 1289 1291 1292 1293 1320 1400 1401 1402 1409 1426 1427 1779 1785 1949 1950 2054 2068 2351 2457 2651 2769 2770 2845 2888 2971 2972 3021 3025 3026 3082 3083 3084 3095 3122 3123 3169 3170 
58 60 61 66 139 147 166 168 266 326 328 329 331 390 476 477 479 572 573 574 575 688 689 690 787 788 790 944 945 946 950 1283 1284 1286 1395 1396 1398 1776 1777 1778 1953 1954 2964 2965 3028 3029 3090 3092 3126 3127 3172 3173 
53 58 59 60 61 75 76 77 138 139 146 147 166 167 184 185 266 270 278 296 326 329 331 437 438 477 479 565 566 573 575 688 689 690 711 787 789 831 832 944 945 949 1004 1007 1283 1285 1320 1395 1397 1426 1427 1776 1777 1949 1950 1951 1953 1955 2054 2060 2964 2966 2971 2972 2985 3025 3026 3028 3030 3044 3082 3083 3084 3086 3090 3093 3094 3122 3123 3124 3126 3128 3169 3170 3172 3174 
53 58 60 61 62 75 76 77 97 98 99 100 101 138 139 140 147 148 149 165 166 168 184 185 209 211 265 266 270 278 296 326 328 329 332 342 358 437 438 462 476 477 480 502 565 566 572 573 576 636 687 688 689 690 711 728 752 786 787 790 831 832 942 943 944 945 950 1004 1007 1077 1078 1079 1080 1187 1189 1282 1283 1286 1320 1394 1395 1398 1426 1427 1505 1509 1676 1773 1774 1775 1776 1777 1892 1894 1949 1950 1952 1953 2054 2174 2175 2176 2253 2963 2964 2971 2972 3025 3026 3027 3028 3082 3083 3084 3088 3090 3105 3122 3123 3125 3126 3133 3169 3170 3171 3172 3200 3231 3249 
88 92 97 98 99 100 101 106 189 190 193 209 211 300 312 342 358 441 448 462 473 502 624 625 636 641 718 719 728 732 752 1077 1078 1079 1080 1154 1155 1158 1160 1187 1189 1434 1435 1437 1443 1505 1509 1643 1644 1647 1676 1846 1847 1850 1892 1894 2062 2110 2113 2115 2117 2174 2175 2176 2253 2257 2258 2259 2260 2292 2371 2453 2454 2456 2475 2476 2482 2548 2607 2643 2644 2645 2646 2697 2705 2756 2759 2761 2763 2764 2766 2767 2778 2838 2843 2844 2882 2883 2884 2885 2886 2887 2893 2957 2958 3011 3012 3105 3133 3200 3231 3249 
53 58 59 60 61 75 76 77 138 139 146 147 166 168 184 185 266 270 278 296 328 330 331 390 429 437 438 476 477 478 479 565 566 572 573 574 575 688 689 690 711 787 788 790 831 832 944 945 946 950 1004 1007 1283 1286 1320 1395 1396 1398 1426 1427 1776 1777 1949 1950 1951 1953 1954 2054 2056 2059 2964 2971 2972 2985 3025 3026 3028 3029 3045 3082 3083 3084 3090 3091 3092 3122 3123 3124 3126 3127 3169 3170 3172 3173 
48 53 58 59 60 61 66 80 81 93 99 134 139 146 166 167 168 181 188 211 244 251 254 266 267 268 326 331 420 423 450 462 476 479 553 556 572 575 626 636 688 689 690 703 704 705 706 720 728 787 789 790 828 944 945 948 949 950 998 1153 1189 1283 1285 1316 1395 1397 1398 1423 1432 1509 1642 1676 1776 1777 1821 1822 1823 1824 1845 1894 1951 1953 1955 2022 2086 2096 2169 2359 2465 2499 2699 2858 2859 2860 2905 2964 2966 2985 3028 3030 3044 3086 3090 3094 3124 3126 3128 3172 3174 
53 58 60 61 75 76 77 138 139 146 147 166 168 184 185 266 270 278 296 326 328 329 331 437 438 476 477 479 565 566 572 573 575 688 689 690 711 787 790 831 832 944 945 950 1004 1007 1283 1286 1320 1395 1398 1426 1427 1776 1777 1949 1950 1953 2054 2964 2971 2972 3025 3026 3028 3082 3083 3084 3090 3122 3123 3126 3169 3170 3172 
70 75 76 77 89 90 92 138 140 184 185 189 191 270 278 296 300 312 437 438 441 447 448 565 566 623 624 625 711 717 718 719 831 832 1004 1007 1014 1015 1016 1124 1154 1156 1320 1426 1427 1434 1435 1438 1446 1605 1643 1645 1846 1848 1949 1950 2054 2108 2109 2110 2111 2293 2371 2472 2483 2608 2698 2706 2778 2882 2957 2971 2972 3011 3025 3026 3082 3083 3084 3122 3123 3169 3170 
75 76 77 91 92 138 140 184 185 189 190 270 278 296 300 312 437 438 441 448 565 566 624 625 711 718 719 831 832 1004 1007 1014 1154 1155 1320 1426 1427 1434 1435 1437 1605 1643 1644 1846 1847 1949 1950 2054 2062 2293 2483 2608 2698 2882 2883 2893 2957 2958 2971 2972 3011 3012 3025 3026 3082 3083 3084 3122 3123 3169 3170 
91 92 97 98 99 100 101 189 190 209 211 300 312 342 358 441 448 462 502 624 625 636 718 719 728 752 1014 1077 1078 1079 1080 1154 1155 1187 1189 1434 1435 1437 1505 1509 1605 1643 1644 1676 1846 1847 1892 1894 2062 2174 2175 2176 2253 2293 2483 2608 2698 2882 2883 2893 2957 2958 3011 3012 3105 3133 3200 3231 3249 
70 87 88 89 106 192 193 194 317 474 640 642 731 733 1017 1018 1124 1157 1158 1159 1440 1443 1444 1446 1646 1647 1849 1850 1851 2117 2258 2259 2260 2454 2456 2475 2476 2548 2644 2645 2646 2697 2756 2763 2764 2766 2767 2838 2843 2844 2885 2886 2887 
70 87 90 92 106 189 191 194 300 304 312 317 441 447 448 472 623 624 625 717 718 719 731 1014 1015 1018 1124 1154 1156 1159 1434 1435 1438 1444 1446 1605 1643 1645 1846 1848 1851 2108 2109 2110 2111 2260 2293 2371 2456 2472 2476 2483 2548 2608 2646 2697 2698 2706 2756 2766 2767 2778 2838 2844 2882 2887 2957 3011 
70 75 76 77 87 88 91 106 138 140 184 185 190 193 270 278 296 300 437 438 448 473 565 566 624 641 711 718 732 831 832 1004 1007 1018 1124 1155 1158 1320 1426 1427 1437 1443 1446 1644 1647 1847 1850 1949 1950 2054 2062 2117 2257 2258 2259 2453 2454 2472 2473 2474 2475 2548 2643 2644 2645 2697 2706 2756 2761 2763 2764 2778 2838 2843 2883 2884 2885 2886 2893 2958 2971 2972 3012 3025 3026 3082 3083 3084 3122 3123 3169 3170 
87 89 90 91 92 189 190 191 312 313 441 447 448 623 625 717 718 719 1014 1015 1016 1018 1154 1155 1156 1434 1435 1436 1437 1438 1605 1643 1644 1645 1846 1847 1848 2108 2109 2110 2111 2293 2371 2472 2483 2608 2698 2706 2778 2882 2883 2957 2958 3011 3012 
87 89 90 92 97 98 99 100 101 189 191 209 211 300 312 342 358 441 447 448 462 502 623 624 625 636 717 718 719 728 752 1014 1015 1016 1018 1077 1078 1079 1080 1154 1156 1187 1189 1434 1435 1438 1505 1509 1605 1643 1645 1676 1846 1848 1892 1894 2108 2109 2110 2111 2174 2175 2176 2253 2293 2371 2472 2483 2608 2698 2706 2778 2882 2957 3011 3105 3133 3200 3231 3249 
75 76 77 87 88 138 140 184 185 193 194 270 278 296 304 317 437 438 464 473 565 566 640 641 711 731 732 831 832 1004 1007 1018 1158 1159 1320 1426 1427 1443 1444 1647 1850 1851 1949 1950 2054 2117 2259 2260 2456 2475 2476 2645 2646 2764 2766 2767 2843 2844 2886 2887 2971 2972 3025 3026 3082 3083 3084 3122 3123 3169 3170 
87 88 97 98 99 100 101 193 194 209 211 304 317 342 358 462 464 473 502 636 640 641 728 731 732 752 1018 1077 1078 1079 1080 1158 1159 1187 1189 1443 1444 1505 1509 1647 1676 1850 1851 1892 1894 2117 2174 2175 2176 2253 2259 2260 2456 2475 2476 2645 2646 2764 2766 2767 2843 2844 2886 2887 3105 3133 3200 3231 3249 
69 70 75 76 77 88 91 138 140 151 184 185 190 193 270 278 296 300 437 438 448 473 565 566 584 624 641 711 718 732 831 832 835 1004 1007 1124 1155 1158 1320 1426 1427 1437 1443 1446 1604 1644 1647 1847 1850 1853 1949 1950 2024 2054 2062 2095 2110 2113 2115 2117 2257 2258 2259 2260 2371 2453 2454 2456 2475 2476 2643 2644 2645 2646 2761 2763 2764 2766 2767 2778 2843 2844 2883 2884 2885 2886 2887 2893 2958 2971 2972 3012 3025 3026 3082 3083 3084 3122 3123 3169 3170 
69 70 88 91 97 98 99 100 101 151 190 193 209 211 300 342 358 448 462 473 502 584 624 636 641 718 728 732 752 835 1077 1078 1079 1080 1124 1155 1158 1187 1189 1437 1443 1446 1505 1509 1604 1644 1647 1676 1847 1850 1853 1892 1894 2024 2062 2095 2110 2113 2115 2117 2174 2175 2176 2253 2257 2258 2259 2260 2371 2453 2454 2456 2475 2476 2643 2644 2645 2646 2761 2763 2764 2766 2767 2778 2843 2844 2883 2884 2885 2886 2887 2893 2958 3012 3105 3133 3200 3231 3249 
69 70 75 76 77 87 138 140 151 184 185 194 270 278 296 304 317 437 438 464 565 566 584 640 711 731 831 832 835 1004 1007 1124 1159 1320 1426 1427 1444 1604 1851 1853 1949 1950 2024 2054 2095 2260 2456 2476 2646 2766 2767 2844 2887 2971 2972 3025 3026 3082 3083 3084 3122 3123 3169 3170 
69 70 87 97 98 99 100 101 151 194 209 211 304 317 342 358 462 464 502 584 636 640 728 731 752 835 1077 1078 1079 1080 1124 1159 1187 1189 1444 1505 1509 1604 1676 1851 1853 1892 1894 2024 2095 2174 2175 2176 2253 2260 2456 2476 2646 2766 2767 2844 2887 3105 3133 3200 3231 3249 
69 70 88 90 151 191 193 447 473 584 623 641 717 732 835 1124 1156 1158 1438 1443 1446 1604 1645 1647 1848 1850 1853 2024 2095 2113 2115 2117 2257 2258 2259 2260 2453 2454 2456 2475 2476 2643 2644 2645 2646 2761 2763 2764 2766 2767 2843 2844 2884 2885 2886 2887 
75 76 77 87 89 138 140 184 185 192 194 270 278 296 304 315 317 437 438 464 473 565 566 640 641 642 711 731 732 733 831 832 1004 1007 1017 1018 1157 1159 1320 1426 1427 1440 1444 1849 1851 1949 1950 2054 2115 2116 2258 2260 2456 2474 2476 2644 2646 2762 2766 2767 2842 2844 2885 2887 2971 2972 3025 3026 3082 3083 3084 3122 3123 3169 3170 
69 70 88 89 90 97 98 99 100 101 151 191 192 193 209 211 304 315 342 358 447 462 464 473 502 584 623 636 641 642 717 728 732 733 752 835 1017 1077 1078 1079 1080 1124 1156 1157 1158 1187 1189 1438 1440 1443 1446 1505 1509 1604 1645 1647 1676 1848 1849 1850 1853 1892 1894 2024 2095 2113 2115 2116 2174 2175 2176 2253 2257 2258 2260 2453 2456 2474 2476 2643 2644 2646 2761 2762 2766 2767 2842 2844 2884 2885 2887 3105 3133 3200 3231 3249 
69 76 77 87 88 89 90 93 94 97 98 99 100 101 105 138 140 142 151 152 184 185 191 192 193 194 209 211 270 278 296 304 315 317 342 363 373 374 376 437 438 445 447 462 464 473 496 502 508 510 511 512 513 514 529 530 565 566 584 590 621 623 636 640 641 642 648 650 651 652 653 654 658 667 668 715 717 728 731 732 733 752 756 757 758 759 760 761 765 774 775 831 832 835 1004 1007 1048 1055 1056 1057 1058 1059 1072 1077 1078 1079 1080 1111 1112 1124 1156 1157 1158 1159 1187 1189 1242 1243 1320 1426 1427 1438 1440 1443 1444 1505 1509 1604 1645 1647 1676 1705 1706 1843 1848 1849 1850 1851 1853 1892 1894 1928 1946 1949 1950 2024 2051 2054 2095 2152 2153 2154 2155 2174 2175 2176 2232 2233 2234 2235 2253 2257 2377 2378 2381 2391 2453 2473 2534 2613 2636 2643 2714 2717 2761 2855 2884 2903 2906 2942 2972 2977 2984 3020 3025 3026 3042 3043 3069 3073 3082 3083 3084 3105 3119 3122 3123 3133 3160 3169 3170 3200 3231 3249 
87 89 97 98 99 100 101 192 194 209 211 304 315 317 342 358 462 464 473 502 636 640 641 642 728 731 732 733 752 1017 1018 1077 1078 1079 1080 1157 1159 1187 1189 1440 1444 1505 1509 1676 1849 1851 1892 1894 2115 2116 2174 2175 2176 2253 2258 2260 2456 2474 2476 2644 2646 2762 2766 2767 2842 2844 2885 2887 3105 3133 3200 3231 3249 
69 70 87 88 89 91 151 190 192 193 300 304 448 464 473 474 584 624 641 642 718 732 733 835 1018 1124 1155 1157 1158 1437 1440 1443 1446 1604 1644 1646 1647 1847 1849 1850 1853 2024 2062 2095 2117 2257 2258 2259 2453 2454 2472 2473 2474 2475 2643 2644 2645 2706 2761 2763 2764 2778 2843 2883 2884 2885 2886 2893 2958 3012 
69 70 87 88 91 97 98 99 100 101 151 190 193 209 211 300 342 358 448 462 473 502 584 624 636 641 718 728 732 752 835 1018 1077 1078 1079 1080 1124 1155 1158 1187 1189 1437 1443 1446 1505 1509 1604 1644 1647 1676 1847 1850 1853 1892 1894 2024 2062 2095 2117 2174 2175 2176 2253 2257 2258 2259 2453 2454 2472 2473 2474 2475 2643 2644 2645 2706 2761 2763 2764 2778 2843 2883 2884 2885 2886 2893 2958 3012 3105 3133 3200 3231 3249 
70 89 90 91 92 189 190 191 312 313 441 447 448 623 625 717 718 719 1014 1015 1016 1124 1154 1155 1156 1434 1435 1436 1437 1438 1446 1605 1643 1644 1645 1846 1847 1848 2108 2109 2110 2111 2293 2371 2472 2483 2608 2698 2706 2778 2882 2883 2957 2958 3011 3012 
70 89 90 91 92 97 98 99 100 101 189 190 191 209 211 300 312 313 342 358 441 447 462 502 623 625 636 717 719 728 752 1014 1015 1016 1077 1078 1079 1080 1124 1154 1155 1156 1187 1189 1434 1435 1436 1437 1438 1446 1505 1509 1605 1643 1644 1645 1676 1846 1847 1848 1892 1894 2108 2109 2110 2111 2174 2175 2176 2253 2293 2371 2472 2483 2608 2698 2706 2778 2882 2883 2957 2958 3011 3012 3105 3133 3200 3231 3249 
88 89 91 106 190 192 193 300 304 448 464 473 474 624 641 642 718 732 733 1155 1157 1158 1437 1440 1443 1644 1646 1647 1847 1849 1850 2062 2110 2113 2115 2117 2257 2258 2259 2260 2371 2453 2454 2456 2475 2476 2548 2643 2644 2645 2646 2697 2756 2761 2763 2764 2766 2767 2778 2838 2843 2844 2883 2884 2885 2886 2887 2893 2958 3012 
66 91 92 140 189 190 300 312 441 448 624 625 718 719 1014 1154 1155 1434 1435 1437 1605 1643 1644 1846 1847 2062 2293 2483 2608 2698 2882 2883 2893 2957 2958 3011 3012 
88 91 97 98 99 100 101 106 190 193 209 211 300 342 358 448 462 473 502 624 636 641 718 728 732 752 1077 1078 1079 1080 1155 1158 1187 1189 1437 1443 1505 1509 1644 1647 1676 1847 1850 1892 1894 2062 2110 2113 2115 2117 2174 2175 2176 2253 2257 2258 2259 2260 2371 2453 2454 2456 2475 2476 2548 2643 2644 2645 2646 2697 2756 2761 2763 2764 2766 2767 2778 2838 2843 2844 2883 2884 2885 2886 2887 2893 2958 3012 3105 3133 3200 3231 3249 
89 90 91 92 189 190 191 312 313 441 447 448 473 623 625 641 717 718 719 732 1014 1015 1016 1017 1154 1155 1156 1434 1435 1436 1437 1438 1605 1643 1644 1645 1846 1847 1848 2108 2109 2110 2111 2293 2371 2472 2483 2608 2698 2706 2778 2882 2883 2957 2958 3011 3012 
66 89 90 92 140 189 191 300 312 441 447 448 473 623 624 625 641 717 718 719 732 1014 1015 1016 1017 1154 1156 1434 1435 1438 1605 1643 1645 1846 1848 2108 2109 2110 2111 2293 2371 2472 2483 2608 2698 2706 2778 2882 2957 3011 
89 90 91 92 97 98 99 100 101 189 190 191 209 211 300 312 313 342 358 441 447 462 473 502 623 625 636 641 717 719 728 732 752 1014 1015 1016 1017 1077 1078 1079 1080 1154 1155 1156 1187 1189 1434 1435 1436 1437 1438 1505 1509 1605 1643 1644 1645 1676 1846 1847 1848 1892 1894 2108 2109 2110 2111 2174 2175 2176 2253 2293 2371 2472 2483 2608 2698 2706 2778 2882 2883 2957 2958 3011 3012 3105 3133 3200 3231 3249 
70 87 89 90 91 92 189 190 191 312 313 441 447 448 623 625 717 718 719 1014 1015 1016 1018 1124 1154 1155 1156 1434 1435 1436 1437 1438 1446 1605 1643 1644 1645 1846 1847 1848 2108 2109 2110 2111 2293 2371 2472 2483 2608 2698 2706 2778 2882 2883 2957 2958 3011 3012 
66 70 87 89 90 91 92 140 189 190 191 300 312 313 441 447 623 625 717 719 1014 1015 1016 1018 1124 1154 1155 1156 1434 1435 1436 1437 1438 1446 1605 1643 1644 1645 1846 1847 1848 2108 2109 2110 2111 2293 2371 2472 2483 2608 2698 2706 2778 2882 2883 2957 2958 3011 3012 
70 87 88 89 91 106 190 192 193 300 304 448 464 473 474 624 641 642 718 732 733 1018 1124 1155 1157 1158 1437 1440 1443 1446 1644 1646 1647 1847 1849 1850 2062 2117 2257 2258 2259 2453 2454 2472 2473 2474 2475 2548 2643 2644 2645 2697 2706 2756 2761 2763 2764 2778 2838 2843 2883 2884 2885 2886 2893 2958 3012 
66 70 87 88 91 106 140 190 193 300 448 473 624 641 718 732 1018 1124 1155 1158 1437 1443 1446 1644 1647 1847 1850 2062 2117 2257 2258 2259 2453 2454 2472 2473 2474 2475 2548 2643 2644 2645 2697 2706 2756 2761 2763 2764 2778 2838 2843 2883 2884 2885 2886 2893 2958 3012 
70 89 90 91 92 189 190 191 312 313 441 447 448 473 623 625 641 717 718 719 732 1014 1015 1016 1017 1124 1154 1155 1156 1434 1435 1436 1437 1438 1446 1605 1643 1644 1645 1846 1847 1848 2108 2109 2110 2111 2293 2371 2472 2483 2608 2698 2706 2778 2882 2883 2957 2958 3011 3012 
66 70 89 90 92 140 189 191 300 312 441 447 448 473 623 624 625 641 717 718 719 732 1014 1015 1016 1017 1124 1154 1156 1434 1435 1438 1446 1605 1643 1645 1846 1848 2108 2109 2110 2111 2293 2371 2472 2483 2608 2698 2706 2778 2882 2957 3011 
87 89 90 91 92 189 190 191 312 313 441 447 448 473 623 625 641 717 718 719 732 1014 1015 1016 1017 1018 1154 1155 1156 1434 1435 1436 1437 1438 1605 1643 1644 1645 1846 1847 1848 2108 2109 2110 2111 2293 2371 2472 2483 2608 2698 2706 2778 2882 2883 2957 2958 3011 3012 
66 87 89 90 91 92 140 189 190 191 300 312 313 441 447 473 623 625 641 717 719 732 1014 1015 1016 1017 1018 1154 1155 1156 1434 1435 1436 1437 1438 1605 1643 1644 1645 1846 1847 1848 2108 2109 2110 2111 2293 2371 2472 2483 2608 2698 2706 2778 2882 2883 2957 2958 3011 3012 
70 87 88 91 97 98 99 100 101 106 190 193 209 211 300 342 358 448 462 473 502 624 636 641 718 728 732 752 1018 1077 1078 1079 1080 1124 1155 1158 1187 1189 1437 1443 1446 1505 1509 1644 1647 1676 1847 1850 1892 1894 2062 2117 2174 2175 2176 2253 2257 2258 2259 2453 2454 2472 2473 2474 2475 2548 2643 2644 2645 2697 2706 2756 2761 2763 2764 2778 2838 2843 2883 2884 2885 2886 2893 2958 3012 3105 3133 3200 3231 3249 
70 87 89 90 91 92 97 98 99 100 101 189 190 191 209 211 300 312 313 342 358 441 447 462 502 623 625 636 717 719 728 752 1014 1015 1016 1018 1077 1078 1079 1080 1124 1154 1155 1156 1187 1189 1434 1435 1436 1437 1438 1446 1505 1509 1605 1643 1644 1645 1676 1846 1847 1848 1892 1894 2108 2109 2110 2111 2174 2175 2176 2253 2293 2371 2472 2483 2608 2698 2706 2778 2882 2883 2957 2958 3011 3012 3105 3133 3200 3231 3249 
87 89 90 91 92 97 98 99 100 101 189 190 191 209 211 300 312 313 342 358 441 447 462 473 502 623 625 636 641 717 719 728 732 752 1014 1015 1016 1017 1018 1077 1078 1079 1080 1154 1155 1156 1187 1189 1434 1435 1436 1437 1438 1505 1509 1605 1643 1644 1645 1676 1846 1847 1848 1892 1894 2108 2109 2110 2111 2174 2175 2176 2253 2293 2371 2472 2483 2608 2698 2706 2778 2882 2883 2957 2958 3011 3012 3105 3133 3200 3231 3249 
70 89 90 92 97 98 99 100 101 189 191 209 211 300 312 342 358 441 447 448 462 473 502 623 624 625 636 641 717 718 719 728 732 752 1014 1015 1016 1017 1077 1078 1079 1080 1124 1154 1156 1187 1189 1434 1435 1438 1446 1505 1509 1605 1643 1645 1676 1846 1848 1892 1894 2108 2109 2110 2111 2174 2175 2176 2253 2293 2371 2472 2483 2608 2698 2706 2778 2882 2957 3011 3105 3133 3200 3231 3249 
53 66 146 147 148 149 326 327 328 329 330 331 332 333 334 475 476 477 478 479 480 481 482 572 573 574 575 576 591 602 603 673 791 792 793 794 795 797 925 957 959 960 961 1145 1289 1291 1292 1293 1400 1401 1402 1409 1779 1785 2068 2351 2457 2651 2769 2770 2845 2888 3021 3095 
58 60 61 97 98 99 100 101 139 140 147 166 168 209 211 266 326 328 329 331 342 358 390 462 476 477 479 502 572 573 574 575 636 688 689 690 728 752 787 788 790 944 945 946 950 1077 1078 1079 1080 1187 1189 1283 1284 1286 1395 1396 1398 1505 1509 1676 1776 1777 1778 1892 1894 1953 1954 2174 2175 2176 2253 2964 2965 3028 3029 3090 3092 3105 3126 3127 3133 3172 3173 3200 3231 3249 
69 70 87 88 90 151 191 193 447 473 584 623 641 717 732 835 1018 1124 1156 1158 1438 1443 1446 1604 1645 1647 1848 1850 1853 2024 2095 2117 2257 2258 2259 2453 2454 2473 2474 2475 2643 2644 2645 2761 2763 2764 2843 2884 2885 2886 
66 140 302 358 453 459 462 496 502 503 633 634 635 636 637 644 645 646 647 648 726 727 728 729 752 753 754 755 756 877 1087 1193 1194 1195 1196 1197 1198 1199 1200 1201 1520 1521 1523 1612 1613 1614 1680 1682 1729 1730 1731 1900 1901 1902 2001 2002 2186 2321 2431 2514 2570 2723 2727 2814 2908 2909 2944 2979 3021 3095 
87 106 194 317 464 472 640 731 1159 1444 1851 2260 2456 2476 2548 2646 2697 2756 2766 2767 2838 2844 2887 
66 69 70 87 140 151 194 304 317 464 584 640 731 835 1124 1159 1444 1604 1851 1853 2024 2095 2260 2456 2476 2646 2766 2767 2844 2887 
66 70 87 89 90 92 140 189 191 300 312 441 447 448 473 623 624 625 641 717 718 719 732 1014 1015 1016 1017 1018 1124 1154 1156 1434 1435 1438 1446 1605 1643 1645 1846 1848 2108 2109 2110 2111 2293 2371 2472 2483 2608 2698 2706 2778 2882 2957 3011 
53 58 60 61 97 98 99 100 101 139 140 146 147 166 168 209 211 266 326 328 329 331 342 358 462 476 477 479 502 572 573 575 636 688 689 690 728 752 787 790 944 945 950 1077 1078 1079 1080 1187 1189 1283 1286 1395 1398 1505 1509 1676 1776 1777 1892 1894 1953 2174 2175 2176 2253 2964 3028 3090 3105 3126 3133 3172 3200 3231 3249 
70 87 88 90 106 191 193 447 473 623 641 717 732 1018 1124 1156 1158 1438 1443 1446 1645 1647 1848 1850 2117 2257 2258 2259 2453 2454 2473 2474 2475 2548 2643 2644 2645 2697 2756 2761 2763 2764 2838 2843 2884 2885 2886 
69 70 87 88 151 193 473 584 641 732 835 1018 1124 1158 1443 1446 1604 1647 1850 1853 2024 2095 2117 2259 2260 2456 2475 2476 2645 2646 2764 2766 2767 2843 2844 2886 2887 
87 97 98 99 100 101 106 194 209 211 304 317 342 358 462 464 502 636 640 728 731 752 1077 1078 1079 1080 1159 1187 1189 1444 1505 1509 1676 1851 1892 1894 2174 2175 2176 2253 2260 2456 2476 2548 2646 2697 2756 2766 2767 2838 2844 2887 3105 3133 3200 3231 3249 
70 88 90 106 191 193 447 473 623 641 717 732 1124 1156 1158 1438 1443 1446 1645 1647 1848 1850 2113 2115 2117 2257 2258 2259 2260 2453 2454 2456 2475 2476 2548 2643 2644 2645 2646 2697 2756 2761 2763 2764 2766 2767 2838 2843 2844 2884 2885 2886 2887 
75 97 98 99 100 101 105 138 140 186 209 211 277 298 342 358 462 496 502 564 636 648 728 752 756 833 1008 1072 1077 1078 1079 1080 1187 1189 1428 1505 1509 1676 1892 1894 1946 2051 2174 2175 2176 2253 2381 2717 2906 2984 3042 3043 3073 3105 3119 3133 3200 3231 3249 
87 88 106 193 473 641 732 1018 1158 1443 1647 1850 2117 2259 2260 2456 2475 2476 2548 2645 2646 2697 2756 2764 2766 2767 2838 2843 2844 2886 2887 
70 87 88 106 193 473 641 732 1018 1124 1158 1443 1446 1647 1850 2117 2259 2260 2456 2475 2476 2548 2645 2646 2697 2756 2764 2766 2767 2838 2843 2844 2886 2887 
75 76 185 278 437 565 711 832 1007 1320 1427 1946 1950 2051 2972 2984 3026 3042 3043 3073 3084 3119 3123 3170 
54 118 203 232 335 401 402 483 577 748 2156 2588 2690 2829 2830 2877 2878 
65 67 128 235 238 352 409 489 544 581 864 865 1071 1344 1345 1350 1388 1494 1883 2379 2380 2498 2878 2943 2978 3040 3041 3067 3116 
3238 3239 
4 
9 
17 
24 
25 
31 
33 
41 109 
10 111 
54 118 227 920 2498 2878 
52 67 127 128 129 130 234 235 237 238 239 240 241 242 406 407 408 409 410 411 412 413 541 542 543 544 545 546 604 605 674 798 799 800 801 802 803 804 919 926 927 962 963 966 967 1146 1294 1295 1296 1297 1298 1403 1404 1405 1788 2076 2077 2353 2354 2459 2460 2652 2772 2846 2889 3019 3097 
66 75 105 138 140 186 277 298 358 496 564 648 756 833 1008 1072 1428 1946 2051 2381 2717 2906 2984 3042 3043 3073 3119 
53 58 60 61 66 139 146 147 166 168 266 326 328 329 331 476 477 479 572 573 575 688 689 690 787 790 944 945 950 1283 1286 1395 1398 1776 1777 1953 2964 3028 3090 3126 3172 
50 53 62 66 68 116 148 149 164 230 264 332 398 399 428 480 558 576 685 686 2017 3016 3103 3209 3238 
