75 97 98 101 102 105 186 208 209 212 277 436 461 502 503 506 564 635 644 645 648 727 752 753 756 833 1008 1072 1076 1079 1080 1186 1187 1190 1321 1428 1504 1505 1511 1673 1674 1677 1891 1892 1895 1946 2051 2169 2170 2171 2172 2173 2381 2382 2717 2906 2984 3043 3109 3119 3132 3210 3248 3279 
75 97 99 100 101 105 186 209 210 211 277 436 461 462 502 564 635 636 644 648 727 728 752 756 833 1008 1072 1077 1078 1079 1080 1187 1188 1189 1321 1428 1505 1508 1509 1674 1675 1676 1892 1893 1894 1946 2051 2177 2178 2253 2254 2381 2449 2717 2906 2984 3043 3106 3119 3133 3134 3201 3202 3232 3249 3250 
66 97 98 99 100 140 210 213 302 346 453 463 634 637 726 729 1078 1079 1080 1188 1191 1508 1513 1675 1893 1896 2177 2178 2252 2254 2448 3106 3110 3134 3175 3176 3195 3202 3230 3232 3250 
66 97 98 100 140 210 213 302 346 453 462 463 634 636 637 726 728 729 1078 1079 1080 1188 1191 1508 1513 1675 1893 1896 2177 2178 2252 2254 2448 3106 3110 3134 3175 3176 3195 3202 3230 3232 3250 
75 97 98 99 100 101 105 186 209 210 211 212 277 436 461 462 463 502 564 635 636 637 644 648 727 728 729 752 756 833 1008 1072 1080 1187 1188 1189 1190 1321 1428 1505 1508 1509 1511 1674 1675 1676 1677 1892 1893 1894 1895 1946 2051 2174 2177 2178 2253 2254 2381 2449 2717 2906 2984 3043 3106 3119 3133 3134 3201 3202 3232 3249 3250 
75 97 98 99 101 102 105 186 208 209 211 277 436 462 502 503 506 564 636 644 645 648 728 752 753 756 833 1008 1072 1076 1079 1080 1186 1187 1189 1321 1428 1504 1505 1509 1673 1674 1676 1891 1892 1894 1946 2051 2169 2170 2171 2172 2173 2381 2382 2717 2906 2984 3043 3109 3119 3132 3210 3248 3279 
75 97 98 100 102 103 104 105 186 205 206 207 208 210 212 277 436 461 463 503 504 505 506 564 635 637 645 646 647 648 727 729 753 754 755 756 833 1008 1072 1079 1080 1183 1184 1185 1186 1188 1190 1321 1428 1498 1500 1502 1504 1508 1511 1670 1671 1672 1673 1675 1677 1888 1889 1890 1891 1893 1895 1946 2051 2157 2171 2174 2177 2178 2253 2254 2381 2382 2449 2615 2717 2906 2984 3043 3106 3119 3133 3134 3201 3202 3232 3249 3250 
75 97 99 100 101 105 186 209 210 211 277 436 461 462 463 502 564 635 636 637 644 648 727 728 729 752 756 833 1008 1072 1079 1080 1187 1188 1189 1321 1428 1505 1508 1509 1674 1675 1676 1892 1893 1894 1946 2051 2174 2177 2178 2253 2254 2381 2449 2717 2906 2984 3043 3106 3119 3133 3134 3201 3202 3232 3249 3250 
75 98 99 100 102 103 104 105 186 205 206 207 208 210 211 277 436 462 503 504 505 506 564 636 645 646 647 648 728 753 754 755 756 833 1008 1072 1077 1078 1079 1183 1184 1185 1186 1188 1189 1321 1428 1498 1500 1502 1504 1508 1509 1670 1671 1672 1673 1675 1676 1888 1889 1890 1891 1893 1894 1946 2051 2157 2170 2177 2178 2253 2254 2381 2382 2449 2615 2717 2906 2984 3043 3106 3119 3133 3134 3201 3202 3232 3249 3250 
75 97 98 99 102 105 186 208 212 277 436 461 463 502 503 506 564 635 637 644 645 648 727 729 752 753 756 833 1008 1072 1076 1077 1078 1079 1080 1186 1190 1321 1428 1504 1511 1673 1677 1891 1895 1946 2051 2169 2170 2171 2172 2173 2381 2382 2717 2906 2984 3043 3109 3119 3132 3210 3248 3279 
75 97 98 100 102 103 104 105 186 205 206 207 208 210 212 277 436 461 462 463 503 504 505 506 564 635 636 637 645 646 647 648 727 728 729 753 754 755 756 833 1008 1072 1078 1080 1183 1184 1185 1186 1188 1190 1321 1428 1498 1500 1502 1504 1508 1511 1670 1671 1672 1673 1675 1677 1888 1889 1890 1891 1893 1895 1946 2051 2157 2172 2175 2177 2178 2253 2254 2381 2382 2449 2615 2717 2906 2984 3043 3106 3119 3133 3134 3201 3202 3232 3249 3250 
70 87 97 98 99 100 101 102 194 208 209 210 211 304 341 342 358 462 463 464 472 496 636 637 640 644 645 728 729 731 752 753 1079 1080 1124 1159 1186 1187 1188 1189 1445 1446 1503 1504 1505 1508 1509 1648 1673 1675 1676 1851 1891 1892 1893 1894 2061 2171 2177 2178 2254 2260 2382 2476 2646 2766 2844 2887 3106 3132 3134 3199 3202 3232 3250 3279 
75 97 98 99 101 102 105 186 208 209 211 277 436 462 463 502 503 506 564 636 637 644 645 648 728 729 752 753 756 833 1008 1072 1076 1077 1079 1080 1186 1187 1189 1321 1428 1504 1505 1509 1673 1674 1676 1891 1892 1894 1946 2051 2169 2170 2171 2172 2173 2381 2382 2717 2906 2984 3043 3109 3119 3132 3210 3248 3279 
75 97 98 99 101 102 105 186 208 209 211 277 436 462 502 503 506 564 636 644 645 648 728 752 753 756 833 1008 1072 1076 1078 1079 1080 1186 1187 1189 1321 1428 1504 1505 1509 1673 1674 1676 1891 1892 1894 1946 2051 2169 2170 2171 2172 2173 2381 2382 2717 2906 2984 3043 3109 3119 3132 3210 3248 3279 
67 69 70 100 101 102 103 104 141 142 152 301 357 360 361 362 373 374 452 497 498 499 500 501 507 508 514 586 587 588 589 590 632 653 654 655 656 657 725 760 761 762 763 764 855 856 857 858 859 1048 1049 1051 1056 1060 1170 1171 1172 1173 1180 1474 1477 1479 1480 1489 1657 1660 1874 1875 1876 1877 1881 2147 2152 2377 2378 2496 2612 2613 2689 3020 3068 3117 3160 
66 97 98 99 101 102 103 140 207 211 340 358 462 463 496 636 637 645 646 728 729 753 754 1075 1076 1077 1078 1079 1080 1185 1189 1501 1502 1509 1610 1672 1676 1890 1894 2169 2170 2171 2172 2173 2320 2382 2507 2625 2695 3109 3132 3210 3247 3278 
70 86 105 106 142 151 152 357 374 494 501 508 584 590 658 765 835 1048 1124 1604 1852 2024 2095 2377 2548 2612 2689 2696 2756 2838 3068 3069 3117 3160 
97 98 99 101 102 104 206 208 212 461 463 505 635 637 647 727 729 755 1075 1076 1077 1078 1079 1080 1184 1186 1190 1500 1504 1511 1610 1671 1673 1677 1889 1891 1895 2168 2169 2170 2171 2172 2173 2318 2320 2382 2430 2507 2622 2625 2695 2721 2784 2837 3109 3132 3197 3210 3246 3247 3248 3277 3278 3279 
92 94 97 102 103 104 187 206 208 213 302 341 358 450 451 453 460 496 505 626 627 634 645 646 647 720 721 726 753 754 755 1011 1012 1013 1074 1152 1184 1186 1191 1430 1500 1503 1504 1513 1641 1671 1673 1678 1844 1889 1891 1896 2061 2096 2097 2098 2099 2252 2318 2370 2430 2471 2597 2622 2707 2721 2784 2837 2894 2974 3018 3110 3176 3195 3197 3199 3230 3246 3277 3279 
92 94 97 98 99 101 103 104 187 206 212 213 302 358 450 451 453 460 461 463 496 505 626 627 634 635 637 646 647 720 721 726 727 729 754 755 1011 1012 1013 1074 1076 1077 1078 1079 1080 1152 1184 1190 1191 1430 1500 1511 1513 1641 1671 1677 1678 1844 1889 1895 1896 2096 2097 2098 2099 2169 2170 2171 2172 2173 2252 2318 2370 2382 2430 2471 2597 2622 2707 2721 2784 2837 2894 2974 3018 3109 3110 3132 3176 3195 3197 3230 3246 3277 
92 94 97 99 101 187 209 211 213 302 342 358 450 451 453 460 461 462 463 496 626 627 634 635 636 637 644 720 721 726 727 728 729 752 1011 1012 1013 1077 1078 1079 1152 1187 1189 1191 1430 1505 1509 1513 1641 1676 1678 1844 1892 1894 1896 2096 2097 2098 2099 2174 2175 2176 2252 2253 2370 2471 2597 2707 2894 2974 3018 3105 3110 3133 3176 3195 3200 3230 3231 3249 
92 94 97 98 100 103 104 187 206 210 212 213 302 358 450 451 453 460 461 463 496 505 626 627 634 635 637 646 647 720 721 726 727 729 754 755 1011 1012 1013 1074 1079 1080 1152 1184 1188 1190 1191 1430 1500 1508 1511 1513 1641 1671 1675 1677 1678 1844 1889 1893 1895 1896 2096 2097 2098 2099 2171 2174 2177 2178 2252 2253 2254 2317 2370 2382 2429 2449 2471 2502 2597 2620 2621 2707 2720 2754 2894 2974 3018 3106 3110 3132 3133 3134 3176 3195 3197 3201 3202 3210 3230 3232 3246 3249 3250 3277 
92 94 97 98 99 100 103 104 187 206 210 211 213 302 358 450 451 453 460 462 496 505 626 627 634 636 646 647 720 721 726 728 754 755 1011 1012 1013 1074 1077 1078 1079 1152 1184 1188 1189 1191 1430 1500 1508 1509 1513 1641 1671 1675 1676 1678 1844 1889 1893 1894 1896 2096 2097 2098 2099 2170 2177 2178 2252 2253 2254 2317 2370 2382 2429 2449 2471 2502 2597 2620 2621 2707 2720 2754 2894 2974 3018 3106 3110 3132 3133 3134 3176 3195 3197 3201 3202 3210 3230 3232 3246 3249 3250 3277 
92 94 97 98 99 100 102 187 208 210 211 212 213 302 341 358 450 451 453 460 461 462 463 496 626 627 634 635 636 637 645 720 721 726 727 728 729 753 1011 1012 1013 1080 1152 1186 1188 1189 1190 1191 1430 1503 1504 1508 1509 1511 1513 1641 1673 1675 1676 1677 1678 1844 1891 1893 1894 1895 1896 2061 2096 2097 2098 2099 2171 2174 2177 2178 2252 2253 2254 2370 2382 2449 2471 2597 2707 2894 2974 3018 3106 3110 3132 3133 3134 3176 3195 3199 3201 3202 3230 3232 3249 3250 3279 
92 94 97 98 99 100 102 187 208 210 211 212 213 302 341 358 450 451 453 460 461 462 496 626 627 634 635 636 645 720 721 726 727 728 753 1011 1012 1013 1077 1078 1080 1152 1186 1188 1189 1190 1191 1430 1503 1504 1508 1509 1511 1513 1641 1673 1675 1676 1677 1678 1844 1891 1893 1894 1895 1896 2061 2096 2097 2098 2099 2170 2177 2178 2252 2253 2254 2370 2382 2449 2471 2597 2707 2894 2974 3018 3106 3110 3132 3133 3134 3176 3195 3199 3201 3202 3230 3232 3249 3250 3279 
92 94 97 98 99 100 102 187 208 210 212 213 302 341 358 450 451 453 460 461 463 496 626 627 634 635 637 645 720 721 726 727 729 753 1011 1012 1013 1078 1080 1152 1186 1188 1190 1191 1430 1503 1504 1508 1511 1513 1641 1673 1675 1677 1678 1844 1891 1893 1895 1896 2061 2096 2097 2098 2099 2172 2175 2177 2178 2252 2253 2254 2370 2382 2449 2471 2597 2707 2894 2974 3018 3106 3110 3132 3133 3134 3176 3195 3199 3201 3202 3230 3232 3249 3250 3279 
92 94 97 98 99 101 187 209 211 212 213 302 342 358 450 451 453 460 461 462 463 496 626 627 634 635 636 637 644 720 721 726 727 728 729 752 1011 1012 1013 1077 1078 1152 1187 1189 1190 1191 1430 1505 1509 1511 1513 1641 1676 1677 1678 1844 1892 1894 1895 1896 2096 2097 2098 2099 2174 2175 2176 2252 2253 2370 2471 2597 2707 2894 2974 3018 3105 3110 3133 3176 3195 3200 3230 3231 3249 
92 94 97 98 100 102 187 208 210 212 213 302 341 358 450 451 453 460 461 462 463 496 626 627 634 635 636 637 645 720 721 726 727 728 729 753 1011 1012 1013 1078 1080 1152 1186 1188 1190 1191 1430 1503 1504 1508 1511 1513 1641 1673 1675 1677 1678 1844 1891 1893 1895 1896 2061 2096 2097 2098 2099 2172 2175 2177 2178 2252 2253 2254 2370 2382 2449 2471 2597 2707 2894 2974 3018 3106 3110 3132 3133 3134 3176 3195 3199 3201 3202 3230 3232 3249 3250 3279 
99 100 210 211 461 462 463 635 636 637 727 728 729 1078 1079 1188 1189 1508 1509 1675 1676 1893 1894 2177 2178 2254 3106 3134 3202 3232 3250 
98 99 100 210 211 212 461 462 463 635 636 637 727 728 729 1078 1188 1189 1190 1508 1509 1511 1675 1676 1677 1893 1894 1895 2177 2178 2254 3106 3134 3202 3232 3250 
98 99 100 210 212 461 463 635 637 727 729 1078 1079 1188 1190 1508 1511 1675 1677 1893 1895 2177 2178 2254 3106 3134 3202 3232 3250 
98 100 210 212 461 462 463 635 636 637 727 728 729 1078 1079 1188 1190 1508 1511 1675 1677 1893 1895 2177 2178 2254 3106 3134 3202 3232 3250 
98 99 100 101 102 208 209 210 211 212 341 461 462 463 502 635 636 637 644 645 727 728 729 752 753 1079 1186 1187 1188 1189 1190 1503 1504 1505 1508 1509 1511 1673 1674 1675 1676 1677 1891 1892 1893 1894 1895 2061 2171 2174 2177 2178 2253 2254 2382 2449 3106 3132 3133 3134 3199 3201 3202 3232 3249 3250 3279 
70 87 88 89 90 92 94 97 187 191 192 193 194 213 300 302 447 450 451 453 460 464 472 473 474 623 626 627 634 640 641 642 717 720 721 726 731 732 733 1011 1012 1013 1016 1124 1152 1156 1157 1158 1159 1191 1430 1438 1441 1442 1445 1446 1513 1641 1645 1646 1647 1648 1678 1844 1848 1849 1850 1851 1896 2096 2097 2098 2099 2112 2113 2114 2252 2257 2258 2260 2370 2454 2471 2473 2476 2597 2643 2644 2646 2707 2761 2762 2763 2766 2841 2842 2844 2884 2885 2887 2894 2974 3018 3110 3176 3195 3230 
98 99 101 102 103 104 206 207 209 211 212 342 461 462 463 496 503 504 505 635 636 637 644 646 647 727 728 729 752 753 754 755 1075 1076 1077 1078 1079 1184 1185 1187 1189 1190 1500 1502 1505 1509 1511 1671 1672 1676 1677 1889 1890 1892 1894 1895 2168 2169 2170 2171 2172 2173 2174 2175 2176 2253 2318 2382 2430 2622 2721 2784 2837 3105 3109 3132 3133 3197 3200 3231 3246 3249 3277 
70 88 98 99 101 193 209 211 304 342 358 462 463 464 472 473 496 636 637 640 641 644 728 729 731 732 752 1018 1077 1078 1079 1124 1158 1187 1189 1442 1446 1505 1509 1647 1676 1850 1892 1894 2117 2174 2175 2176 2253 2259 2475 2645 2765 2843 2886 3105 3133 3200 3231 3249 
69 87 97 98 100 103 104 106 151 194 206 210 212 304 358 461 463 464 472 496 505 584 635 637 640 646 647 727 729 731 754 755 835 1019 1074 1079 1080 1159 1184 1188 1190 1445 1446 1500 1508 1511 1604 1648 1671 1675 1677 1851 1852 1853 1889 1893 1895 2024 2095 2171 2174 2177 2178 2253 2254 2260 2317 2382 2429 2449 2476 2502 2548 2620 2621 2646 2696 2720 2754 2756 2766 2838 2844 2887 3106 3132 3133 3134 3197 3201 3202 3210 3232 3246 3249 3250 3277 
69 87 98 99 100 103 104 106 151 194 206 210 211 304 358 462 464 472 496 505 584 636 640 646 647 728 731 754 755 835 1019 1074 1077 1078 1079 1159 1184 1188 1189 1445 1446 1500 1508 1509 1604 1648 1671 1675 1676 1851 1852 1853 1889 1893 1894 2024 2095 2170 2177 2178 2253 2254 2260 2317 2382 2429 2449 2476 2502 2548 2620 2621 2646 2696 2720 2754 2756 2766 2838 2844 2887 3106 3132 3133 3134 3197 3201 3202 3210 3232 3246 3249 3250 3277 
69 87 102 103 104 106 151 194 206 208 304 341 358 464 472 496 505 584 640 645 646 647 731 753 754 755 835 1019 1074 1159 1184 1186 1445 1446 1500 1503 1504 1604 1648 1671 1673 1851 1852 1853 1889 1891 2024 2061 2095 2260 2318 2430 2476 2548 2622 2646 2696 2721 2756 2766 2784 2837 2838 2844 2887 3197 3199 3246 3277 3279 
75 77 78 183 184 186 277 278 280 436 437 439 564 565 567 709 710 711 830 831 833 1003 1005 1008 1318 1319 1321 1425 1426 1428 1843 1948 1949 2053 2971 3024 3025 3080 3081 3082 3121 3122 3168 3169 
77 78 91 92 94 97 138 140 183 187 213 279 280 300 302 439 450 451 453 460 566 567 626 627 634 709 720 721 726 830 1003 1011 1012 1013 1014 1152 1191 1318 1425 1430 1513 1641 1678 1844 1896 1948 2053 2096 2097 2098 2099 2252 2370 2471 2597 2707 2894 2974 3018 3024 3080 3081 3110 3121 3168 3176 3195 3230 
75 76 77 97 98 100 103 104 138 140 184 185 206 210 212 278 279 358 437 438 461 463 496 505 565 566 635 637 646 647 710 711 727 729 754 755 831 832 1005 1006 1074 1079 1080 1184 1188 1190 1319 1320 1426 1427 1500 1508 1511 1671 1675 1677 1843 1889 1893 1895 1949 2171 2174 2177 2178 2253 2254 2317 2382 2429 2449 2502 2620 2621 2720 2754 2971 3025 3082 3106 3122 3132 3133 3134 3169 3197 3201 3202 3210 3232 3246 3249 3250 3277 
69 87 105 106 142 151 152 194 357 374 472 501 508 584 590 639 640 658 730 731 765 835 1019 1048 1124 1159 1445 1446 1604 1648 1851 1852 1853 2024 2095 2260 2377 2476 2548 2612 2646 2689 2696 2756 2766 2838 2844 2887 3068 3069 3117 3160 
75 76 77 98 99 100 103 104 138 140 184 185 206 210 211 278 279 358 437 438 462 496 505 565 566 636 646 647 710 711 728 754 755 831 832 1005 1006 1074 1077 1078 1079 1184 1188 1189 1319 1320 1426 1427 1500 1508 1509 1671 1675 1676 1843 1889 1893 1894 1949 2170 2177 2178 2253 2254 2317 2382 2429 2449 2502 2620 2621 2720 2754 2971 3025 3082 3106 3122 3132 3133 3134 3169 3197 3201 3202 3210 3232 3246 3249 3250 3277 
75 76 77 102 103 104 138 140 184 185 206 208 278 279 341 358 437 438 496 505 565 566 645 646 647 710 711 753 754 755 831 832 1005 1006 1074 1184 1186 1319 1320 1426 1427 1500 1503 1504 1671 1673 1843 1889 1891 1949 2061 2318 2430 2622 2721 2784 2837 2971 3025 3082 3122 3169 3197 3199 3246 3277 3279 
66 88 89 90 140 191 192 193 300 304 447 473 474 623 641 642 717 732 733 1016 1156 1157 1158 1438 1441 1442 1645 1646 1647 1848 1849 1850 2112 2113 2114 2257 2258 2454 2473 2643 2644 2761 2762 2763 2841 2842 2884 2885 
97 98 99 101 102 103 104 206 207 208 209 211 212 342 461 462 463 504 505 635 636 637 644 646 647 727 728 729 752 754 755 1075 1076 1077 1078 1079 1080 1184 1185 1186 1187 1189 1190 1500 1502 1504 1505 1509 1511 1671 1672 1673 1676 1677 1889 1890 1891 1892 1894 1895 2168 2169 2170 2171 2172 2173 2174 2175 2176 2253 2318 2382 2430 2622 2721 2784 2837 3105 3109 3132 3133 3197 3200 3210 3231 3246 3248 3249 3277 3279 
66 98 99 101 140 209 211 302 342 453 461 462 463 496 503 504 505 506 633 634 635 636 637 644 646 647 726 727 728 729 752 753 754 755 756 877 1077 1078 1079 1087 1187 1189 1193 1194 1195 1196 1197 1198 1199 1200 1201 1505 1509 1519 1520 1611 1614 1676 1679 1680 1681 1682 1683 1728 1731 1892 1894 1900 1901 1902 2001 2002 2174 2175 2176 2187 2253 2321 2322 2431 2432 2514 2515 2570 2626 2627 2723 2724 2814 2909 2944 2979 3021 3095 3105 3133 3200 3231 3249 
67 70 141 143 299 303 305 307 440 442 443 445 446 465 466 467 468 469 568 569 570 571 610 618 619 620 621 622 712 713 714 715 716 766 885 886 887 888 1101 1103 1231 1232 1233 1234 1235 1358 1556 1557 1558 1624 1702 1737 1738 1739 1922 2007 2008 2226 2313 2425 2530 2569 2713 2732 2813 2901 2902 2941 2976 3019 3097 
52 54 62 69 117 118 127 128 129 130 145 151 203 204 232 234 235 236 237 238 239 241 242 335 337 354 391 402 406 407 408 409 410 411 412 413 485 541 542 543 544 545 546 577 583 604 605 643 674 743 748 798 799 800 801 802 804 919 927 963 964 966 1146 1295 1297 1403 1404 1405 1410 1787 2028 2076 2380 2459 2498 2652 2771 2772 2846 2878 2889 3019 3097 
75 76 77 98 99 101 138 140 184 185 209 211 278 279 342 358 437 438 462 463 496 565 566 636 637 644 710 711 728 729 752 831 832 1005 1006 1077 1078 1079 1187 1189 1319 1320 1426 1427 1505 1509 1676 1843 1892 1894 1949 2174 2175 2176 2253 2971 3025 3082 3105 3122 3133 3169 3200 3231 3249 
53 70 87 140 146 147 148 149 194 304 326 327 328 329 330 331 332 333 334 464 472 475 476 477 478 479 480 481 482 572 573 574 575 576 591 602 603 640 673 731 791 792 793 794 795 924 925 957 960 961 1124 1145 1159 1289 1290 1291 1292 1293 1400 1401 1402 1445 1446 1648 1786 1851 2074 2075 2260 2351 2352 2457 2458 2476 2646 2651 2766 2770 2844 2845 2887 2888 3021 3095 
88 89 90 91 190 191 192 193 315 441 447 448 473 623 624 641 717 718 732 1015 1016 1017 1155 1156 1157 1158 1436 1438 1440 1441 1442 1644 1645 1646 1647 1847 1848 1849 1850 2108 2109 2110 2111 2112 2113 2114 2115 2116 2257 2258 2371 2473 2474 2643 2644 2706 2761 2763 2778 2841 2842 2883 2884 2885 2958 3012 
75 97 98 99 101 102 105 186 208 209 211 212 277 342 436 461 462 463 503 506 564 635 636 637 644 645 727 728 729 752 753 756 833 1008 1072 1076 1077 1078 1079 1080 1186 1187 1189 1190 1321 1428 1504 1505 1509 1511 1673 1676 1677 1891 1892 1894 1895 1946 2051 2169 2170 2171 2172 2173 2174 2175 2176 2253 2381 2382 2717 2906 2984 3043 3105 3109 3119 3132 3133 3200 3210 3231 3248 3249 3279 
70 87 88 89 90 191 192 193 194 300 304 447 464 472 473 474 623 640 641 642 717 731 732 733 1016 1124 1156 1157 1158 1159 1438 1441 1442 1445 1446 1645 1646 1647 1648 1848 1849 1850 1851 2112 2113 2114 2257 2258 2260 2454 2473 2476 2643 2644 2646 2761 2762 2763 2766 2841 2842 2844 2884 2885 2887 
70 75 76 78 87 138 140 183 184 185 194 278 279 280 296 304 437 439 464 472 565 566 567 640 709 710 711 731 830 831 832 1003 1004 1006 1124 1159 1318 1320 1425 1426 1427 1445 1446 1648 1843 1851 1948 1949 2053 2260 2476 2646 2766 2844 2887 2971 3024 3025 3080 3081 3082 3121 3122 3168 3169 
70 87 97 98 100 103 104 194 206 210 212 304 358 461 463 464 472 496 505 635 637 640 646 647 727 729 731 754 755 1074 1079 1080 1124 1159 1184 1188 1190 1445 1446 1500 1508 1511 1648 1671 1675 1677 1851 1889 1893 1895 2171 2174 2177 2178 2253 2254 2260 2317 2382 2429 2449 2476 2502 2620 2621 2646 2720 2754 2766 2844 2887 3106 3132 3133 3134 3197 3201 3202 3210 3232 3246 3249 3250 3277 
70 87 98 99 100 103 104 194 206 210 211 304 358 462 464 472 496 505 636 640 646 647 728 731 754 755 1074 1077 1078 1079 1124 1159 1184 1188 1189 1445 1446 1500 1508 1509 1648 1671 1675 1676 1851 1889 1893 1894 2170 2177 2178 2253 2254 2260 2317 2382 2429 2449 2476 2502 2620 2621 2646 2720 2754 2766 2844 2887 3106 3132 3133 3134 3197 3201 3202 3210 3232 3246 3249 3250 3277 
70 87 97 98 99 101 102 194 208 209 211 212 304 342 358 461 462 463 464 472 503 635 636 637 640 644 645 727 728 729 731 752 753 1076 1077 1078 1079 1080 1124 1159 1186 1187 1189 1190 1445 1446 1504 1505 1509 1511 1648 1673 1676 1677 1851 1891 1892 1894 1895 2169 2170 2171 2172 2173 2174 2175 2176 2253 2260 2382 2476 2646 2766 2844 2887 3105 3109 3132 3133 3200 3210 3231 3248 3249 3279 
70 87 102 103 104 194 206 208 304 341 358 464 472 496 505 640 645 646 647 731 753 754 755 1074 1124 1159 1184 1186 1445 1446 1500 1503 1504 1648 1671 1673 1851 1889 1891 2061 2260 2318 2430 2476 2622 2646 2721 2766 2784 2837 2844 2887 3197 3199 3246 3277 3279 
70 87 88 90 191 194 300 304 447 464 472 474 623 640 642 717 731 733 1016 1017 1018 1124 1156 1159 1438 1445 1446 1645 1648 1848 1851 2112 2113 2114 2257 2259 2260 2455 2473 2476 2643 2645 2646 2761 2764 2765 2766 2841 2843 2844 2884 2886 2887 
70 87 90 191 194 300 304 447 464 472 473 474 623 640 641 642 717 731 732 733 1016 1017 1018 1124 1156 1159 1438 1445 1446 1645 1648 1848 1851 2112 2113 2114 2257 2259 2260 2455 2473 2476 2643 2645 2646 2761 2764 2765 2766 2841 2843 2844 2884 2886 2887 
97 98 100 101 102 208 209 210 212 341 461 463 502 635 637 644 645 727 729 752 753 1079 1080 1186 1187 1188 1190 1503 1504 1505 1508 1511 1673 1674 1675 1677 1891 1892 1893 1895 2061 2171 2174 2177 2178 2253 2254 2382 2449 3106 3132 3133 3134 3199 3201 3202 3232 3249 3250 3279 
98 99 100 101 102 208 209 210 211 341 462 502 636 644 645 728 752 753 1077 1078 1079 1186 1187 1188 1189 1503 1504 1505 1508 1509 1673 1674 1675 1676 1891 1892 1893 1894 2061 2170 2177 2178 2253 2254 2382 2449 3106 3132 3133 3134 3199 3201 3202 3232 3249 3250 3279 
91 92 94 97 98 99 101 187 209 211 213 302 342 358 450 451 453 460 462 463 496 626 627 634 636 637 644 720 721 726 728 729 752 1011 1012 1013 1014 1077 1078 1079 1152 1187 1189 1191 1430 1505 1509 1513 1641 1676 1678 1844 1892 1894 1896 2096 2097 2098 2099 2174 2175 2176 2252 2253 2370 2471 2597 2707 2894 2974 3018 3105 3110 3133 3176 3195 3200 3230 3231 3249 
69 87 97 98 100 102 103 106 151 194 207 210 212 304 340 358 461 463 464 472 496 584 635 637 640 646 727 729 731 754 835 1019 1079 1080 1159 1185 1188 1190 1192 1445 1446 1501 1502 1508 1511 1604 1648 1672 1675 1677 1851 1852 1853 1890 1893 1895 2024 2095 2171 2174 2177 2178 2253 2254 2260 2319 2382 2449 2476 2504 2548 2624 2646 2696 2722 2755 2756 2766 2838 2844 2887 3106 3132 3133 3134 3198 3201 3202 3232 3249 3250 3278 
69 87 98 99 100 102 106 151 194 208 210 211 304 341 358 462 464 472 496 584 636 640 645 728 731 753 835 1019 1077 1078 1079 1159 1186 1188 1189 1445 1446 1503 1504 1508 1509 1604 1648 1673 1675 1676 1851 1852 1853 1891 1893 1894 2024 2061 2095 2170 2177 2178 2253 2254 2260 2382 2449 2476 2548 2646 2696 2756 2766 2838 2844 2887 3106 3132 3133 3134 3199 3201 3202 3232 3249 3250 3279 
77 78 88 89 138 140 149 183 192 193 279 280 304 315 327 439 473 474 566 567 641 709 732 733 830 1003 1017 1157 1158 1318 1425 1440 1441 1442 1646 1647 1849 1850 1948 2053 2115 2116 2258 2474 2644 2763 2842 2885 3024 3080 3081 3121 3168 
69 77 78 87 106 138 140 151 183 194 279 280 300 304 439 464 472 566 567 584 640 709 731 830 835 1003 1019 1159 1318 1425 1445 1446 1604 1648 1851 1852 1853 1948 2024 2053 2095 2260 2476 2548 2646 2696 2756 2766 2838 2844 2887 3024 3080 3081 3121 3168 
69 87 98 99 101 106 151 194 209 211 304 342 358 462 463 464 472 496 584 636 637 640 644 728 729 731 752 835 1019 1077 1078 1079 1159 1187 1189 1445 1446 1505 1509 1604 1648 1676 1851 1852 1853 1892 1894 2024 2095 2174 2175 2176 2253 2260 2476 2548 2646 2696 2756 2766 2838 2844 2887 3105 3133 3200 3231 3249 
70 87 98 99 100 101 102 194 208 209 210 211 304 341 342 358 462 464 472 496 636 640 644 645 728 731 752 753 1077 1078 1079 1124 1159 1186 1187 1188 1189 1445 1446 1503 1504 1505 1508 1509 1648 1673 1675 1676 1851 1891 1892 1893 1894 2061 2170 2177 2178 2254 2260 2382 2476 2646 2766 2844 2887 3106 3132 3134 3199 3202 3232 3250 3279 
97 98 100 210 212 461 462 463 635 636 637 727 728 729 1078 1079 1080 1188 1190 1508 1511 1675 1677 1893 1895 2177 2178 2254 3106 3134 3202 3232 3250 
97 99 100 210 211 462 463 636 637 728 729 1078 1080 1188 1189 1508 1509 1675 1676 1893 1894 2177 2178 2254 3106 3134 3202 3232 3250 
70 87 97 98 99 100 102 103 194 207 210 211 304 340 358 462 463 464 472 496 636 637 640 646 728 729 731 754 1079 1080 1124 1159 1185 1188 1189 1192 1445 1446 1501 1502 1508 1509 1648 1672 1675 1676 1851 1890 1893 1894 2171 2174 2177 2178 2253 2254 2260 2319 2382 2449 2476 2504 2624 2646 2722 2755 2766 2844 2887 3106 3132 3133 3134 3198 3201 3202 3232 3249 3250 3278 
88 89 90 91 92 94 97 187 191 192 193 213 300 302 315 447 450 451 453 460 473 623 626 627 634 641 717 720 721 726 732 1011 1012 1013 1014 1016 1017 1152 1156 1157 1158 1191 1430 1438 1440 1441 1442 1513 1641 1645 1646 1647 1678 1844 1848 1849 1850 1896 2096 2097 2098 2099 2112 2113 2114 2115 2116 2252 2257 2258 2370 2471 2473 2474 2597 2643 2644 2707 2761 2763 2841 2842 2884 2885 2894 2974 3018 3110 3176 3195 3230 
88 89 90 191 192 193 300 304 315 447 473 474 623 641 717 732 733 1016 1017 1156 1157 1158 1438 1440 1441 1442 1645 1646 1647 1848 1849 1850 2112 2113 2114 2115 2116 2257 2258 2473 2474 2643 2644 2761 2763 2841 2842 2884 2885 
70 87 88 90 191 193 194 300 304 447 464 472 473 474 623 640 641 642 717 731 732 733 1016 1017 1124 1156 1158 1159 1438 1442 1445 1446 1645 1647 1648 1848 1850 1851 2112 2113 2114 2257 2260 2473 2476 2643 2646 2761 2766 2841 2844 2884 2887 
75 76 77 78 183 184 185 278 280 437 439 565 567 709 710 711 830 831 832 1003 1005 1006 1318 1319 1320 1425 1426 1427 1843 1948 1949 2053 2971 3024 3025 3080 3081 3082 3121 3122 3168 3169 
76 77 78 183 184 185 277 278 280 436 437 439 564 565 567 709 710 711 830 831 832 1003 1005 1006 1318 1319 1320 1425 1426 1427 1843 1948 1949 2053 2971 3024 3025 3080 3081 3082 3121 3122 3168 3169 
75 105 186 277 436 496 506 564 648 756 833 1008 1072 1321 1428 1946 2051 2381 2717 2906 2984 3043 3119 
97 99 100 210 211 461 462 463 635 636 637 727 728 729 1078 1079 1080 1188 1189 1508 1509 1675 1676 1893 1894 2177 2178 2254 3106 3134 3202 3232 3250 
98 99 100 210 211 462 463 636 637 728 729 1078 1079 1188 1189 1508 1509 1675 1676 1893 1894 2177 2178 2254 3106 3134 3202 3232 3250 
97 98 99 100 210 211 462 463 636 637 728 729 1078 1079 1080 1188 1189 1508 1509 1675 1676 1893 1894 2177 2178 2254 3106 3134 3202 3232 3250 
70 87 97 98 99 101 194 209 212 304 342 358 461 463 464 472 496 635 637 640 644 727 729 731 752 1077 1078 1079 1080 1124 1159 1187 1190 1445 1446 1505 1511 1648 1677 1851 1892 1895 2174 2175 2176 2253 2260 2476 2646 2766 2844 2887 3105 3133 3200 3231 3249 
53 66 146 147 148 149 326 327 328 329 330 331 332 333 334 475 476 477 478 479 480 481 482 572 573 574 575 576 591 602 603 673 791 792 793 794 795 924 925 957 960 961 1145 1289 1290 1291 1292 1293 1400 1401 1402 1786 2074 2075 2351 2352 2457 2458 2651 2770 2845 2888 3021 3095 
70 77 78 87 138 140 183 194 279 280 304 439 464 472 566 567 640 709 731 830 1003 1124 1159 1318 1425 1445 1446 1648 1851 1948 2053 2260 2476 2646 2766 2844 2887 3024 3080 3081 3121 3168 
75 76 77 78 183 184 186 277 280 436 439 564 567 709 710 711 830 831 833 1003 1005 1008 1318 1319 1321 1425 1426 1428 1843 1948 1949 2053 2971 3024 3025 3080 3081 3082 3121 3122 3168 3169 
69 70 105 142 152 357 374 501 508 590 658 765 1048 2377 2612 2689 3068 3069 3117 3160 
50 68 116 136 164 226 230 264 399 558 617 685 692 3070 3101 3103 3161 3179 3190 3209 3239 
10 113 3129 3177 
3238 3239 
121 124 
120 122 
6 
8 
13 
14 
15 
22 
25 
27 
31 
34 
35 
38 
39 
43 107 
2 107 
45 122 
51 124 
52 67 127 128 129 130 234 235 236 237 238 239 240 241 242 406 407 408 409 410 411 412 413 541 542 543 544 545 546 604 605 674 798 799 800 801 802 804 919 927 963 964 966 1146 1295 1297 1403 1404 1405 1410 1787 2076 2459 2652 2771 2772 2846 2889 3019 3097 
67 69 70 100 101 105 141 142 152 301 357 373 374 452 497 501 507 508 514 586 590 632 653 654 658 725 760 761 765 858 1048 1056 1173 1480 1660 1877 2152 2377 2378 2612 2613 2689 3020 3068 3117 3160 
20 112 3129 3177 
66 103 104 140 206 358 496 505 646 647 754 755 1074 1184 1500 1671 1889 2317 2318 2429 2430 2502 2620 2621 2622 2720 2721 2754 2784 2837 3197 3246 3277 
97 98 99 100 210 212 461 463 635 637 727 729 1078 1079 1080 1188 1190 1508 1511 1675 1677 1893 1895 2177 2178 2254 3106 3134 3202 3232 3250 
66 91 92 94 97 98 99 100 101 102 103 104 105 140 195 214 215 216 217 218 219 220 221 222 302 358 364 366 367 371 372 450 451 453 461 462 463 496 505 626 627 634 635 636 637 644 645 646 647 648 720 721 726 727 728 729 752 753 754 755 756 1020 1021 1022 1023 1091 1092 1093 1094 1095 1096 1097 1161 1212 1213 1214 1215 1216 1217 1218 1219 1220 1448 1532 1533 1535 1536 1537 1538 1541 1542 1544 1546 1547 1548 1620 1622 1649 1689 1690 1691 1693 1694 1695 1696 1855 1908 1909 1910 1911 1912 1913 1914 1915 1916 2006 2119 2120 2121 2122 2199 2203 2204 2205 2206 2211 2212 2213 2217 2218 2219 2329 2330 2331 2332 2338 2339 2340 2341 2342 2372 2386 2387 2388 2436 2439 2440 2485 2520 2522 2575 2576 2577 2582 2583 2609 2677 2678 2684 2685 2710 2818 2822 2823 2875 2897 2932 2935 2936 2939 2954 2981 3006 3008 3047 3062 3065 3115 3157 3159 3225 3228 3229 3244 3273 3275 3303 3307 3312 3333 3335 3359 3362 3368 3377 3378 3391 3395 3408 3419 3436 3437 3438 3439 3444 3452 3461 3462 3471 3472 3479 3482 3488 3494 3500 3507 3509 
