67 127 128 129 130 131 132 137 234 235 237 238 239 240 241 242 243 245 246 248 249 269 271 272 273 274 275 406 407 408 409 410 411 412 413 414 415 417 418 430 433 434 541 542 543 544 545 546 547 548 549 550 551 560 561 562 563 604 605 611 674 767 798 799 800 801 802 803 804 889 890 891 892 893 894 895 896 897 919 926 927 962 963 965 967 1106 1107 1146 1294 1296 1298 1360 1362 1363 1380 1381 1382 1383 1403 1404 1405 1560 1561 1562 1629 1630 1782 1787 1923 1924 1925 2045 2046 2070 2076 2077 2230 2231 2311 2353 2354 2389 2390 2459 2460 2532 2533 2652 2673 2772 2782 2846 2853 2889 2898 3019 3097 
69 104 105 142 357 362 363 374 501 508 589 590 657 658 764 765 855 1047 1048 1050 1170 1475 1874 2148 2377 2612 2689 3068 3069 3117 3160 
70 103 105 152 357 360 374 497 498 499 500 501 508 514 515 516 517 518 586 587 588 589 590 656 657 658 761 762 763 764 765 855 856 857 859 1048 1055 1060 1170 1171 1172 1180 1474 1476 1478 1489 1657 1658 1659 1874 1875 1876 1881 2147 2377 2378 2496 2612 2613 2689 3020 3068 3069 3117 3160 
66 67 69 70 99 100 101 102 104 140 141 142 152 205 208 301 338 341 357 358 373 374 452 496 497 501 507 508 513 514 586 590 631 632 645 647 648 652 653 654 658 724 725 753 755 756 759 760 761 765 858 1048 1057 1073 1173 1174 1175 1183 1186 1480 1482 1497 1503 1504 1660 1661 1673 1877 1878 1888 1891 2061 2153 2316 2377 2378 2428 2612 2613 2618 2689 2719 2783 2836 3020 3068 3117 3160 3196 3199 3245 3276 3279 
52 69 70 99 100 101 105 131 132 137 141 142 152 243 269 273 275 301 357 373 374 414 415 416 417 418 430 431 432 433 434 452 497 501 507 508 513 514 547 548 549 550 551 560 561 562 563 586 590 611 631 632 652 653 654 658 724 725 759 760 761 765 767 858 889 890 891 892 893 894 895 896 897 1048 1057 1105 1106 1108 1110 1173 1174 1175 1236 1237 1238 1239 1359 1361 1363 1380 1381 1382 1383 1480 1482 1560 1561 1562 1629 1630 1660 1661 1877 1878 1924 1925 2045 2046 2153 2228 2230 2231 2311 2377 2378 2389 2390 2532 2533 2612 2613 2673 2689 2782 2853 2898 3019 3020 3068 3097 3117 3160 
69 104 105 142 152 357 362 363 374 501 508 589 590 657 658 764 765 855 1047 1048 1050 1170 1475 1874 2148 2377 2612 2689 3068 3069 3117 3160 
70 103 105 142 152 357 360 374 497 498 499 500 501 508 514 515 516 517 518 586 587 588 589 590 656 657 658 761 762 763 764 765 855 856 857 859 1048 1055 1060 1170 1171 1172 1180 1474 1476 1478 1489 1657 1658 1659 1874 1875 1876 1881 2147 2377 2378 2496 2612 2613 2689 3020 3068 3069 3117 3160 
66 92 93 140 188 189 300 449 450 625 626 719 720 1013 1153 1154 1432 1434 1642 1643 1845 1846 2105 2106 2107 2290 2291 2419 2420 2480 2604 2606 2703 2758 2777 2840 2881 2956 3010 
66 91 93 140 188 190 300 313 441 449 450 624 625 626 718 719 720 1013 1014 1153 1155 1160 1432 1436 1447 1642 1845 1847 2105 2106 2290 2292 2419 2481 2604 2703 2705 2758 2759 2881 2882 2956 2957 2958 3010 3011 3012 
66 70 84 86 87 88 89 90 91 92 93 94 140 144 188 189 190 195 196 197 198 199 200 201 202 300 304 313 319 323 325 348 441 447 449 451 464 472 474 494 584 623 624 625 627 640 641 642 717 718 719 721 731 732 733 836 1013 1014 1021 1022 1023 1026 1027 1124 1153 1154 1155 1161 1162 1163 1164 1165 1166 1167 1168 1169 1432 1434 1436 1449 1450 1452 1455 1457 1458 1459 1461 1462 1463 1606 1642 1643 1649 1651 1652 1653 1654 1655 1845 1846 1847 1855 1856 1857 1858 1859 1860 1861 1862 1864 1996 2025 2105 2106 2118 2123 2124 2125 2128 2130 2136 2143 2144 2290 2294 2295 2296 2297 2306 2308 2309 2310 2373 2374 2375 2419 2421 2423 2424 2556 2557 2566 2568 2604 2662 2670 2671 2672 2703 2749 2750 2758 2803 2810 2871 2881 2926 2929 2952 2956 2958 2997 3002 3010 3012 3035 3056 3060 3147 3153 3185 3219 3222 3223 3242 3264 3269 3297 3300 3310 3323 3324 3329 3340 3353 3356 3357 3366 3371 3389 3392 3405 3415 3421 3433 3442 3451 3457 3468 3477 3481 3487 3493 3497 3506 3508 3510 3511 
66 70 84 87 88 89 90 91 92 93 94 106 125 140 144 195 196 197 198 199 200 201 202 300 304 323 325 441 447 449 450 451 464 472 474 623 624 625 626 627 640 641 642 717 718 719 720 721 731 732 733 835 836 1021 1022 1023 1026 1027 1124 1161 1162 1163 1164 1165 1166 1167 1168 1169 1449 1450 1452 1455 1457 1458 1459 1461 1462 1463 1604 1606 1649 1650 1651 1652 1653 1654 1655 1853 1855 1856 1857 1858 1859 1860 1861 1862 1863 1996 2024 2025 2095 2118 2123 2124 2125 2128 2130 2136 2143 2144 2294 2295 2296 2297 2306 2308 2309 2310 2373 2374 2375 2421 2423 2424 2493 2548 2556 2557 2565 2566 2567 2610 2662 2670 2671 2672 2696 2749 2750 2803 2810 2838 2871 2926 2929 2952 2997 3002 3035 3056 3060 3147 3153 3185 3219 3223 3264 3269 3297 3300 3301 3310 3323 3324 3329 3340 3353 3356 3366 3372 3389 3392 3405 3415 3432 3433 3434 3435 3442 3451 3457 3458 3468 3469 3477 3481 3487 3497 3505 3510 3511 
66 70 84 86 87 88 89 90 91 92 94 140 144 188 189 190 195 196 197 198 199 200 201 202 300 304 313 323 325 348 441 447 449 450 451 464 472 474 494 584 623 624 625 626 627 640 641 642 717 718 719 720 721 731 732 733 836 1013 1014 1021 1022 1023 1026 1027 1124 1153 1154 1155 1161 1162 1163 1164 1165 1166 1167 1168 1169 1432 1434 1436 1449 1451 1452 1455 1457 1458 1459 1461 1462 1463 1606 1642 1643 1649 1650 1651 1652 1653 1654 1655 1845 1846 1847 1855 1856 1857 1858 1859 1860 1861 1862 1864 1996 2025 2105 2106 2118 2123 2124 2125 2128 2130 2136 2143 2144 2290 2294 2295 2296 2297 2306 2308 2309 2310 2373 2374 2375 2419 2421 2423 2424 2556 2557 2566 2568 2604 2662 2670 2671 2672 2703 2749 2750 2758 2803 2810 2871 2881 2926 2929 2952 2956 2958 2997 3002 3010 3012 3035 3056 3060 3147 3153 3185 3219 3222 3223 3242 3264 3269 3297 3300 3310 3323 3324 3329 3340 3353 3356 3357 3366 3371 3389 3392 3405 3415 3421 3433 3442 3451 3457 3468 3477 3481 3487 3493 3497 3506 3508 3510 3511 
53 61 62 66 115 139 146 148 149 165 166 265 328 329 330 332 390 476 477 478 479 480 572 573 574 575 576 687 688 689 690 786 787 788 942 943 945 946 1282 1283 1284 1394 1395 1396 1776 1777 1952 1953 2057 2964 3027 3028 3088 3089 3126 3171 3172 
58 61 66 147 166 168 326 328 329 330 331 476 477 478 479 572 573 574 575 688 689 690 787 790 945 951 1283 1286 1395 1398 1776 1777 1951 1953 2056 2964 2985 3028 3044 3045 3086 3089 3124 3126 3172 
49 50 53 58 59 60 62 66 68 71 76 80 81 116 134 135 139 147 148 149 155 156 157 158 159 160 161 166 169 175 228 229 244 254 255 256 257 260 278 326 328 329 330 331 332 389 390 392 393 394 395 403 423 424 426 437 476 477 478 479 480 556 557 565 572 573 574 575 576 669 675 676 677 678 679 683 688 689 690 694 696 697 777 778 779 780 781 782 787 788 814 820 921 930 931 932 934 937 939 945 946 974 986 1134 1140 1277 1278 1279 1280 1281 1283 1284 1304 1310 1371 1389 1390 1391 1392 1393 1395 1396 1411 1417 1596 1599 1758 1759 1760 1764 1765 1766 1776 1777 1791 1792 1793 1794 1801 1953 1956 1963 1964 1965 1966 1967 2015 2016 2018 2031 2032 2065 2085 2261 2262 2269 2270 2272 2350 2358 2395 2402 2403 2464 2549 2593 2649 2650 2743 2790 2794 2795 2848 2849 2850 2865 2868 2891 2919 2937 2960 2962 2964 2988 3014 3028 3032 3049 3089 3099 3100 3126 3130 3131 3139 3140 3172 3181 3182 3212 3255 3281 3290 3316 3350 3382 3410 3427 3454 3464 3465 3473 3484 3490 3496 3499 3503 
66 97 99 100 140 210 211 213 302 343 453 460 462 634 636 637 726 728 729 1078 1080 1188 1189 1191 1507 1510 1513 1676 1678 1893 1894 1896 2177 2178 2254 2255 2451 3106 3134 3135 3202 3204 3205 3232 3233 3250 3251 
66 98 100 140 210 212 302 343 345 453 460 462 634 635 636 637 726 727 728 729 1078 1079 1080 1188 1190 1507 1511 1893 1895 2177 2178 2254 2256 2452 3106 3108 3134 3136 3202 3206 3207 3232 3234 3250 3252 
66 97 98 101 140 209 210 213 302 342 343 358 453 460 462 496 634 636 637 644 726 728 729 752 1077 1078 1079 1080 1187 1188 1191 1505 1507 1513 1678 1892 1893 1896 2177 2178 2253 2254 2449 3106 3133 3134 3200 3201 3202 3231 3232 3249 3250 
87 88 89 97 98 100 192 193 194 210 213 302 304 315 343 453 460 462 472 474 634 636 637 640 726 728 729 731 733 1017 1018 1078 1079 1080 1157 1158 1159 1188 1191 1440 1441 1443 1445 1507 1513 1646 1647 1648 1678 1849 1850 1851 1893 1896 2117 2177 2178 2254 2258 2259 2260 2454 2456 2475 2644 2645 2646 2763 2764 2766 2767 2843 2844 2885 2886 2887 3106 3134 3202 3232 3250 
69 88 89 106 125 151 192 315 471 473 474 584 639 730 732 733 835 1017 1124 1157 1440 1441 1604 1646 1849 1853 2024 2095 2258 2454 2548 2644 2696 2763 2838 2885 
54 118 203 232 335 401 402 483 577 748 2156 2589 2691 2831 2832 2877 2878 
69 78 153 275 377 383 434 535 563 595 845 846 1071 1330 1331 1350 1388 1469 1869 2145 2156 2379 2380 2498 2588 2716 2856 2857 2877 2904 2943 2978 3040 3041 3067 3116 
70 88 89 97 98 100 192 193 210 213 302 304 315 343 453 460 462 472 474 634 636 637 640 726 728 729 731 733 1017 1018 1078 1079 1080 1124 1157 1158 1188 1191 1440 1441 1443 1446 1507 1513 1646 1647 1678 1849 1850 1893 1896 2117 2177 2178 2254 2258 2259 2454 2475 2644 2645 2763 2764 2843 2885 2886 3106 3134 3202 3232 3250 
76 77 78 97 98 100 138 140 183 185 210 213 278 280 302 343 437 439 453 460 462 565 567 634 636 637 709 710 726 728 729 830 832 1002 1006 1078 1079 1080 1188 1191 1318 1320 1425 1427 1507 1513 1678 1841 1842 1893 1896 1948 2177 2178 2254 2970 3024 3081 3106 3121 3134 3168 3202 3232 3250 
61 66 115 139 147 166 326 328 329 330 331 390 476 477 478 479 572 573 574 575 688 689 690 787 788 945 946 1283 1284 1395 1396 1776 1777 1953 2964 3028 3089 3126 3172 
60 61 75 76 77 78 138 139 147 166 183 185 278 280 326 328 329 330 331 390 437 439 476 477 478 479 565 567 572 573 574 575 688 689 690 709 710 711 787 788 830 832 945 946 1002 1006 1283 1284 1318 1320 1395 1396 1425 1427 1776 1777 1841 1842 1948 1953 2964 2970 3024 3028 3081 3089 3121 3126 3168 3172 
50 53 62 68 75 76 77 78 116 138 148 149 160 175 183 185 228 260 278 280 332 394 395 426 437 439 480 557 565 567 576 675 680 709 710 711 820 830 832 941 986 1002 1006 1276 1310 1318 1320 1417 1425 1427 1801 1841 1842 1948 2015 2066 2085 2349 2350 2446 2692 2833 2834 2835 2879 2970 3013 3024 3071 3081 3118 3121 3162 3168 
50 53 62 68 75 76 77 78 116 138 148 149 164 183 185 230 264 278 280 332 398 399 428 437 439 480 558 565 567 576 685 686 709 710 711 830 832 1002 1006 1318 1320 1425 1427 1841 1842 1948 2017 2970 3016 3024 3081 3103 3121 3168 3209 3239 
53 62 68 71 75 76 77 78 116 135 138 148 149 162 163 183 185 231 263 278 280 332 397 400 427 437 439 480 565 567 576 671 675 681 686 709 710 711 830 832 914 941 1002 1006 1276 1287 1318 1320 1399 1425 1427 1841 1842 1948 2015 2017 2350 2970 3013 3016 3024 3071 3081 3101 3102 3118 3121 3162 3168 3178 3208 3237 
75 76 77 78 97 98 100 138 140 183 185 210 213 278 280 302 343 437 439 453 460 462 565 567 634 636 637 709 710 711 726 728 729 830 832 1002 1006 1078 1079 1080 1188 1191 1318 1320 1425 1427 1507 1513 1678 1841 1842 1893 1896 1948 2177 2178 2254 2970 3024 3081 3106 3121 3134 3168 3202 3232 3250 
75 76 77 78 91 93 97 98 100 138 140 183 185 188 210 278 280 302 343 437 439 450 451 453 462 565 567 626 627 636 637 709 710 711 720 721 728 729 830 832 1002 1006 1011 1012 1014 1078 1079 1080 1153 1188 1318 1320 1425 1427 1432 1507 1642 1841 1842 1845 1893 1948 2096 2097 2098 2099 2177 2178 2254 2370 2471 2597 2707 2894 2970 2974 3018 3024 3081 3106 3121 3134 3168 3202 3232 3250 
75 76 77 78 92 93 97 98 100 138 140 183 185 188 210 278 280 302 343 437 439 450 451 453 462 565 567 626 627 636 637 709 710 711 720 721 728 729 830 832 1002 1006 1011 1012 1013 1078 1079 1080 1153 1188 1318 1320 1425 1427 1432 1507 1642 1841 1842 1845 1893 1948 2096 2097 2098 2099 2177 2178 2254 2370 2471 2597 2707 2894 2970 2974 3018 3024 3081 3106 3121 3134 3168 3202 3232 3250 
91 92 93 188 189 190 441 448 449 450 624 625 626 718 719 720 1013 1014 1153 1154 1155 1432 1434 1436 1642 1643 1644 1845 1846 1847 2062 2105 2106 2107 2290 2291 2419 2420 2480 2604 2606 2703 2758 2777 2840 2881 2883 2956 3010 3012 
75 76 77 78 91 92 93 138 140 183 185 188 189 278 280 300 437 439 449 450 565 567 625 626 709 710 711 719 720 830 832 1002 1006 1013 1014 1153 1154 1318 1320 1425 1427 1432 1434 1642 1643 1841 1842 1845 1846 1948 2105 2106 2107 2290 2291 2419 2420 2480 2604 2606 2703 2758 2777 2840 2881 2956 2970 3010 3024 3081 3121 3168 
69 70 105 142 152 357 374 501 508 590 658 765 1048 2377 2612 2689 3068 3069 3117 3160 
69 87 106 125 151 194 472 584 640 731 835 1159 1445 1446 1604 1648 1851 1853 2024 2095 2260 2456 2548 2646 2696 2766 2767 2838 2844 2887 
70 86 106 125 348 494 584 835 1124 1604 1853 2024 2095 2548 2696 2838 
50 71 135 681 941 1276 3071 3072 3118 3162 
3238 3239 
5 
14 
19 
32 
38 
10 111 
120 
122 
69 70 106 125 151 584 835 1124 1604 1853 2024 2095 2548 2696 2838 
54 118 227 920 2498 2877 
52 67 127 128 129 130 234 235 237 238 239 240 241 242 406 407 408 409 410 411 412 413 541 542 543 544 545 546 604 605 674 798 799 800 801 802 803 804 919 926 927 962 963 965 967 1146 1294 1296 1298 1403 1404 1405 1782 1787 2070 2076 2077 2353 2354 2459 2460 2652 2772 2846 2889 3019 3097 
60 61 66 139 147 166 326 328 329 330 331 390 476 477 478 479 572 573 574 575 688 689 690 787 788 945 946 1283 1284 1395 1396 1776 1777 1953 2964 3028 3089 3126 3172 
67 69 70 99 100 101 105 141 142 152 301 357 373 374 452 497 501 507 508 513 514 586 590 631 632 652 653 654 658 724 725 759 760 761 765 858 1048 1057 1173 1174 1175 1480 1482 1660 1661 1877 1878 2153 2377 2378 2612 2613 2689 3020 3068 3117 3160 
66 97 98 100 140 210 213 302 343 453 460 462 634 636 637 726 728 729 1078 1079 1080 1188 1191 1507 1513 1678 1893 1896 2177 2178 2254 3106 3134 3202 3232 3250 
