66 87 88 89 106 140 192 193 194 304 315 316 464 472 640 641 642 731 732 733 1157 1158 1159 1440 1441 1442 1445 1646 1648 1849 1850 1851 2258 2454 2474 2548 2644 2697 2756 2763 2838 2885 
48 49 77 78 80 81 97 98 134 140 178 183 184 212 213 244 254 279 302 345 423 438 460 461 556 566 634 704 705 708 709 726 727 825 830 831 834 992 1003 1004 1010 1080 1190 1191 1313 1318 1319 1420 1425 1426 1511 1512 1514 1677 1678 1825 1826 1827 1834 1841 1842 1895 1896 1947 1948 1988 1992 2023 2041 2052 2091 2252 2256 2361 2448 2466 2470 2590 2592 2970 3017 3023 3024 3074 3076 3079 3080 3104 3108 3110 3121 3136 3163 3165 3167 3168 3175 3176 3191 3193 3195 3207 3230 3234 3252 
53 58 59 97 98 140 146 147 167 168 212 213 267 268 302 328 329 345 460 461 476 477 572 573 634 690 726 727 789 790 948 949 950 1080 1190 1191 1285 1397 1398 1511 1512 1514 1677 1678 1895 1896 1951 1955 2056 2252 2256 2448 2966 2985 3030 3044 3045 3086 3094 3108 3110 3124 3128 3136 3174 3175 3176 3195 3207 3230 3234 3252 
97 98 99 211 212 213 344 345 453 460 461 462 634 635 636 726 727 728 1079 1189 1190 1191 1509 1510 1511 1512 1514 1676 1677 1678 1894 1895 1896 2179 2252 2255 2256 2448 2451 2452 3107 3108 3110 3135 3136 3175 3176 3195 3204 3205 3206 3207 3230 3233 3234 3251 3252 
93 94 97 98 99 187 211 212 213 344 345 346 448 451 453 461 624 627 636 718 721 727 728 1011 1012 1014 1079 1080 1152 1189 1190 1191 1430 1509 1510 1511 1512 1513 1514 1641 1676 1677 1678 1844 1894 1895 1896 2096 2097 2098 2099 2179 2252 2255 2256 2370 2471 2597 2707 2894 2974 3018 3107 3108 3110 3135 3136 3176 3195 3205 3207 3230 3233 3234 3251 3252 
91 93 98 99 188 190 211 212 344 345 448 450 451 453 460 461 624 626 627 634 636 718 720 721 726 727 728 1011 1012 1014 1079 1080 1153 1155 1189 1190 1432 1436 1509 1510 1511 1512 1642 1644 1676 1677 1845 1847 1894 1895 2062 2097 2098 2099 2179 2255 2256 2370 2883 2894 2974 3012 3018 3107 3108 3135 3136 3205 3207 3233 3234 3251 3252 
93 94 98 99 187 211 212 344 345 448 451 453 460 461 624 627 634 636 718 721 726 727 728 1011 1012 1014 1079 1080 1152 1189 1190 1430 1509 1510 1511 1512 1641 1676 1677 1844 1894 1895 2096 2097 2098 2099 2179 2255 2256 2370 2471 2597 2707 2894 2974 3018 3107 3108 3135 3136 3205 3207 3233 3234 3251 3252 
91 94 98 99 187 190 211 212 344 345 448 450 451 453 460 461 624 626 627 634 636 718 720 721 726 727 728 1011 1012 1014 1079 1080 1152 1155 1189 1190 1430 1436 1509 1510 1511 1512 1641 1644 1676 1677 1844 1847 1894 1895 2062 2097 2098 2099 2179 2255 2256 2370 2883 2894 2974 3012 3018 3107 3108 3135 3136 3205 3207 3233 3234 3251 3252 
48 49 53 77 78 80 81 133 178 180 181 183 184 252 254 279 293 420 421 423 438 553 554 556 566 704 705 706 708 709 825 827 828 830 831 992 996 998 999 1003 1004 1313 1315 1316 1318 1319 1420 1422 1423 1425 1426 1748 1825 1826 1827 1834 1841 1842 1947 1948 1988 2023 2041 2052 2361 2466 2590 2970 3017 3023 3024 3074 3077 3079 3080 3104 3121 3163 3167 3168 3191 3194 
48 49 53 77 78 80 133 178 181 183 184 252 254 279 293 420 421 423 438 553 554 556 566 704 705 708 709 825 828 830 831 834 992 998 999 1003 1004 1010 1313 1316 1318 1319 1420 1423 1425 1426 1748 1825 1826 1827 1834 1841 1842 1947 1948 1988 1992 2023 2041 2052 2091 2361 2466 2470 2590 2592 2970 3017 3023 3024 3074 3076 3077 3079 3080 3104 3121 3163 3165 3167 3168 3191 3193 3194 
69 73 75 76 78 79 80 81 82 83 153 154 184 185 278 279 377 378 379 380 381 382 383 384 385 386 387 388 437 438 532 534 536 538 539 540 565 566 592 593 594 595 596 597 598 599 600 612 710 711 831 832 902 903 904 905 906 907 908 909 910 1005 1007 1125 1127 1129 1254 1319 1320 1364 1365 1367 1384 1386 1387 1426 1427 1581 1582 1583 1639 1640 1843 1944 1949 1950 2009 2049 2055 2250 2343 2537 2542 2687 2788 2789 2864 2913 2971 2972 3022 3025 3026 3082 3084 3085 3096 3122 3123 3169 3170 
69 73 75 76 77 79 80 81 82 83 153 154 183 184 270 279 280 295 377 378 379 380 381 382 383 384 385 386 387 388 438 439 532 534 536 538 539 540 566 567 592 593 594 595 596 597 598 599 600 612 709 830 831 902 903 904 905 906 907 908 909 910 1002 1004 1125 1127 1129 1254 1319 1364 1365 1367 1384 1386 1387 1425 1426 1581 1582 1583 1639 1640 1841 1842 1944 1948 2009 2049 2250 2343 2537 2542 2687 2788 2789 2864 2913 2970 3022 3024 3080 3096 3121 3168 
97 98 100 210 211 212 213 343 344 345 453 460 461 634 636 637 726 727 728 729 1078 1079 1080 1188 1189 1190 1191 1507 1509 1510 1511 1512 1514 1676 1677 1678 1893 1894 1895 1896 2177 2178 2179 2252 2254 2255 2256 2448 3106 3107 3108 3110 3134 3135 3136 3175 3176 3195 3202 3205 3207 3230 3232 3233 3234 3250 3251 3252 
53 69 73 75 76 77 78 79 81 82 83 133 153 154 180 181 183 184 251 279 292 377 378 379 380 381 382 383 384 385 386 387 388 420 421 438 532 534 536 538 539 540 553 554 566 592 593 594 595 596 597 598 599 600 612 708 709 827 828 830 831 834 902 903 904 905 906 907 908 909 910 996 998 1003 1004 1010 1125 1127 1129 1254 1316 1318 1319 1364 1365 1367 1384 1386 1387 1422 1423 1425 1426 1581 1582 1583 1639 1640 1748 1834 1841 1842 1944 1947 1948 1992 2009 2023 2049 2052 2091 2250 2343 2470 2537 2542 2592 2687 2788 2789 2864 2913 2970 3017 3022 3023 3024 3076 3077 3079 3080 3096 3104 3121 3165 3167 3168 3193 3194 
69 95 97 99 100 101 102 103 104 105 142 206 207 208 212 213 302 339 340 341 358 373 374 460 461 502 503 504 505 507 508 509 513 515 516 517 518 634 635 649 650 651 652 653 654 655 656 657 658 726 727 752 753 754 755 757 758 759 760 761 762 763 764 765 913 1076 1080 1133 1184 1185 1186 1190 1191 1266 1267 1268 1269 1270 1271 1272 1273 1274 1499 1501 1503 1511 1514 1590 1591 1592 1594 1677 1678 1722 1723 1725 1744 1745 1746 1747 1889 1890 1891 1895 1896 1941 1942 1943 2013 2014 2167 2242 2249 2252 2256 2317 2382 2429 2441 2442 2448 2502 2541 2546 2547 2586 2620 2621 2641 2642 2720 2740 2741 2754 2824 2915 2946 2982 3022 3096 3108 3110 3132 3136 3175 3176 3195 3197 3207 3210 3230 3234 3246 3252 3277 
47 75 77 78 80 102 103 104 105 134 138 181 182 183 184 186 205 244 277 279 293 298 420 438 506 552 553 564 566 648 708 709 756 828 829 830 831 833 998 999 1000 1003 1004 1008 1072 1073 1074 1075 1183 1316 1317 1318 1319 1423 1424 1425 1426 1428 1497 1670 1748 1834 1841 1842 1888 1946 1947 1948 2023 2052 2157 2158 2159 2160 2381 2499 2615 2717 2861 2862 2906 2970 2984 3017 3023 3024 3042 3073 3077 3079 3080 3119 3121 3167 3168 3194 
75 90 102 103 104 105 106 138 140 186 191 205 277 298 300 314 447 506 564 648 717 756 833 1008 1072 1073 1074 1075 1156 1183 1428 1438 1497 1670 1848 1888 1946 2157 2158 2159 2160 2257 2258 2259 2260 2381 2453 2454 2455 2456 2473 2474 2475 2476 2499 2548 2615 2643 2644 2645 2646 2697 2717 2756 2760 2761 2763 2765 2767 2838 2841 2861 2862 2884 2885 2886 2887 2906 2984 3042 3073 3119 
89 90 97 99 191 211 212 213 300 302 304 314 344 345 447 453 460 461 474 634 635 636 717 726 727 728 733 1016 1079 1080 1156 1189 1190 1191 1438 1509 1510 1511 1512 1514 1676 1677 1678 1848 1894 1895 1896 2179 2252 2255 2256 2257 2448 2453 2643 2760 2761 2841 2884 3107 3108 3110 3135 3136 3175 3176 3195 3205 3207 3230 3233 3234 3251 3252 
48 49 53 77 78 80 81 133 178 181 183 184 254 279 293 420 423 438 553 556 566 704 705 708 709 825 828 830 831 834 992 998 999 1003 1004 1010 1313 1316 1318 1319 1420 1423 1425 1426 1748 1825 1826 1827 1834 1841 1842 1947 1948 1988 1992 2023 2041 2052 2091 2361 2466 2470 2590 2592 2970 3017 3023 3024 3074 3076 3077 3079 3080 3104 3121 3163 3165 3167 3168 3191 3193 3194 
75 89 90 102 103 104 105 138 140 186 191 205 277 298 300 304 314 447 474 506 564 648 717 733 756 833 1008 1016 1072 1073 1074 1075 1156 1183 1428 1438 1497 1670 1848 1888 1946 2157 2158 2159 2160 2257 2381 2453 2499 2615 2643 2717 2760 2761 2841 2861 2862 2884 2906 2984 3042 3073 3119 
66 69 73 76 77 78 79 80 81 82 83 138 153 154 185 277 278 377 378 379 380 381 382 383 384 385 386 387 388 437 532 534 536 538 539 540 564 565 592 593 594 595 596 597 598 599 600 612 711 832 902 903 904 905 906 907 908 909 910 1007 1125 1127 1129 1254 1320 1364 1365 1367 1384 1386 1387 1427 1581 1582 1583 1639 1640 1944 1950 2009 2049 2055 2250 2343 2537 2542 2687 2788 2789 2864 2913 3022 3026 3084 3085 3096 3123 3170 
48 49 66 80 134 178 181 244 251 252 254 420 421 423 553 554 556 704 705 706 825 828 834 992 999 1010 1313 1316 1420 1423 1825 1826 1827 1988 1992 2041 2091 2361 2466 2470 2590 2592 3074 3076 3163 3165 3166 3191 3193 3194 
47 58 59 66 78 133 138 146 147 167 168 182 267 268 280 328 329 476 477 552 567 572 573 690 708 789 790 829 948 949 950 1000 1285 1317 1397 1398 1424 1947 1951 1955 2052 2056 2966 2985 3023 3030 3044 3045 3079 3086 3094 3124 3128 3167 3174 
48 49 66 80 81 134 178 180 181 244 251 252 254 420 421 423 553 554 556 704 705 706 825 827 828 992 996 999 1313 1315 1316 1420 1422 1423 1825 1826 1827 1988 2041 2361 2466 2590 3074 3163 3166 3191 3194 
48 49 77 78 80 81 88 106 134 140 178 183 184 193 244 254 278 279 304 423 437 438 464 473 556 565 566 641 704 705 708 709 710 732 825 830 831 834 992 1003 1004 1010 1158 1313 1318 1319 1420 1425 1426 1442 1647 1825 1826 1827 1834 1841 1842 1850 1947 1948 1988 1992 2023 2041 2052 2091 2259 2260 2361 2455 2456 2466 2470 2475 2476 2548 2590 2592 2645 2646 2697 2756 2765 2767 2838 2886 2887 2970 3017 3023 3024 3074 3076 3079 3080 3104 3121 3163 3165 3167 3168 3191 3193 
53 58 59 75 102 103 104 105 138 146 147 167 168 186 205 267 268 277 298 326 476 477 506 564 572 573 648 690 756 789 790 833 948 949 950 1008 1072 1073 1074 1075 1183 1285 1397 1398 1428 1497 1670 1888 1946 1951 1955 2056 2157 2158 2159 2160 2381 2499 2615 2717 2861 2862 2906 2966 2984 2985 3030 3042 3044 3045 3073 3086 3094 3119 3124 3128 3174 
48 49 53 77 78 80 81 133 178 181 183 184 254 278 279 293 420 423 437 438 553 556 565 566 704 705 708 709 710 825 828 830 831 834 992 998 999 1003 1004 1010 1313 1316 1318 1319 1420 1423 1425 1426 1748 1825 1826 1827 1834 1841 1842 1947 1948 1988 1992 2023 2041 2052 2091 2361 2466 2470 2590 2592 2970 3017 3023 3024 3074 3076 3077 3079 3080 3104 3121 3163 3165 3167 3168 3191 3193 3194 
91 93 94 98 99 188 190 211 212 344 345 448 450 453 460 461 624 626 634 636 718 720 726 727 728 1011 1012 1014 1079 1080 1153 1155 1189 1190 1432 1436 1509 1510 1511 1512 1642 1644 1676 1677 1845 1847 1894 1895 2062 2097 2098 2099 2179 2255 2256 2370 2883 2894 2974 3012 3018 3107 3108 3135 3136 3205 3207 3233 3234 3251 3252 
66 75 76 138 185 186 277 278 298 437 564 565 832 833 1007 1008 1320 1427 1428 1946 1950 2055 2972 2984 3026 3042 3073 3084 3085 3119 3123 3170 
66 75 76 77 138 184 185 186 277 278 279 298 437 438 564 565 566 831 832 833 1004 1007 1008 1319 1320 1426 1427 1428 1946 1949 2054 2971 2984 3025 3042 3073 3083 3119 3169 
53 58 59 66 146 147 167 168 267 268 328 329 476 477 572 573 690 789 790 948 949 950 1285 1397 1398 1951 1955 2056 2966 2985 3030 3044 3045 3086 3094 3124 3128 3174 
89 106 192 315 464 474 642 733 1157 1440 1441 1646 1849 2258 2259 2260 2454 2455 2456 2474 2475 2476 2548 2644 2645 2646 2697 2756 2763 2765 2767 2838 2885 2886 2887 
48 49 66 77 78 81 134 178 180 183 184 244 251 252 254 278 279 420 421 423 437 438 553 554 556 565 566 704 705 706 708 709 710 825 827 830 831 992 996 1003 1004 1313 1315 1318 1319 1420 1422 1425 1426 1825 1826 1827 1834 1841 1842 1947 1948 1988 2023 2041 2052 2361 2466 2590 2970 3017 3023 3024 3074 3079 3080 3104 3121 3163 3167 3168 3191 
53 58 59 88 106 140 146 147 167 168 193 267 268 304 328 329 464 473 476 477 572 573 641 690 732 789 790 948 949 950 1158 1285 1397 1398 1442 1647 1850 1951 1955 2056 2259 2260 2455 2456 2475 2476 2548 2645 2646 2697 2756 2765 2767 2838 2886 2887 2966 2985 3030 3044 3045 3086 3094 3124 3128 3174 
53 59 88 106 115 139 140 146 147 193 304 329 330 390 429 464 473 477 478 573 574 641 689 732 788 946 1158 1396 1442 1647 1850 1954 2059 2259 2260 2455 2456 2475 2476 2548 2645 2646 2697 2756 2765 2767 2838 2886 2887 3029 3091 3092 3127 3173 
67 83 93 100 132 243 248 249 388 417 418 445 458 513 529 540 550 551 600 621 632 653 667 715 725 734 735 760 774 837 838 1174 1175 1242 1243 1322 1323 1465 1661 1662 1705 1706 1865 1866 1867 1868 1878 1928 2026 2145 2146 2151 2232 2376 2497 2536 2588 2690 2829 2830 2877 2878 
75 89 102 103 104 105 106 138 140 186 192 205 277 298 304 315 474 506 564 648 733 756 833 1008 1072 1073 1074 1075 1157 1183 1428 1440 1441 1497 1646 1670 1849 1888 1946 2157 2158 2159 2160 2258 2259 2260 2381 2454 2455 2456 2474 2475 2476 2499 2548 2615 2644 2645 2646 2697 2717 2756 2763 2765 2767 2838 2861 2862 2885 2886 2887 2906 2984 3042 3073 3119 
55 58 61 62 67 69 72 117 118 128 145 150 151 227 235 238 239 336 347 348 350 353 354 409 410 487 490 491 544 545 579 582 583 743 744 745 747 749 862 863 920 1342 1343 1493 1883 1884 1885 1886 1887 2028 2379 2943 2978 3040 3041 3067 3116 
53 75 77 78 80 102 103 104 105 133 134 138 181 183 184 186 205 244 277 278 279 293 298 420 437 438 506 553 564 565 566 648 708 709 710 756 828 830 831 833 998 999 1003 1004 1008 1072 1073 1074 1075 1183 1316 1318 1319 1423 1425 1426 1428 1497 1670 1748 1834 1841 1842 1888 1946 1947 1948 2023 2052 2157 2158 2159 2160 2381 2499 2615 2717 2861 2862 2906 2970 2984 3017 3023 3024 3042 3073 3077 3079 3080 3119 3121 3167 3168 3194 
97 98 99 211 212 213 344 345 453 460 461 634 636 726 727 728 1079 1080 1189 1190 1191 1509 1510 1511 1512 1514 1676 1677 1678 1894 1895 1896 2179 2252 2255 2256 2448 3107 3108 3110 3135 3136 3175 3176 3195 3205 3207 3230 3233 3234 3251 3252 
66 97 98 99 140 211 212 213 302 344 345 453 460 634 636 726 728 1079 1080 1189 1190 1191 1509 1510 1511 1512 1514 1676 1677 1678 1894 1895 1896 2179 2252 2255 2256 2448 2451 3107 3108 3110 3135 3136 3175 3176 3195 3205 3207 3230 3233 3234 3251 3252 
75 97 98 102 103 104 105 138 140 186 205 212 213 277 298 302 345 460 461 506 564 634 648 726 727 756 833 1008 1072 1073 1074 1075 1080 1183 1190 1191 1428 1497 1511 1512 1514 1670 1677 1678 1888 1895 1896 1946 2157 2158 2159 2160 2252 2256 2381 2448 2499 2615 2717 2861 2862 2906 2984 3042 3073 3108 3110 3119 3136 3175 3176 3195 3207 3230 3234 3252 
70 87 88 89 192 193 194 315 472 473 640 641 642 731 732 733 1124 1157 1158 1159 1440 1441 1442 1445 1446 1646 1647 1648 1849 1850 1851 2258 2259 2260 2454 2455 2474 2475 2476 2644 2645 2646 2763 2765 2766 2844 2885 2886 2887 
75 88 102 103 104 105 106 138 140 186 193 205 277 298 304 464 473 506 564 641 648 732 756 833 1008 1072 1073 1074 1075 1158 1183 1428 1442 1497 1647 1670 1850 1888 1946 2157 2158 2159 2160 2259 2260 2381 2455 2456 2475 2476 2499 2548 2615 2645 2646 2697 2717 2756 2765 2767 2838 2861 2862 2886 2887 2906 2984 3042 3073 3119 
70 100 105 152 360 362 363 458 498 500 501 513 518 587 589 590 632 653 658 725 760 765 855 1048 1050 1053 1071 1170 1174 1175 1350 1388 1475 1657 1661 1662 1874 1878 2147 2148 2149 2150 2151 2156 2377 2379 2380 2497 2498 2589 2614 2715 2716 2856 2857 2878 2904 2943 2978 3040 3041 3067 3116 
88 89 106 192 193 315 473 641 642 732 733 1157 1158 1440 1441 1442 1646 1647 1849 1850 2258 2259 2260 2454 2455 2456 2474 2475 2476 2548 2644 2645 2646 2697 2756 2763 2765 2767 2838 2885 2886 2887 
66 87 89 106 140 192 194 304 315 464 472 640 642 731 733 1157 1159 1440 1441 1445 1646 1648 1849 1851 2258 2259 2454 2455 2474 2475 2548 2644 2645 2697 2756 2763 2765 2838 2885 2886 
47 48 49 53 66 78 81 133 134 138 178 180 182 244 250 251 252 254 280 294 419 420 421 423 552 553 554 556 567 704 705 706 708 825 827 829 992 996 1000 1313 1315 1420 1422 1424 1825 1826 1827 1834 1988 2023 2041 2361 2466 2590 3017 3074 3104 3163 3191 
66 75 102 103 104 105 138 186 205 277 298 506 564 648 756 833 1008 1072 1073 1074 1075 1183 1428 1497 1670 1888 1946 2157 2158 2159 2160 2381 2499 2615 2717 2861 2862 2906 2984 3042 3073 3119 
87 88 89 106 192 193 194 315 472 473 640 641 642 731 732 733 1157 1158 1159 1440 1441 1442 1445 1646 1647 1648 1849 1850 1851 2258 2259 2454 2455 2474 2475 2548 2644 2645 2697 2756 2763 2765 2838 2885 2886 
67 83 100 132 243 249 388 418 458 513 540 551 600 632 653 725 760 837 838 1071 1174 1175 1322 1323 1350 1388 1465 1661 1662 1865 1878 2145 2151 2156 2379 2380 2497 2498 2589 2716 2856 2857 2878 2904 2943 2978 3040 3041 3067 3116 
69 95 97 98 99 100 101 102 103 104 105 142 373 374 507 508 509 513 515 516 517 518 649 650 651 652 653 654 655 656 657 658 757 758 759 760 761 762 763 764 765 913 1133 1266 1267 1268 1269 1270 1271 1272 1273 1274 1590 1591 1592 1594 1722 1723 1725 1744 1745 1746 1747 1941 1942 1943 2013 2014 2242 2249 2441 2442 2541 2546 2547 2586 2641 2642 2740 2741 2824 2915 2946 2982 3022 3096 
69 85 86 87 88 89 90 91 92 93 94 142 375 376 519 520 521 524 526 527 529 530 659 660 661 662 663 664 665 666 667 668 768 769 770 771 772 773 774 775 911 912 1132 1258 1259 1260 1261 1262 1263 1264 1265 1370 1584 1585 1587 1632 1717 1719 1741 1742 1743 1939 1940 2011 2012 2246 2346 2443 2544 2587 2737 2738 2825 2916 2917 2947 2983 3022 3096 
48 49 53 58 59 66 77 81 134 146 147 167 180 184 244 251 252 267 279 329 420 421 438 477 553 554 566 573 690 703 704 705 706 789 827 831 948 949 996 1004 1285 1315 1319 1397 1422 1426 1821 1822 1823 1824 1833 1955 2022 2086 2359 2465 2858 2859 2860 2905 2966 3030 3094 3128 3174 
61 67 83 93 100 128 132 235 239 243 249 353 388 410 418 445 458 490 513 529 540 545 551 582 600 621 632 653 667 715 725 760 774 837 838 862 863 1174 1175 1242 1243 1322 1323 1342 1343 1465 1493 1661 1662 1705 1706 1865 1878 1883 1928 2145 2151 2156 2232 2497 2536 2588 2690 2829 2830 2877 2878 
54 72 118 203 227 232 336 402 483 577 748 749 920 2156 2380 2498 2588 2690 2829 2830 2877 
61 67 128 235 239 353 410 490 545 582 862 863 1071 1342 1343 1350 1388 1493 1883 2379 2380 2498 2878 2943 2978 3040 3041 3067 3116 
121 124 
0 
8 
17 
21 
22 
25 
37 
57 
20 108 
41 109 
40 110 
60 115 
51 121 
122 
46 123 
3 119 223 
50 71 136 162 163 226 396 397 427 617 691 692 2067 2348 2445 2688 2826 2827 2828 2876 
69 73 75 76 77 78 79 80 81 82 83 153 154 377 378 379 380 381 382 383 384 385 386 387 388 532 534 536 538 539 540 592 593 594 595 596 597 598 599 600 612 902 903 904 905 906 907 908 909 910 1125 1127 1129 1254 1364 1365 1367 1384 1386 1387 1581 1582 1583 1639 1640 1944 2009 2049 2250 2343 2537 2542 2687 2788 2789 2864 2913 3022 3096 
54 72 118 203 227 232 336 402 483 577 748 749 920 1071 1350 1388 3041 3067 3116 
66 70 88 90 91 93 94 99 140 188 191 211 300 302 344 447 450 453 460 461 472 623 626 634 635 636 640 717 720 726 727 728 731 1011 1012 1014 1015 1017 1018 1079 1080 1124 1153 1156 1189 1432 1438 1446 1509 1510 1642 1645 1676 1845 1848 1894 2097 2098 2099 2108 2109 2110 2111 2179 2255 2370 2371 2472 2706 2778 2894 2974 3018 3107 3135 3205 3233 3251 
