53 66 80 81 133 134 180 181 244 292 293 420 421 553 554 827 828 834 996 998 1010 1422 1423 1992 2091 2470 2592 3076 3165 3166 3193 3194 
59 61 66 80 81 133 146 147 166 180 181 266 326 477 479 553 554 573 575 689 706 787 827 828 944 996 998 1151 1315 1316 1395 1422 1423 1748 1776 1953 1954 1993 2058 2059 2093 2369 2447 3028 3029 3076 3077 3089 3090 3092 3126 3165 3172 3173 3193 3194 
47 77 78 80 81 87 106 134 140 180 181 182 184 194 244 279 292 304 317 421 438 464 552 554 566 640 707 708 709 731 827 828 829 831 834 996 998 1001 1004 1010 1159 1316 1317 1319 1422 1423 1424 1426 1444 1748 1838 1839 1840 1851 1947 1992 2023 2091 2260 2456 2470 2476 2548 2592 2646 2697 2756 2766 2767 2838 2844 2887 2969 3017 3023 3076 3077 3078 3104 3120 3165 3167 3193 3194 
87 98 99 100 101 104 106 194 206 209 210 304 317 339 342 358 463 464 496 503 504 505 637 640 645 646 729 731 753 754 755 1074 1075 1076 1077 1078 1079 1159 1184 1187 1188 1444 1499 1500 1505 1506 1507 1671 1674 1675 1851 1889 1892 1893 2168 2169 2170 2171 2172 2173 2174 2175 2176 2253 2260 2318 2382 2430 2456 2476 2503 2548 2623 2646 2697 2756 2766 2767 2784 2837 2838 2844 2887 3105 3109 3132 3133 3197 3201 3231 3246 3249 3277 
87 102 104 106 194 206 208 304 317 339 358 464 496 503 504 505 640 645 646 731 753 754 755 1074 1075 1159 1184 1186 1444 1499 1500 1503 1671 1673 1851 1889 1891 2061 2168 2260 2318 2430 2456 2476 2503 2548 2623 2646 2697 2756 2766 2767 2784 2837 2838 2844 2887 3197 3199 3246 3277 3279 
47 59 61 66 77 78 80 133 134 138 146 147 166 181 182 183 184 244 266 270 278 279 294 295 326 419 437 438 439 477 479 552 553 565 566 567 573 575 689 708 710 787 828 829 830 831 944 998 1000 1001 1002 1004 1316 1317 1319 1395 1423 1424 1425 1426 1748 1776 1835 1838 1839 1840 1947 1953 1954 2023 2052 2058 2059 2969 3017 3023 3028 3029 3077 3078 3079 3089 3090 3092 3120 3126 3167 3172 3173 3194 
47 59 61 66 77 78 80 133 134 138 146 147 166 181 182 183 184 244 266 270 278 279 294 295 326 419 437 438 439 477 479 552 553 565 566 567 573 575 689 708 710 787 828 829 830 831 944 998 1000 1001 1002 1004 1316 1317 1319 1395 1423 1424 1425 1426 1748 1776 1835 1838 1839 1840 1841 1842 1947 1953 1954 2023 2052 2053 2058 2059 2969 2970 3017 3023 3024 3028 3029 3077 3078 3079 3080 3081 3089 3090 3092 3120 3121 3126 3167 3168 3172 3173 3194 
47 59 61 66 75 77 78 133 138 146 147 166 182 186 266 270 278 298 326 436 437 477 479 552 564 565 573 575 689 708 709 710 711 787 829 833 944 1001 1008 1009 1317 1321 1395 1424 1428 1776 1838 1839 1840 1843 1947 1949 1950 1953 1954 2054 2055 2058 2059 2969 3023 3025 3026 3028 3029 3078 3082 3083 3085 3089 3090 3092 3120 3122 3126 3167 3169 3170 3172 3173 
47 59 61 66 77 80 133 134 138 146 147 166 181 182 184 244 266 270 278 279 294 326 419 437 438 439 477 479 552 553 565 566 567 573 575 689 708 709 710 787 828 829 831 944 998 1000 1001 1004 1316 1317 1319 1395 1423 1424 1426 1748 1776 1834 1838 1839 1840 1947 1953 1954 2023 2052 2058 2059 2969 3017 3023 3028 3029 3077 3078 3079 3089 3090 3092 3120 3126 3167 3172 3173 3194 
47 59 61 66 75 78 133 138 146 147 166 182 186 266 270 279 298 326 436 438 477 479 552 564 566 573 575 689 708 709 711 787 829 833 944 1001 1008 1009 1317 1321 1395 1424 1428 1776 1838 1839 1840 1843 1947 1949 1950 1953 1954 2054 2055 2058 2059 2969 3023 3025 3026 3028 3029 3078 3082 3083 3085 3089 3090 3092 3120 3122 3126 3167 3169 3170 3172 3173 
47 59 61 66 77 78 80 133 134 146 147 166 181 182 184 244 266 278 279 294 326 419 437 438 477 479 552 553 565 566 573 575 689 708 710 787 828 829 831 944 998 1000 1001 1004 1316 1317 1319 1395 1423 1424 1426 1748 1776 1835 1838 1839 1840 1947 1948 1953 1954 2023 2052 2053 2058 2059 2969 3017 3023 3024 3028 3029 3077 3078 3079 3081 3089 3090 3092 3120 3126 3167 3168 3172 3173 3194 
66 75 78 138 183 186 270 279 295 298 436 438 439 564 566 567 709 711 830 833 1002 1008 1009 1321 1425 1428 1841 1842 1843 1948 1949 1950 2054 2055 2970 3024 3025 3026 3080 3082 3083 3085 3121 3122 3168 3169 3170 
47 66 75 77 80 134 138 181 182 183 186 244 270 278 294 295 298 419 436 437 439 552 553 564 565 567 708 709 710 711 828 829 830 833 998 1000 1001 1002 1008 1009 1316 1317 1321 1423 1424 1425 1428 1748 1834 1841 1842 1843 1947 1948 1949 1950 2023 2052 2054 2055 2970 3017 3023 3024 3025 3026 3077 3079 3080 3082 3083 3085 3121 3122 3167 3168 3169 3170 3194 
53 59 61 92 93 94 98 140 146 147 166 187 212 266 302 326 451 460 461 477 479 573 575 627 634 635 689 721 726 727 787 944 1011 1012 1013 1080 1152 1190 1395 1430 1511 1641 1677 1776 1844 1895 1953 1954 2058 2059 2096 2097 2098 2099 2256 2370 2471 2597 2707 2894 2974 3018 3028 3029 3089 3090 3092 3108 3126 3136 3172 3173 3207 3234 3252 
53 59 61 92 93 94 97 98 140 146 147 166 187 212 266 302 326 451 461 477 479 573 575 627 635 689 721 727 787 944 1011 1012 1013 1080 1152 1190 1395 1430 1511 1641 1677 1776 1844 1895 1953 1954 2058 2059 2096 2097 2098 2099 2256 2370 2471 2597 2707 2894 2974 3018 3028 3029 3089 3090 3092 3108 3126 3136 3172 3173 3207 3234 3252 
53 59 61 91 92 93 94 98 140 146 147 166 187 212 266 302 326 451 460 461 477 479 573 575 627 634 635 689 721 726 727 787 944 1011 1012 1013 1014 1080 1152 1190 1395 1430 1511 1641 1677 1776 1844 1895 1953 1954 2058 2059 2096 2097 2098 2099 2256 2370 2471 2597 2707 2894 2974 3018 3028 3029 3089 3090 3092 3108 3126 3136 3172 3173 3207 3234 3252 
53 59 61 91 92 93 94 97 98 140 146 147 166 187 212 266 302 326 451 461 477 479 573 575 627 635 689 721 727 787 944 1011 1012 1013 1014 1080 1152 1190 1395 1430 1511 1641 1677 1776 1844 1895 1953 1954 2058 2059 2096 2097 2098 2099 2256 2370 2471 2597 2707 2894 2974 3018 3028 3029 3089 3090 3092 3108 3126 3136 3172 3173 3207 3234 3252 
87 90 91 92 93 94 98 187 189 191 212 300 302 441 447 449 451 460 461 474 623 625 627 634 635 642 717 719 721 726 727 733 1011 1012 1013 1014 1015 1016 1018 1080 1152 1154 1156 1190 1430 1434 1438 1511 1605 1641 1643 1645 1677 1844 1846 1848 1895 2096 2097 2098 2099 2108 2109 2110 2111 2256 2293 2370 2371 2471 2472 2483 2597 2608 2698 2706 2707 2778 2882 2894 2957 2974 3011 3018 3108 3136 3207 3234 3252 
87 90 91 92 93 94 97 98 187 189 191 212 300 302 441 447 449 451 461 474 623 625 627 635 642 717 719 721 727 733 1011 1012 1013 1014 1015 1016 1018 1080 1152 1154 1156 1190 1430 1434 1438 1511 1605 1641 1643 1645 1677 1844 1846 1848 1895 2096 2097 2098 2099 2108 2109 2110 2111 2256 2293 2370 2371 2471 2472 2483 2597 2608 2698 2706 2707 2778 2882 2894 2957 2974 3011 3018 3108 3136 3207 3234 3252 
88 90 91 92 93 94 98 187 189 191 212 300 302 441 447 449 451 460 461 474 623 625 627 634 635 642 717 719 721 726 727 733 1011 1012 1013 1014 1015 1016 1017 1080 1152 1154 1156 1190 1430 1434 1438 1511 1605 1641 1643 1645 1677 1844 1846 1848 1895 2096 2097 2098 2099 2108 2109 2110 2111 2256 2293 2370 2371 2471 2472 2483 2597 2608 2698 2706 2707 2778 2882 2894 2957 2974 3011 3018 3108 3136 3207 3234 3252 
88 90 91 92 93 94 97 98 187 189 191 212 300 302 441 447 449 451 461 474 623 625 627 635 642 717 719 721 727 733 1011 1012 1013 1014 1015 1016 1017 1080 1152 1154 1156 1190 1430 1434 1438 1511 1605 1641 1643 1645 1677 1844 1846 1848 1895 2096 2097 2098 2099 2108 2109 2110 2111 2256 2293 2370 2371 2471 2472 2483 2597 2608 2698 2706 2707 2778 2882 2894 2957 2974 3011 3018 3108 3136 3207 3234 3252 
69 70 86 88 90 91 92 106 151 189 191 300 304 348 441 447 449 464 474 494 584 623 625 639 642 717 719 730 733 835 1014 1015 1016 1017 1019 1124 1154 1156 1434 1438 1604 1605 1643 1645 1846 1848 1852 1853 2024 2095 2108 2109 2110 2111 2293 2371 2472 2483 2548 2608 2697 2698 2706 2756 2778 2838 2882 2957 3011 
69 70 86 87 88 89 90 91 92 151 189 191 192 193 194 300 304 316 317 348 441 447 449 464 474 494 584 623 625 639 640 641 642 717 719 730 731 732 733 1014 1015 1017 1018 1124 1154 1156 1157 1158 1159 1434 1438 1441 1442 1444 1446 1605 1643 1645 1646 1846 1848 1849 1850 1851 2108 2109 2110 2111 2114 2257 2293 2371 2453 2472 2483 2608 2643 2698 2706 2761 2778 2882 2884 2957 3011 
69 70 86 87 88 90 91 92 97 98 151 189 191 212 213 300 302 304 348 441 447 449 460 461 464 471 494 584 623 625 634 635 639 717 719 726 727 730 1014 1015 1017 1018 1080 1124 1154 1156 1190 1191 1434 1438 1446 1511 1513 1605 1643 1645 1677 1678 1846 1848 1895 1896 2108 2109 2110 2111 2256 2293 2371 2472 2483 2608 2698 2706 2778 2882 2957 3011 3108 3136 3207 3234 3252 
69 70 86 87 88 90 91 92 106 151 189 191 300 304 348 441 447 449 464 494 584 623 625 639 717 719 730 835 1014 1015 1017 1018 1019 1124 1154 1156 1434 1438 1446 1604 1605 1643 1645 1846 1848 1852 1853 2024 2095 2108 2109 2110 2111 2293 2371 2472 2483 2548 2608 2697 2698 2706 2756 2778 2838 2882 2957 3011 
53 58 59 91 92 140 146 147 167 189 190 300 326 328 329 441 448 449 476 477 572 573 624 625 690 718 719 789 949 1014 1154 1155 1285 1397 1434 1436 1605 1643 1644 1846 1847 1955 2060 2062 2293 2483 2608 2698 2882 2883 2957 3011 3012 3030 3093 3094 3128 3174 
88 89 90 106 191 192 447 474 623 642 717 733 1017 1156 1157 1438 1441 1645 1646 1848 1849 2113 2115 2116 2257 2258 2260 2453 2456 2474 2476 2548 2643 2644 2646 2697 2756 2761 2762 2766 2767 2838 2842 2844 2884 2885 2887 
47 66 77 78 81 134 180 182 184 244 279 292 420 421 438 552 553 554 566 707 708 709 827 829 831 834 996 1001 1004 1010 1317 1319 1422 1424 1426 1838 1839 1840 1947 1992 2023 2091 2470 2592 2969 3017 3023 3076 3078 3104 3120 3165 3167 3193 
47 66 77 80 134 138 181 182 183 184 244 270 278 279 294 295 419 437 438 439 552 553 565 566 567 708 710 828 829 830 831 998 1000 1001 1002 1004 1316 1317 1319 1423 1424 1425 1426 1748 1834 1835 1838 1841 1842 1947 1948 2023 2052 2053 2970 3017 3023 3024 3077 3079 3080 3081 3121 3167 3168 3194 
66 69 70 86 87 88 90 92 140 151 189 191 194 300 304 317 348 441 447 448 449 464 471 494 584 623 624 625 639 640 717 718 719 730 731 1014 1015 1017 1018 1124 1154 1156 1159 1434 1438 1444 1446 1605 1643 1645 1846 1848 1851 2108 2109 2110 2111 2117 2293 2371 2472 2483 2608 2698 2706 2778 2882 2957 3011 
66 102 103 104 140 206 207 208 339 340 358 496 503 505 645 753 755 1074 1075 1184 1185 1186 1499 1500 1501 1502 1503 1610 1671 1672 1673 1889 1890 1891 2061 2168 2318 2320 2430 2503 2506 2623 2625 2695 2784 2837 3197 3198 3199 3246 3247 3277 3278 3279 
66 91 93 94 97 98 99 100 101 102 103 104 105 140 187 190 195 213 214 215 216 217 218 219 220 221 222 302 358 365 370 372 448 451 453 461 462 463 496 502 503 504 505 506 624 627 636 637 644 645 646 648 718 721 727 728 729 752 753 754 755 756 1011 1012 1014 1020 1021 1023 1090 1091 1092 1093 1094 1095 1096 1097 1152 1155 1161 1191 1212 1213 1214 1215 1216 1217 1218 1219 1220 1430 1436 1448 1513 1533 1534 1535 1537 1539 1540 1542 1544 1546 1548 1620 1622 1641 1644 1649 1678 1689 1690 1691 1692 1693 1694 1696 1844 1847 1855 1896 1908 1909 1910 1911 1912 1913 1914 1915 1916 2005 2006 2062 2097 2098 2099 2119 2120 2121 2122 2201 2203 2204 2205 2206 2211 2212 2213 2217 2218 2219 2252 2329 2330 2331 2332 2338 2339 2340 2341 2342 2370 2372 2386 2387 2388 2436 2439 2440 2485 2520 2575 2576 2583 2585 2609 2630 2677 2678 2684 2685 2710 2819 2822 2823 2883 2894 2897 2932 2935 2936 2939 2954 2974 2981 3006 3008 3012 3018 3047 3062 3065 3110 3115 3157 3159 3176 3195 3225 3228 3229 3230 3244 3272 3273 3275 3288 3303 3306 3312 3332 3335 3344 3359 3362 3363 3368 3378 3391 3408 3419 3423 3436 3444 3452 3462 3471 3472 3479 3482 3488 3494 3500 3501 3504 3507 3509 
47 66 75 78 80 134 138 181 182 183 186 244 270 278 294 295 298 419 436 437 439 552 553 564 565 567 710 711 828 829 830 833 998 1000 1001 1002 1008 1009 1316 1317 1321 1423 1424 1425 1428 1748 1835 1838 1841 1842 1843 1947 1948 1949 1950 2023 2052 2054 2055 2970 3017 3023 3024 3025 3026 3077 3079 3080 3082 3083 3085 3121 3122 3167 3168 3169 3170 3194 
87 88 90 91 93 94 97 187 191 213 447 451 460 623 627 634 717 721 726 1011 1012 1014 1015 1017 1018 1152 1156 1191 1430 1438 1513 1641 1645 1678 1844 1848 1896 2097 2098 2099 2108 2109 2110 2111 2252 2370 2371 2472 2706 2778 2894 2974 3018 3110 3176 3195 3230 
66 87 88 90 91 92 140 189 191 300 358 441 447 449 505 623 625 647 717 719 755 1014 1015 1017 1018 1154 1156 1434 1438 1605 1643 1645 1846 1848 2108 2109 2110 2111 2293 2371 2472 2483 2608 2698 2706 2778 2882 2957 3011 
87 88 90 91 92 101 103 104 189 191 206 300 358 441 447 449 496 505 623 625 644 646 647 717 719 752 754 755 1014 1015 1017 1018 1074 1076 1154 1156 1184 1434 1438 1500 1605 1643 1645 1671 1846 1848 1889 2108 2109 2110 2111 2293 2317 2371 2382 2429 2472 2483 2502 2608 2620 2621 2698 2706 2720 2754 2778 2882 2957 3011 3132 3197 3210 3246 3277 
53 59 61 91 93 94 98 99 140 146 147 166 187 190 211 212 266 302 326 344 345 448 451 453 461 477 479 573 575 624 627 635 636 689 718 721 727 728 787 944 1011 1012 1014 1079 1152 1155 1189 1190 1395 1430 1436 1509 1511 1641 1644 1677 1776 1844 1847 1894 1895 1953 1954 2058 2059 2062 2097 2098 2099 2179 2255 2256 2370 2452 2883 2894 2974 3012 3018 3028 3029 3089 3090 3092 3107 3108 3126 3135 3136 3172 3173 3204 3206 3207 3233 3234 3251 3252 
98 99 100 101 102 104 105 205 206 209 210 339 342 463 504 506 637 644 646 648 729 752 754 756 1073 1074 1075 1076 1077 1078 1079 1183 1184 1187 1188 1498 1499 1500 1505 1506 1507 1670 1671 1674 1675 1888 1889 1892 1893 2164 2165 2168 2169 2170 2171 2172 2173 2174 2175 2176 2253 2316 2318 2382 2428 2430 2501 2503 2618 2619 2623 2719 2783 2784 2836 2837 3105 3109 3132 3133 3197 3201 3210 3231 3245 3246 3249 3276 3277 
69 70 86 87 88 89 90 92 151 189 191 192 193 194 300 304 316 317 348 441 447 448 449 464 474 494 584 623 624 625 639 640 641 642 717 718 719 730 731 732 733 1014 1015 1017 1018 1124 1154 1156 1157 1158 1159 1434 1438 1441 1442 1444 1446 1605 1643 1645 1646 1846 1848 1849 1850 1851 2108 2109 2110 2111 2114 2257 2293 2371 2453 2472 2483 2608 2643 2698 2706 2761 2778 2882 2884 2957 3011 
52 67 69 127 128 150 235 347 410 490 545 582 744 862 1063 1071 1350 1388 1883 1884 2028 2379 2380 2498 2878 2943 2978 3040 3041 3067 3116 
53 59 61 91 93 94 97 98 140 146 147 166 187 190 212 266 302 326 448 451 461 477 479 573 575 624 627 635 689 718 721 727 787 944 1011 1012 1014 1080 1152 1155 1190 1395 1430 1436 1511 1641 1644 1677 1776 1844 1847 1895 1953 1954 2058 2059 2062 2097 2098 2099 2256 2370 2883 2894 2974 3012 3018 3028 3029 3089 3090 3092 3108 3126 3136 3172 3173 3207 3234 3252 
91 93 94 97 98 99 100 101 102 104 187 190 206 209 210 212 302 339 342 358 448 451 461 463 504 505 624 627 635 637 644 646 718 721 727 729 752 754 755 1011 1012 1014 1074 1075 1076 1077 1078 1079 1080 1152 1155 1184 1187 1188 1190 1430 1436 1499 1500 1505 1506 1507 1511 1641 1644 1671 1674 1675 1677 1844 1847 1889 1892 1893 1895 2062 2097 2098 2099 2168 2169 2170 2171 2172 2173 2174 2175 2176 2253 2256 2318 2370 2382 2430 2503 2623 2784 2837 2883 2894 2974 3012 3018 3105 3108 3109 3132 3133 3136 3197 3201 3207 3231 3234 3246 3249 3252 3277 
53 59 61 91 92 93 94 97 98 140 146 147 166 187 190 212 266 302 326 448 451 461 477 479 573 575 624 627 635 689 718 721 727 787 944 1011 1012 1013 1080 1152 1155 1190 1395 1430 1436 1511 1641 1644 1677 1776 1844 1847 1895 1953 1954 2058 2059 2062 2097 2098 2099 2256 2370 2883 2894 2974 3012 3018 3028 3029 3089 3090 3092 3108 3126 3136 3172 3173 3207 3234 3252 
91 92 93 94 97 98 99 100 101 102 104 187 190 206 209 210 212 302 339 342 358 448 451 461 463 504 505 624 627 635 637 644 646 718 721 727 729 752 754 755 1011 1012 1013 1074 1075 1076 1077 1078 1079 1080 1152 1155 1184 1187 1188 1190 1430 1436 1499 1500 1505 1506 1507 1511 1641 1644 1671 1674 1675 1677 1844 1847 1889 1892 1893 1895 2062 2097 2098 2099 2168 2169 2170 2171 2172 2173 2174 2175 2176 2253 2256 2318 2370 2382 2430 2503 2623 2784 2837 2883 2894 2974 3012 3018 3105 3108 3109 3132 3133 3136 3197 3201 3207 3231 3234 3246 3249 3252 3277 
87 88 90 91 92 93 94 97 98 187 189 191 212 300 302 441 447 449 451 461 623 625 627 635 717 719 721 727 1011 1012 1013 1014 1015 1017 1018 1080 1152 1154 1156 1190 1430 1434 1438 1511 1605 1641 1643 1645 1677 1844 1846 1848 1895 2096 2097 2098 2099 2108 2109 2110 2111 2256 2293 2370 2371 2471 2472 2483 2597 2608 2698 2706 2707 2778 2882 2894 2957 2974 3011 3018 3108 3136 3207 3234 3252 
87 88 90 92 93 94 97 98 187 189 191 212 300 302 441 447 448 449 451 461 623 624 625 627 635 717 718 719 721 727 1011 1012 1013 1014 1015 1017 1018 1080 1152 1154 1156 1190 1430 1434 1438 1511 1605 1641 1643 1645 1677 1844 1846 1848 1895 2096 2097 2098 2099 2108 2109 2110 2111 2256 2293 2370 2371 2471 2472 2483 2597 2608 2698 2706 2707 2778 2882 2894 2957 2974 3011 3018 3108 3136 3207 3234 3252 
87 88 90 92 93 94 98 187 189 191 212 300 302 441 447 448 449 451 460 461 623 624 625 627 634 635 717 718 719 721 726 727 1011 1012 1013 1014 1015 1017 1018 1080 1152 1154 1156 1190 1430 1434 1438 1511 1605 1641 1643 1645 1677 1844 1846 1848 1895 2096 2097 2098 2099 2108 2109 2110 2111 2256 2293 2370 2371 2471 2472 2483 2597 2608 2698 2706 2707 2778 2882 2894 2957 2974 3011 3018 3108 3136 3207 3234 3252 
87 88 90 91 92 93 94 98 187 189 191 212 300 302 441 447 449 451 460 461 623 625 627 634 635 717 719 721 726 727 1011 1012 1013 1014 1015 1017 1018 1080 1152 1154 1156 1190 1430 1434 1438 1511 1605 1641 1643 1645 1677 1844 1846 1848 1895 2096 2097 2098 2099 2108 2109 2110 2111 2256 2293 2370 2371 2471 2472 2483 2597 2608 2698 2706 2707 2778 2882 2894 2957 2974 3011 3018 3108 3136 3207 3234 3252 
53 59 61 91 92 93 94 98 140 146 147 166 187 190 212 266 302 326 448 451 460 461 477 479 573 575 624 627 634 635 689 718 721 726 727 787 944 1011 1012 1013 1080 1152 1155 1190 1395 1430 1436 1511 1641 1644 1677 1776 1844 1847 1895 1953 1954 2058 2059 2062 2097 2098 2099 2256 2370 2883 2894 2974 3012 3018 3028 3029 3089 3090 3092 3108 3126 3136 3172 3173 3207 3234 3252 
53 59 61 91 93 94 98 140 146 147 166 187 190 212 266 302 326 448 451 460 461 477 479 573 575 624 627 634 635 689 718 721 726 727 787 944 1011 1012 1014 1080 1152 1155 1190 1395 1430 1436 1511 1641 1644 1677 1776 1844 1847 1895 1953 1954 2058 2059 2062 2097 2098 2099 2256 2370 2883 2894 2974 3012 3018 3028 3029 3089 3090 3092 3108 3126 3136 3172 3173 3207 3234 3252 
53 59 61 98 100 101 140 146 147 166 209 210 266 326 342 358 463 477 479 496 573 575 637 644 689 729 752 787 944 1077 1079 1187 1188 1395 1505 1506 1507 1674 1675 1776 1892 1893 1953 1954 2058 2059 2174 2175 2176 2253 3028 3029 3089 3090 3092 3105 3126 3133 3172 3173 3201 3231 3249 
52 62 67 127 128 129 130 150 151 235 236 347 354 410 411 490 545 546 582 583 743 744 1071 1350 1388 1883 1884 2028 2379 2380 2498 2878 2943 2978 3040 3041 3067 3116 
52 67 69 90 99 127 128 137 150 153 235 269 347 377 407 431 442 457 487 512 526 532 542 560 579 592 618 631 652 664 712 724 759 771 853 854 868 869 1045 1046 1069 1070 1176 1177 1246 1247 1338 1339 1348 1349 1473 1496 1663 1664 1709 1710 1869 1879 1883 1930 2145 2151 2156 2236 2497 2536 2588 2690 2829 2830 2877 2878 
47 66 77 78 80 134 138 181 182 183 184 244 270 278 279 294 295 419 437 438 439 552 553 565 566 567 710 828 829 830 831 998 1000 1001 1002 1004 1316 1317 1319 1423 1424 1425 1426 1748 1835 1838 1841 1842 1947 1948 2023 2052 2970 3017 3023 3024 3077 3079 3080 3121 3167 3168 3194 
66 75 77 78 138 183 186 270 278 295 298 436 437 439 564 565 567 709 710 711 830 833 1002 1008 1009 1321 1425 1428 1841 1842 1843 1948 1949 1950 2054 2055 2970 3024 3025 3026 3080 3082 3083 3085 3121 3122 3168 3169 3170 
66 77 78 138 183 184 270 279 295 438 439 566 567 709 830 831 1002 1004 1319 1425 1426 1841 1842 1948 2970 3024 3080 3121 3168 
47 59 61 66 77 78 133 146 147 166 182 184 266 278 279 326 437 438 477 479 552 565 566 573 575 689 708 709 710 787 829 831 944 1001 1004 1317 1319 1395 1424 1426 1776 1838 1839 1840 1947 1953 1954 2058 2059 2969 3023 3028 3029 3078 3089 3090 3092 3120 3126 3167 3172 3173 
47 66 77 80 134 138 181 182 183 184 244 270 278 279 294 295 419 437 438 439 552 553 565 566 567 708 709 710 828 829 830 831 998 1000 1001 1002 1004 1316 1317 1319 1423 1424 1425 1426 1748 1834 1841 1842 1947 1948 2023 2052 2970 3017 3023 3024 3077 3079 3080 3121 3167 3168 3194 
66 102 105 140 205 206 208 339 358 496 503 504 505 506 645 646 648 753 754 755 756 1073 1074 1075 1183 1184 1186 1498 1499 1500 1503 1670 1671 1673 1888 1889 1891 2061 2164 2165 2168 2316 2318 2428 2430 2501 2503 2618 2619 2623 2719 2783 2784 2836 2837 3197 3199 3210 3245 3246 3276 3277 3279 
66 98 99 100 104 140 206 210 339 358 460 463 496 502 503 504 505 634 637 644 645 646 726 729 752 753 754 755 1074 1075 1076 1077 1078 1079 1080 1184 1188 1499 1500 1507 1671 1675 1889 1893 2168 2169 2170 2171 2172 2173 2318 2382 2430 2503 2623 2784 2837 3109 3132 3197 3246 3277 
66 75 76 78 138 183 185 186 270 278 279 295 298 436 437 438 439 564 565 566 567 709 710 711 830 832 833 1002 1007 1008 1009 1320 1321 1425 1427 1428 1841 1842 1843 1948 1949 2054 2970 3024 3025 3080 3082 3083 3121 3122 3168 3169 
66 98 99 100 101 102 104 140 206 209 210 339 342 358 463 504 505 637 644 646 729 752 754 755 1074 1075 1076 1077 1078 1079 1184 1187 1188 1499 1500 1505 1506 1507 1671 1674 1675 1889 1892 1893 2168 2169 2170 2171 2172 2173 2174 2175 2176 2253 2318 2382 2430 2503 2623 2784 2837 3105 3109 3132 3133 3197 3201 3231 3246 3249 3277 
53 59 61 99 100 101 140 146 147 166 209 210 266 326 342 358 463 477 479 496 573 575 637 644 689 729 752 787 944 1077 1078 1187 1188 1395 1505 1506 1507 1674 1675 1776 1892 1893 1953 1954 2058 2059 2174 2175 2176 2253 3028 3029 3089 3090 3092 3105 3126 3133 3172 3173 3201 3231 3249 
69 70 86 87 88 89 90 91 92 151 189 190 191 192 193 194 300 304 316 317 348 441 447 448 449 464 474 494 584 623 624 625 639 640 641 642 717 718 719 730 731 732 733 1014 1124 1154 1155 1156 1157 1158 1159 1434 1436 1438 1441 1442 1444 1446 1605 1643 1644 1645 1646 1846 1847 1848 1849 1850 1851 2062 2114 2257 2293 2453 2483 2608 2643 2698 2761 2882 2883 2884 2957 3011 3012 
91 92 99 100 101 189 190 209 210 300 342 358 441 448 449 463 496 624 625 637 644 718 719 729 752 1014 1077 1078 1154 1155 1187 1188 1434 1436 1505 1506 1507 1605 1643 1644 1674 1675 1846 1847 1892 1893 2062 2174 2175 2176 2253 2293 2483 2608 2698 2882 2883 2957 3011 3012 3105 3133 3201 3231 3249 
98 99 100 101 102 104 206 209 210 339 342 463 496 504 505 637 644 646 729 752 754 755 1074 1075 1076 1077 1078 1079 1184 1187 1188 1499 1500 1505 1506 1507 1671 1674 1675 1889 1892 1893 2168 2169 2170 2171 2172 2173 2174 2175 2176 2253 2318 2382 2430 2503 2623 2784 2837 3105 3109 3132 3133 3197 3201 3231 3246 3249 3277 
69 70 86 88 89 106 151 192 348 472 474 494 584 639 640 642 730 731 733 835 1017 1018 1019 1124 1157 1441 1604 1646 1849 1852 1853 2024 2095 2115 2116 2258 2260 2456 2474 2476 2548 2644 2646 2697 2756 2762 2766 2767 2838 2842 2844 2885 2887 
53 59 61 87 106 140 146 147 166 194 266 304 317 326 464 477 479 573 575 640 689 731 787 944 1159 1395 1444 1776 1851 1953 1954 2058 2059 2260 2456 2476 2548 2646 2697 2756 2766 2767 2838 2844 2887 3028 3029 3089 3090 3092 3126 3172 3173 
66 102 104 140 206 208 339 358 496 503 504 505 645 646 753 754 755 1074 1075 1184 1186 1499 1500 1503 1671 1673 1889 1891 2061 2168 2318 2430 2503 2623 2784 2837 3197 3199 3246 3277 3279 
66 88 89 106 140 192 193 304 464 473 474 641 642 732 733 1017 1157 1158 1441 1442 1646 1647 1849 1850 2115 2116 2258 2260 2456 2474 2476 2548 2644 2646 2697 2756 2762 2766 2767 2838 2842 2844 2885 2887 
66 87 88 89 90 140 191 192 194 304 447 464 471 472 623 639 640 717 730 731 1016 1017 1018 1124 1156 1157 1159 1438 1441 1444 1446 1645 1646 1648 1848 1849 1851 2115 2116 2257 2258 2453 2474 2643 2644 2761 2762 2842 2884 2885 
66 87 88 89 140 192 194 304 464 471 472 474 639 640 642 730 731 733 1017 1018 1124 1157 1159 1441 1444 1446 1646 1648 1849 1851 2115 2116 2258 2474 2644 2762 2842 2885 
53 59 61 97 98 140 146 147 166 212 213 266 302 326 460 461 477 479 573 575 634 635 689 726 727 787 944 1080 1190 1191 1395 1511 1513 1677 1678 1776 1895 1896 1953 1954 2058 2059 2256 3028 3029 3089 3090 3092 3108 3126 3136 3172 3173 3207 3234 3252 
97 99 100 101 102 104 206 209 210 339 342 463 496 504 505 637 644 646 729 752 754 755 1074 1075 1076 1077 1078 1080 1184 1187 1188 1499 1500 1505 1506 1507 1671 1674 1675 1889 1892 1893 2168 2169 2170 2171 2172 2173 2174 2175 2176 2253 2318 2382 2430 2503 2623 2784 2837 3105 3109 3132 3133 3197 3201 3231 3246 3249 3277 
91 93 97 188 190 213 448 450 451 460 624 626 627 634 718 720 721 726 1011 1012 1014 1153 1155 1191 1432 1436 1513 1642 1644 1678 1845 1847 1896 2062 2097 2098 2099 2252 2370 2883 2894 2974 3012 3018 3110 3176 3195 3230 
91 94 97 187 190 213 448 450 451 460 624 626 627 634 718 720 721 726 1011 1012 1014 1152 1155 1191 1430 1436 1513 1641 1644 1678 1844 1847 1896 2062 2097 2098 2099 2252 2370 2883 2894 2974 3012 3018 3110 3176 3195 3230 
91 92 97 98 189 190 212 213 300 302 441 448 449 460 461 624 625 634 635 718 719 726 727 1014 1080 1154 1155 1190 1191 1434 1436 1511 1513 1605 1643 1644 1677 1678 1846 1847 1895 1896 2062 2256 2293 2483 2608 2698 2882 2883 2957 3011 3012 3108 3136 3207 3234 3252 
91 92 93 94 97 98 189 190 212 300 302 441 448 449 461 624 625 635 718 719 727 1011 1012 1013 1014 1080 1154 1155 1190 1434 1436 1511 1605 1643 1644 1677 1846 1847 1895 2062 2097 2098 2099 2256 2293 2370 2483 2608 2698 2882 2883 2894 2957 2974 3011 3012 3018 3108 3136 3207 3234 3252 
91 92 97 99 100 101 189 190 209 210 300 342 358 441 448 449 463 496 624 625 637 644 718 719 729 752 1014 1077 1078 1080 1154 1155 1187 1188 1434 1436 1505 1506 1507 1605 1643 1644 1674 1675 1846 1847 1892 1893 2062 2174 2175 2176 2253 2293 2483 2608 2698 2882 2883 2957 3011 3012 3105 3133 3201 3231 3249 
91 92 98 99 100 101 189 190 209 210 300 342 358 441 448 449 463 496 624 625 637 644 718 719 729 752 1014 1077 1078 1079 1154 1155 1187 1188 1434 1436 1505 1506 1507 1605 1643 1644 1674 1675 1846 1847 1892 1893 2062 2174 2175 2176 2253 2293 2483 2608 2698 2882 2883 2957 3011 3012 3105 3133 3201 3231 3249 
91 92 93 94 98 189 190 212 300 302 441 448 449 460 461 624 625 634 635 718 719 726 727 1011 1012 1013 1014 1080 1154 1155 1190 1434 1436 1511 1605 1643 1644 1677 1846 1847 1895 2062 2097 2098 2099 2256 2293 2370 2483 2608 2698 2882 2883 2894 2957 2974 3011 3012 3018 3108 3136 3207 3234 3252 
91 92 98 100 101 189 190 209 210 300 342 358 441 448 449 460 463 496 624 625 634 637 644 718 719 726 729 752 1014 1077 1079 1080 1154 1155 1187 1188 1434 1436 1505 1506 1507 1605 1643 1644 1674 1675 1846 1847 1892 1893 2062 2174 2175 2176 2253 2293 2483 2608 2698 2882 2883 2957 3011 3012 3105 3133 3201 3231 3249 
91 92 99 100 101 189 190 209 210 300 342 358 441 448 449 460 463 496 624 625 634 637 644 718 719 726 729 752 1014 1077 1078 1080 1154 1155 1187 1188 1434 1436 1505 1506 1507 1605 1643 1644 1674 1675 1846 1847 1892 1893 2062 2174 2175 2176 2253 2293 2483 2608 2698 2882 2883 2957 3011 3012 3105 3133 3201 3231 3249 
97 98 99 100 101 102 104 206 209 210 339 342 463 496 504 505 637 644 646 729 752 754 755 1074 1075 1076 1077 1078 1079 1080 1184 1187 1188 1499 1500 1505 1506 1507 1671 1674 1675 1889 1892 1893 2168 2169 2170 2171 2172 2173 2174 2175 2176 2253 2318 2382 2430 2503 2623 2784 2837 3105 3109 3132 3133 3197 3201 3231 3246 3249 3277 
98 99 100 101 102 104 206 209 210 339 342 460 463 496 504 505 634 637 644 646 726 729 752 754 755 1074 1075 1076 1077 1078 1079 1080 1184 1187 1188 1499 1500 1505 1506 1507 1671 1674 1675 1889 1892 1893 2168 2169 2170 2171 2172 2173 2174 2175 2176 2253 2318 2382 2430 2503 2623 2784 2837 3105 3109 3132 3133 3197 3201 3231 3246 3249 3277 
92 93 94 97 187 213 451 460 627 634 721 726 1011 1012 1013 1152 1191 1430 1513 1641 1678 1844 1896 2096 2097 2098 2099 2252 2370 2471 2597 2707 2894 2974 3018 3110 3176 3195 3230 
87 89 90 106 191 192 447 474 623 642 717 733 1018 1156 1157 1438 1441 1645 1646 1848 1849 2112 2115 2116 2257 2258 2260 2453 2456 2474 2476 2548 2643 2644 2646 2697 2756 2761 2762 2766 2767 2838 2842 2844 2884 2885 2887 
88 90 93 94 97 187 191 213 447 448 451 460 474 623 624 627 634 642 717 718 721 726 733 1011 1012 1014 1015 1016 1017 1152 1156 1191 1430 1438 1513 1641 1645 1678 1844 1848 1896 2097 2098 2099 2108 2109 2110 2111 2252 2370 2371 2472 2706 2778 2894 2974 3018 3110 3176 3195 3230 
92 93 94 97 187 213 448 451 460 624 627 634 718 721 726 1011 1012 1013 1014 1152 1191 1430 1513 1641 1678 1844 1896 2096 2097 2098 2099 2252 2370 2471 2597 2707 2894 2974 3018 3110 3176 3195 3230 
91 92 93 94 97 187 190 213 448 451 460 624 627 634 718 721 726 1011 1012 1013 1152 1155 1191 1430 1436 1513 1641 1644 1678 1844 1847 1896 2062 2097 2098 2099 2252 2370 2883 2894 2974 3012 3018 3110 3176 3195 3230 
91 92 93 94 97 187 213 451 460 627 634 721 726 1011 1012 1013 1014 1152 1191 1430 1513 1641 1678 1844 1896 2096 2097 2098 2099 2252 2370 2471 2597 2707 2894 2974 3018 3110 3176 3195 3230 
91 93 94 97 187 190 213 448 451 460 624 627 634 718 721 726 1011 1012 1014 1152 1155 1191 1430 1436 1513 1641 1644 1678 1844 1847 1896 2062 2097 2098 2099 2252 2370 2883 2894 2974 3012 3018 3110 3176 3195 3230 
88 90 92 93 94 97 191 213 447 448 460 474 623 624 634 642 717 718 726 733 1011 1012 1013 1014 1015 1016 1017 1156 1191 1438 1513 1645 1678 1848 1896 2097 2098 2099 2108 2109 2110 2111 2252 2370 2371 2472 2706 2778 2894 2974 3018 3110 3176 3195 3230 
91 92 97 98 99 100 101 189 190 209 210 300 342 358 441 448 449 463 496 624 625 637 644 718 719 729 752 1014 1077 1078 1079 1080 1154 1155 1187 1188 1434 1436 1505 1506 1507 1605 1643 1644 1674 1675 1846 1847 1892 1893 2062 2174 2175 2176 2253 2293 2483 2608 2698 2882 2883 2957 3011 3012 3105 3133 3201 3231 3249 
91 92 98 99 100 101 189 190 209 210 300 342 358 441 448 449 460 463 496 624 625 634 637 644 718 719 726 729 752 1014 1077 1078 1079 1080 1154 1155 1187 1188 1434 1436 1505 1506 1507 1605 1643 1644 1674 1675 1846 1847 1892 1893 2062 2174 2175 2176 2253 2293 2483 2608 2698 2882 2883 2957 3011 3012 3105 3133 3201 3231 3249 
77 78 183 184 270 278 279 280 295 437 438 439 565 566 567 709 710 830 831 1002 1004 1319 1425 1426 1841 1842 1948 2970 3024 3080 3121 3168 
54 55 117 145 204 227 336 391 485 578 643 748 749 920 2156 2380 2498 2588 2690 2829 2830 2877 
52 67 69 127 128 129 130 150 151 235 236 347 354 410 411 490 491 545 546 582 583 744 860 861 1061 1071 1340 1350 1388 1492 1884 2028 2380 2498 2878 3041 3067 3116 
69 70 86 91 92 106 151 189 190 300 304 348 441 448 449 464 494 584 624 625 639 718 719 730 835 1014 1019 1124 1154 1155 1434 1436 1604 1605 1643 1644 1846 1847 1852 1853 2024 2062 2095 2293 2483 2548 2608 2697 2698 2756 2838 2882 2883 2957 3011 3012 
66 77 78 138 183 184 270 278 279 295 437 438 439 565 566 567 709 710 830 831 1002 1004 1319 1425 1426 1841 1842 1948 2970 3024 3080 3121 3168 
50 68 71 116 162 163 164 226 230 264 396 397 399 405 427 558 672 685 916 955 1288 3101 3102 3103 3178 3179 3208 3209 3237 3239 
53 62 148 327 332 480 576 675 940 941 1276 2015 2349 2446 2879 3072 3118 3162 
68 71 116 155 156 225 392 393 424 613 680 681 940 941 1276 2446 2879 3072 3118 3162 
87 88 89 106 192 474 642 733 1017 1018 1157 1441 1646 1849 2115 2116 2258 2260 2456 2474 2476 2548 2644 2646 2697 2756 2762 2766 2767 2838 2842 2844 2885 2887 
55 72 117 118 145 204 227 391 485 578 643 748 920 1071 1350 1388 2498 2878 3041 3067 3116 
3238 3239 
121 124 
0 
4 
14 
23 
25 
29 
96 
40 110 
51 124 
54 55 117 145 204 227 336 391 485 578 643 748 749 920 1071 1350 1388 3041 3067 3116 
47 48 53 66 80 81 133 134 179 180 181 244 291 292 293 419 420 421 422 552 553 554 555 707 826 827 828 994 995 996 998 1314 1421 1422 1423 1831 1990 2023 2043 2089 2365 2591 3017 3075 3192 
50 71 135 155 156 225 392 393 424 613 680 681 940 941 1276 3072 3118 3162 
91 92 93 94 97 190 213 448 460 624 634 718 726 1011 1012 1013 1014 1155 1191 1436 1513 1644 1678 1847 1896 2096 2097 2098 2099 2252 2370 2471 2597 2707 2894 2974 3018 3110 3176 3195 3230 
66 97 98 99 100 102 104 140 206 213 339 358 460 496 502 504 505 634 644 646 726 752 754 755 1074 1075 1076 1077 1078 1079 1080 1184 1191 1499 1500 1513 1671 1678 1889 1896 2168 2169 2170 2171 2172 2173 2318 2382 2430 2503 2623 2784 2837 3109 3132 3197 3246 3277 
49 50 53 58 59 60 61 62 66 68 71 116 133 134 135 139 146 147 148 149 155 156 157 158 159 160 161 225 228 229 244 257 258 259 260 261 326 327 389 392 393 395 423 424 425 476 477 478 479 480 556 557 572 573 574 575 576 614 616 669 675 678 682 683 684 694 777 778 779 780 781 782 785 921 922 930 931 932 934 936 937 938 939 1134 1139 1277 1280 1281 1389 1390 1391 1392 1393 1596 1726 1755 1761 1956 1958 1959 1960 1961 1962 2015 2016 2018 2029 2030 2262 2265 2266 2267 2268 2350 2395 2398 2399 2464 2549 2593 2647 2648 2742 2768 2790 2792 2793 2865 2867 2891 2918 2937 2962 2986 3014 3031 3048 3100 3138 3182 3211 3235 3254 3289 3314 3349 3379 3380 3396 3409 3424 3445 3453 3465 3484 3490 3491 3496 3499 3503 
