91 92 94 101 102 104 105 187 190 205 206 300 358 441 448 450 451 496 505 506 624 626 627 644 647 648 718 720 721 752 755 756 1012 1013 1014 1073 1075 1076 1152 1155 1183 1184 1431 1437 1497 1499 1641 1644 1670 1671 1844 1847 1888 1889 2062 2103 2104 2161 2162 2163 2289 2315 2382 2418 2427 2478 2601 2602 2617 2702 2718 2753 2776 2839 2883 2955 2958 3009 3012 3132 3196 3210 3245 3276 
50 68 98 102 104 105 116 136 164 206 212 226 230 264 399 461 505 558 617 635 647 685 692 727 755 1072 1073 1075 1184 1190 1499 1511 1671 1677 1889 1895 2067 2157 2158 2159 2160 2169 2348 2381 2445 2499 2615 2688 2717 2826 2827 2828 2876 2905 2967 3016 3101 3103 3179 3209 3239 
91 93 94 101 103 187 188 190 207 300 358 441 448 450 451 496 504 624 626 627 644 645 646 718 720 721 752 753 754 1012 1014 1076 1152 1153 1155 1185 1192 1431 1432 1437 1502 1515 1641 1642 1644 1672 1844 1845 1847 1890 2062 2103 2104 2289 2319 2382 2418 2478 2504 2601 2602 2702 2722 2755 2776 2839 2883 2955 2958 3009 3012 3132 3198 3210 3247 3278 
91 93 94 101 104 105 187 188 190 205 206 300 358 441 448 450 451 496 504 505 506 624 626 627 644 646 647 648 718 720 721 752 754 755 756 1012 1014 1073 1074 1076 1152 1153 1155 1183 1184 1431 1432 1437 1497 1499 1641 1642 1644 1670 1671 1844 1845 1847 1888 1889 2062 2103 2104 2161 2162 2163 2289 2315 2382 2418 2427 2478 2601 2602 2617 2702 2718 2753 2776 2839 2883 2955 2958 3009 3012 3132 3196 3210 3245 3276 
70 104 105 152 357 360 361 362 498 499 500 517 518 587 588 589 657 658 764 765 856 1048 1050 1052 1053 1071 1171 1350 1388 1477 1658 1875 2147 2148 2149 2150 2156 2377 2379 2380 2497 2498 2589 2614 2715 2716 2856 2857 2878 2904 2943 2978 3040 3041 3067 3116 
52 83 104 127 129 131 362 388 500 517 540 542 543 544 545 546 548 549 550 551 589 600 657 734 735 736 737 743 744 745 746 747 764 837 838 856 1171 1322 1323 1465 1477 1658 1865 1866 1867 1868 1875 1884 1885 1886 1887 2026 2028 2145 2146 2147 2376 2379 2497 2498 2716 2856 2857 2878 2904 2943 2978 3040 3041 3067 3116 
69 70 86 101 102 106 151 208 304 348 358 464 494 496 502 503 584 639 645 730 752 753 835 1019 1076 1124 1186 1503 1604 1673 1852 1853 1891 2024 2061 2095 2382 2548 2696 2756 2838 3132 3199 3279 
91 92 93 94 98 100 187 188 190 210 212 300 302 441 448 450 451 461 462 463 624 626 627 635 636 637 718 720 721 727 728 729 1012 1013 1078 1079 1152 1153 1155 1188 1190 1431 1432 1437 1508 1511 1641 1642 1644 1675 1677 1844 1845 1847 1893 1895 2062 2103 2104 2177 2178 2254 2289 2418 2478 2601 2602 2702 2776 2839 2883 2955 2958 3009 3012 3106 3134 3202 3232 3250 
91 93 94 98 100 187 188 190 210 212 300 302 441 448 450 451 461 462 463 624 626 627 635 636 637 718 720 721 727 728 729 1012 1014 1078 1079 1152 1153 1155 1188 1190 1431 1432 1437 1508 1511 1641 1642 1644 1675 1677 1844 1845 1847 1893 1895 2062 2103 2104 2177 2178 2254 2289 2418 2478 2601 2602 2702 2776 2839 2883 2955 2958 3009 3012 3106 3134 3202 3232 3250 
76 78 91 92 93 94 138 140 183 185 187 188 190 270 278 279 280 300 437 438 439 441 448 450 451 565 566 567 624 626 627 709 710 718 720 721 830 832 1002 1006 1012 1013 1152 1153 1155 1318 1320 1425 1427 1431 1432 1437 1641 1642 1644 1841 1842 1844 1845 1847 1948 2062 2103 2104 2289 2418 2478 2601 2602 2702 2776 2839 2883 2955 2958 2970 3009 3012 3024 3081 3121 3168 
76 78 91 92 94 138 140 183 185 187 190 270 278 279 280 300 437 438 439 441 448 450 451 565 566 567 624 626 627 709 710 718 720 721 830 832 1002 1006 1012 1013 1014 1152 1155 1318 1320 1425 1427 1431 1437 1641 1644 1841 1842 1844 1847 1948 2062 2103 2104 2289 2418 2478 2601 2602 2702 2776 2839 2883 2955 2958 2970 3009 3012 3024 3081 3121 3168 
91 92 94 98 100 187 190 210 212 300 302 441 448 450 451 461 462 463 624 626 627 635 636 637 718 720 721 727 728 729 1012 1013 1014 1078 1079 1152 1155 1188 1190 1431 1437 1508 1511 1641 1644 1675 1677 1844 1847 1893 1895 2062 2103 2104 2177 2178 2254 2289 2418 2478 2601 2602 2702 2776 2839 2883 2955 2958 3009 3012 3106 3134 3202 3232 3250 
66 91 92 93 94 140 187 188 189 300 312 441 449 450 451 626 627 719 720 721 1012 1013 1152 1153 1154 1160 1431 1432 1434 1447 1641 1642 1844 1845 1846 2103 2104 2289 2292 2418 2478 2481 2601 2602 2702 2705 2759 2776 2839 2882 2955 2957 3009 3011 
69 87 90 142 375 376 521 522 523 524 525 526 527 528 529 530 661 664 768 769 770 771 772 773 774 775 911 912 1131 1132 1258 1259 1260 1261 1262 1263 1264 1265 1369 1370 1584 1586 1587 1631 1632 1633 1634 1718 1719 1740 1741 1742 1743 1939 1940 2011 2012 2241 2246 2443 2444 2538 2544 2545 2587 2639 2640 2738 2739 2825 2917 2947 2983 3022 3096 
52 61 127 347 350 353 487 490 542 545 579 582 862 863 868 869 1071 1342 1343 1348 1349 1350 1388 1493 1496 1883 2379 2380 2498 2878 2943 2978 3040 3041 3067 3116 
52 79 131 384 536 547 596 843 844 1071 1328 1329 1350 1388 1468 1869 2145 2156 2379 2380 2498 2589 2716 2856 2857 2878 2904 2943 2978 3040 3041 3067 3116 
52 83 131 388 540 551 600 837 838 1071 1322 1323 1350 1388 1465 1865 2145 2156 2379 2380 2498 2589 2716 2856 2857 2878 2904 2943 2978 3040 3041 3067 3116 
52 79 83 131 384 388 536 540 547 551 596 600 837 838 843 844 1071 1322 1323 1328 1329 1350 1388 1465 1468 1865 1869 2145 2156 2379 2380 2498 2589 2716 2856 2857 2878 2904 2943 2978 3040 3041 3067 3116 
52 79 83 104 131 362 384 388 500 517 536 540 547 548 549 550 551 589 596 600 657 734 735 736 737 764 837 838 843 844 856 1071 1171 1322 1323 1328 1329 1350 1388 1465 1468 1477 1658 1865 1866 1867 1868 1869 1875 2026 2145 2146 2147 2376 2379 2380 2497 2498 2716 2856 2857 2878 2904 2943 2978 3040 3041 3067 3116 
87 88 89 91 92 189 190 192 193 300 304 448 449 464 471 474 624 625 639 642 718 719 730 733 1014 1017 1018 1124 1154 1155 1157 1158 1434 1437 1441 1443 1446 1605 1643 1644 1646 1647 1846 1847 1849 1850 2062 2117 2258 2259 2293 2454 2475 2483 2608 2644 2645 2698 2762 2763 2764 2842 2843 2882 2883 2885 2886 2893 2957 2958 3011 3012 
87 90 91 92 93 188 189 190 191 300 304 311 441 447 448 449 464 471 473 474 623 624 625 626 639 641 642 717 718 719 720 730 732 733 1013 1014 1016 1017 1018 1124 1153 1154 1155 1156 1432 1434 1437 1438 1446 1605 1643 1644 1645 1845 1846 1847 1848 2062 2107 2112 2113 2114 2257 2291 2293 2420 2473 2480 2483 2605 2606 2608 2643 2698 2704 2761 2777 2840 2841 2882 2883 2884 2893 2956 2957 2958 3010 3011 3012 
47 48 49 66 75 76 78 80 81 134 138 178 182 185 186 244 270 278 279 294 298 419 436 437 438 552 556 564 565 566 704 705 706 707 708 709 710 825 829 832 833 992 1000 1006 1008 1009 1313 1320 1321 1420 1424 1427 1428 1828 1829 1834 1835 1836 1837 1838 1839 1840 1946 1947 1989 2023 2042 2051 2088 2363 2595 2693 2969 2973 2984 3017 3023 3043 3074 3078 3119 3120 3163 3167 3191 
88 89 91 92 189 190 192 193 300 304 448 449 464 471 473 474 624 625 639 641 642 718 719 730 732 733 1014 1124 1154 1155 1157 1158 1434 1437 1441 1443 1446 1605 1643 1644 1646 1647 1846 1847 1849 1850 2062 2115 2117 2258 2259 2293 2454 2475 2483 2608 2644 2645 2698 2762 2763 2764 2842 2843 2882 2883 2885 2886 2893 2957 2958 3011 3012 
47 66 75 78 80 81 134 138 180 182 186 244 270 278 279 294 298 419 436 437 438 552 554 564 565 566 706 707 708 709 710 711 827 829 833 996 1000 1008 1009 1151 1315 1321 1422 1424 1428 1833 1834 1835 1836 1837 1838 1839 1840 1947 1950 1993 2023 2055 2093 2369 2447 2969 2973 3017 3023 3026 3076 3078 3084 3085 3120 3123 3165 3167 3170 3193 
47 48 49 50 66 68 75 76 78 80 81 98 116 136 138 164 186 212 226 230 264 270 279 298 399 436 438 461 558 564 566 617 635 685 692 703 704 705 706 707 708 709 710 711 727 833 1008 1009 1190 1321 1428 1511 1677 1822 1823 1824 1833 1834 1835 1836 1837 1895 1950 2022 2023 2055 2086 2169 2348 2359 2445 2465 2499 2688 2826 2827 2828 2876 3016 3026 3084 3085 3101 3103 3123 3170 3179 3209 3239 
66 89 90 140 191 192 304 447 464 471 473 474 623 639 641 642 717 730 732 733 1016 1017 1124 1156 1157 1438 1441 1446 1645 1646 1848 1849 2112 2113 2114 2115 2257 2258 2454 2473 2643 2644 2761 2762 2763 2841 2842 2884 2885 
66 98 101 140 209 210 212 302 342 343 358 461 462 463 502 635 636 727 728 729 752 1077 1078 1079 1187 1188 1190 1505 1506 1507 1511 1674 1677 1892 1893 1895 2177 2178 2253 2254 2449 3106 3133 3134 3201 3202 3232 3249 3250 
66 90 140 191 194 304 317 447 464 471 472 473 474 623 639 641 642 717 730 731 732 733 1016 1017 1018 1124 1156 1159 1438 1444 1445 1446 1645 1648 1848 1851 2112 2113 2114 2257 2260 2473 2476 2643 2646 2761 2767 2841 2844 2884 2887 
50 68 104 105 116 136 164 206 226 230 264 399 504 505 558 617 646 647 685 692 754 755 1072 1073 1074 1184 1499 1671 1889 2067 2157 2158 2159 2160 2348 2381 2445 2499 2615 2688 2717 2826 2827 2828 2876 2905 2967 3016 3101 3103 3179 3209 3239 
47 48 49 50 68 71 76 78 80 81 116 135 155 156 160 175 225 228 256 260 278 279 393 395 424 437 438 557 565 566 613 680 681 694 695 696 697 698 699 700 701 820 940 986 1276 1310 1417 1792 1793 1794 1801 1802 1803 1804 1805 2018 2020 2085 2349 2350 2358 2446 2464 2692 2833 2834 2835 2879 3013 3071 3118 3162 
47 48 49 76 78 80 81 134 138 178 182 183 185 244 270 278 279 280 294 419 437 438 439 552 556 565 566 567 704 705 706 707 708 709 710 825 829 830 832 992 1000 1002 1006 1313 1318 1320 1420 1424 1425 1427 1828 1829 1833 1834 1835 1836 1837 1838 1839 1840 1841 1842 1947 1948 1989 2023 2042 2088 2363 2595 2693 2969 2970 2973 3017 3023 3024 3074 3078 3081 3120 3121 3163 3167 3168 3191 
50 68 102 104 105 116 136 164 206 226 230 264 399 504 505 558 617 646 647 685 692 754 755 1072 1073 1074 1075 1184 1499 1671 1889 2067 2157 2158 2159 2160 2348 2381 2445 2499 2615 2688 2717 2826 2827 2828 2876 2905 2967 3016 3101 3103 3179 3209 3239 
50 68 76 116 136 164 185 226 230 264 278 399 437 558 565 617 685 692 832 1006 1320 1427 1833 2067 2086 2348 2445 2688 2826 2827 2828 2876 2905 2967 3016 3101 3103 3179 3209 3239 
47 48 49 50 66 68 75 76 78 80 81 104 116 136 138 164 186 206 226 230 264 270 279 298 399 436 438 505 558 564 566 617 647 685 692 703 704 705 706 707 708 709 710 711 755 833 1008 1009 1184 1321 1428 1499 1671 1822 1823 1824 1833 1834 1835 1836 1837 1889 1950 2022 2023 2055 2086 2157 2348 2359 2445 2465 2499 2688 2826 2827 2828 2876 3016 3026 3084 3085 3101 3103 3123 3170 3179 3209 3239 
47 48 49 50 66 68 75 78 80 81 104 116 136 138 164 186 206 226 230 264 270 278 279 298 399 436 437 438 505 558 564 565 566 617 647 685 692 703 704 705 706 707 708 709 710 711 755 833 1008 1009 1184 1321 1428 1499 1671 1822 1823 1824 1833 1834 1835 1836 1837 1889 1950 2022 2023 2055 2086 2157 2348 2359 2445 2465 2499 2688 2826 2827 2828 2876 3016 3026 3084 3085 3101 3103 3123 3170 3179 3209 3239 
66 100 103 104 140 206 207 302 463 504 505 646 647 729 754 755 1077 1184 1185 1499 1502 1671 1672 1889 1890 2061 2167 2170 2253 2317 2382 2429 2449 2502 2621 2754 3132 3133 3197 3199 3201 3249 3277 3279 
66 90 92 93 97 140 191 213 302 304 346 447 448 451 460 464 474 623 624 627 642 717 718 721 726 733 1011 1012 1013 1014 1015 1016 1156 1191 1438 1513 1514 1645 1678 1848 1896 2097 2098 2099 2108 2109 2110 2111 2252 2370 2371 2706 2778 2894 2974 3018 3110 3176 3195 3230 
66 98 101 102 140 208 209 210 212 302 343 358 461 462 463 496 503 635 636 645 727 728 729 753 1076 1077 1078 1079 1186 1187 1188 1190 1503 1506 1507 1511 1673 1674 1677 1891 1892 1893 1895 2061 2170 2177 2178 2254 2382 3106 3132 3134 3199 3202 3232 3250 3279 
66 100 101 102 140 208 209 302 342 463 503 644 645 729 752 753 1077 1186 1187 1503 1505 1506 1673 1674 1891 1892 2061 2170 2253 2382 2449 3132 3133 3199 3201 3249 3279 
91 93 94 187 188 190 441 448 449 450 451 624 625 626 627 718 719 720 721 1012 1013 1014 1152 1153 1155 1431 1432 1437 1641 1642 1644 1844 1845 1847 2062 2103 2104 2289 2418 2478 2601 2602 2702 2776 2839 2883 2955 2958 3009 3012 
90 91 92 93 94 187 190 191 447 448 451 473 623 624 627 641 717 718 721 732 1012 1013 1015 1017 1152 1155 1156 1431 1437 1438 1605 1641 1644 1645 1844 1847 1848 1854 2062 2103 2104 2108 2109 2110 2111 2289 2293 2371 2418 2478 2483 2484 2601 2602 2608 2698 2702 2706 2776 2778 2839 2882 2883 2955 2957 2958 3009 3011 3012 
87 90 91 92 93 94 187 190 191 447 448 451 623 624 627 717 718 721 1012 1013 1015 1018 1152 1155 1156 1431 1437 1438 1605 1641 1644 1645 1844 1847 1848 1854 2062 2103 2104 2108 2109 2110 2111 2289 2293 2371 2418 2478 2483 2484 2601 2602 2608 2698 2702 2706 2776 2778 2839 2882 2883 2955 2957 2958 3009 3011 3012 
90 91 92 93 94 187 188 189 190 191 441 447 448 449 450 451 473 623 624 625 626 627 641 717 718 719 720 721 732 1012 1014 1015 1017 1152 1153 1154 1155 1156 1431 1432 1434 1437 1438 1605 1641 1642 1643 1644 1645 1844 1845 1846 1847 1848 2062 2103 2104 2108 2109 2110 2111 2289 2293 2371 2418 2478 2483 2601 2602 2608 2698 2702 2706 2776 2778 2839 2882 2883 2955 2957 2958 3009 3011 3012 
90 91 92 94 187 189 190 191 441 447 448 449 450 451 473 623 624 625 626 627 641 717 718 719 720 721 732 1012 1013 1014 1015 1017 1152 1154 1155 1156 1431 1434 1437 1438 1605 1641 1643 1644 1645 1844 1846 1847 1848 2062 2103 2104 2108 2109 2110 2111 2289 2293 2371 2418 2478 2483 2601 2602 2608 2698 2702 2706 2776 2778 2839 2882 2883 2955 2957 2958 3009 3011 3012 
87 90 91 92 93 94 187 188 189 190 191 441 447 448 449 450 451 623 624 625 626 627 717 718 719 720 721 1012 1014 1015 1018 1152 1153 1154 1155 1156 1431 1432 1434 1437 1438 1605 1641 1642 1643 1644 1645 1844 1845 1846 1847 1848 2062 2103 2104 2108 2109 2110 2111 2289 2293 2371 2418 2478 2483 2601 2602 2608 2698 2702 2706 2776 2778 2839 2882 2883 2955 2957 2958 3009 3011 3012 
87 90 91 92 94 187 189 190 191 441 447 448 449 450 451 623 624 625 626 627 717 718 719 720 721 1012 1013 1014 1015 1018 1152 1154 1155 1156 1431 1434 1437 1438 1605 1641 1643 1644 1645 1844 1846 1847 1848 2062 2103 2104 2108 2109 2110 2111 2289 2293 2371 2418 2478 2483 2601 2602 2608 2698 2702 2706 2776 2778 2839 2882 2883 2955 2957 2958 3009 3011 3012 
91 92 93 101 102 188 190 208 300 311 358 441 448 496 502 503 624 626 645 718 720 752 753 1013 1014 1076 1153 1155 1186 1432 1437 1503 1644 1673 1845 1847 1891 2061 2062 2107 2291 2382 2420 2480 2605 2606 2704 2777 2840 2883 2956 2958 3010 3012 3132 3199 3279 
90 91 92 93 94 187 190 191 313 447 451 473 623 627 641 717 721 732 1012 1013 1014 1015 1017 1152 1155 1156 1431 1436 1437 1438 1641 1644 1645 1844 1847 1848 2103 2104 2108 2109 2110 2111 2289 2371 2418 2478 2601 2602 2702 2706 2776 2778 2839 2882 2883 2955 2957 2958 3009 3011 3012 
87 90 91 92 93 94 187 190 191 313 447 451 623 627 717 721 1012 1013 1014 1015 1018 1152 1155 1156 1431 1436 1437 1438 1641 1644 1645 1844 1847 1848 2103 2104 2108 2109 2110 2111 2289 2371 2418 2478 2601 2602 2702 2706 2776 2778 2839 2882 2883 2955 2957 2958 3009 3011 3012 
90 91 93 94 187 189 190 191 312 447 448 451 473 623 624 627 641 717 718 721 732 1012 1013 1014 1015 1017 1152 1154 1155 1156 1431 1434 1435 1437 1438 1605 1641 1643 1644 1645 1844 1846 1847 1848 2062 2103 2104 2108 2109 2110 2111 2289 2293 2371 2418 2478 2483 2601 2602 2608 2698 2702 2706 2776 2778 2839 2882 2883 2955 2957 2958 3009 3011 3012 
87 90 91 93 94 187 189 190 191 312 447 448 451 623 624 627 717 718 721 1012 1013 1014 1015 1018 1152 1154 1155 1156 1431 1434 1435 1437 1438 1605 1641 1643 1644 1645 1844 1846 1847 1848 2062 2103 2104 2108 2109 2110 2111 2289 2293 2371 2418 2478 2483 2601 2602 2608 2698 2702 2706 2776 2778 2839 2882 2883 2955 2957 2958 3009 3011 3012 
66 87 90 92 93 94 140 187 304 448 451 464 471 473 474 624 627 639 641 642 718 721 730 732 733 1012 1013 1014 1015 1016 1017 1018 1124 1152 1431 1446 1641 1844 2103 2104 2108 2109 2110 2111 2289 2371 2418 2478 2601 2602 2702 2706 2776 2778 2839 2893 2955 3009 
47 48 49 50 68 76 78 80 81 116 136 164 185 226 230 264 278 279 399 437 438 558 565 566 617 685 692 703 704 705 706 707 708 709 710 832 1006 1320 1427 1822 1823 1824 1833 1834 1835 1836 1837 2022 2023 2086 2348 2359 2445 2465 2688 2826 2827 2828 2876 3016 3101 3103 3179 3209 3239 
90 92 93 94 187 191 447 448 451 473 623 624 627 641 717 718 721 732 1012 1013 1014 1015 1017 1152 1156 1431 1438 1641 1645 1844 1848 2103 2104 2108 2109 2110 2111 2289 2371 2418 2478 2601 2602 2702 2706 2776 2778 2839 2882 2955 2957 3009 3011 
87 90 92 93 94 187 191 447 448 451 623 624 627 717 718 721 1012 1013 1014 1015 1018 1152 1156 1431 1438 1641 1645 1844 1848 2103 2104 2108 2109 2110 2111 2289 2371 2418 2478 2601 2602 2702 2706 2776 2778 2839 2882 2955 2957 3009 3011 
53 58 59 146 167 168 572 573 690 789 790 949 951 1285 1286 1397 1398 1951 1955 2056 2966 2985 3030 3044 3045 3086 3093 3124 3128 3174 
98 100 101 209 210 212 342 461 462 496 502 635 636 644 727 728 752 1077 1078 1079 1187 1188 1190 1505 1506 1508 1511 1674 1675 1677 1892 1893 1895 2177 2178 2253 2254 2449 3106 3133 3134 3201 3202 3232 3249 3250 
50 53 61 68 76 98 116 136 146 164 166 185 212 226 230 264 278 399 437 461 558 565 575 617 635 685 692 727 787 832 944 1006 1190 1283 1320 1395 1427 1511 1677 1768 1833 1895 2067 2086 2169 2348 2445 2499 2688 2826 2827 2828 2876 3016 3101 3103 3179 3209 3239 
47 66 76 78 80 81 134 180 182 185 244 278 279 294 419 437 438 552 554 565 566 706 707 708 709 710 827 829 832 996 1000 1006 1151 1315 1320 1422 1424 1427 1833 1834 1835 1836 1837 1838 1839 1840 1947 1993 2023 2093 2369 2447 2969 2973 3017 3023 3076 3078 3120 3165 3167 3193 
87 90 91 92 93 94 187 190 191 313 447 451 623 627 717 721 1012 1013 1014 1015 1018 1152 1155 1156 1431 1436 1437 1438 1641 1644 1645 1844 1847 1848 2103 2104 2108 2109 2110 2111 2289 2371 2418 2478 2601 2602 2702 2706 2776 2778 2839 2883 2893 2955 2958 3009 3012 
91 93 94 187 189 190 312 448 451 624 627 718 721 1012 1013 1014 1152 1154 1155 1431 1434 1435 1437 1605 1641 1643 1644 1844 1846 1847 2062 2103 2104 2289 2293 2418 2478 2483 2601 2602 2608 2698 2702 2776 2839 2882 2883 2893 2955 2957 2958 3009 3011 3012 
87 90 92 93 94 187 191 447 448 451 623 624 627 717 718 721 1012 1013 1014 1015 1018 1152 1156 1431 1438 1641 1645 1844 1848 2103 2104 2108 2109 2110 2111 2289 2371 2418 2478 2601 2602 2702 2706 2776 2778 2839 2893 2955 3009 
91 92 93 94 187 190 448 451 624 627 718 721 1012 1013 1152 1155 1431 1437 1605 1641 1644 1844 1847 1854 2062 2103 2104 2289 2293 2418 2478 2483 2484 2601 2602 2608 2698 2702 2776 2839 2882 2883 2893 2955 2957 2958 3009 3011 3012 
90 92 93 94 187 191 447 448 451 473 623 624 627 641 717 718 721 732 1012 1013 1014 1015 1017 1152 1156 1431 1438 1641 1645 1844 1848 2103 2104 2108 2109 2110 2111 2289 2371 2418 2478 2601 2602 2702 2706 2776 2778 2839 2893 2955 3009 
76 78 91 93 94 138 140 183 185 187 188 190 270 278 279 280 300 437 438 439 441 448 450 451 565 566 567 624 626 627 709 710 718 720 721 830 832 1002 1006 1012 1014 1152 1153 1155 1318 1320 1425 1427 1431 1432 1437 1641 1642 1644 1841 1842 1844 1845 1847 1948 2062 2103 2104 2289 2418 2478 2601 2602 2702 2776 2839 2883 2955 2958 2970 3009 3012 3024 3081 3121 3168 
91 92 101 102 189 190 208 300 358 448 449 496 502 503 624 625 645 718 719 752 753 1014 1076 1154 1155 1186 1434 1437 1503 1605 1643 1644 1673 1846 1847 1891 2061 2062 2293 2382 2483 2608 2698 2882 2883 2893 2957 2958 3011 3012 3132 3199 3279 
66 87 90 140 191 304 447 464 471 473 474 623 639 641 642 717 730 732 733 1016 1017 1018 1124 1156 1438 1446 1645 1848 2112 2113 2114 2257 2473 2643 2761 2841 2884 
66 88 89 140 192 193 304 464 471 473 474 639 641 642 730 732 733 1124 1157 1158 1441 1443 1446 1646 1647 1849 1850 2115 2117 2258 2259 2454 2475 2644 2645 2762 2763 2764 2842 2843 2885 2886 
98 100 102 208 210 212 302 358 461 462 463 496 503 635 636 637 645 727 728 729 753 1077 1078 1079 1186 1188 1190 1503 1508 1511 1673 1675 1677 1891 1893 1895 2061 2170 2177 2178 2253 2254 2382 2449 3106 3132 3133 3134 3199 3201 3202 3232 3249 3250 3279 
87 90 98 100 191 210 212 302 304 447 461 462 463 464 471 473 474 623 635 636 637 639 641 642 717 727 728 729 730 732 733 1016 1017 1018 1078 1079 1124 1156 1188 1190 1438 1446 1508 1511 1645 1675 1677 1848 1893 1895 2112 2113 2114 2177 2178 2254 2257 2473 2643 2761 2841 2884 3106 3134 3202 3232 3250 
90 91 92 93 94 187 190 191 313 447 451 473 623 627 641 717 721 732 1012 1013 1014 1015 1017 1152 1155 1156 1431 1436 1437 1438 1641 1644 1645 1844 1847 1848 2103 2104 2108 2109 2110 2111 2289 2371 2418 2478 2601 2602 2702 2706 2776 2778 2839 2883 2893 2955 2958 3009 3012 
66 87 88 89 140 192 193 304 464 471 474 639 642 730 733 1017 1018 1124 1157 1158 1441 1443 1446 1646 1647 1849 1850 2117 2258 2259 2454 2475 2644 2645 2762 2763 2764 2842 2843 2885 2886 
66 98 100 102 140 208 210 212 358 461 462 496 503 635 636 645 727 728 753 1077 1078 1079 1186 1188 1190 1503 1508 1511 1673 1675 1677 1891 1893 1895 2061 2170 2177 2178 2253 2254 2382 2449 3106 3132 3133 3134 3199 3201 3202 3232 3249 3250 3279 
66 100 102 140 208 302 358 463 496 503 645 729 753 1077 1186 1503 1673 1891 2061 2170 2253 2382 2449 3132 3133 3199 3201 3249 3279 
66 100 101 140 209 302 342 463 496 502 644 729 752 1077 1187 1505 1506 1674 1892 2253 2449 3133 3201 3249 
66 101 102 140 208 358 496 502 503 645 752 753 1076 1186 1503 1673 1891 2061 2382 3132 3199 3279 
66 140 300 304 441 447 448 449 450 451 464 470 471 472 473 474 623 624 626 627 638 639 641 642 717 718 719 720 721 730 731 732 733 878 1202 1203 1204 1205 1206 1207 1208 1209 1210 1526 1527 1616 1684 1685 1687 1688 1733 1734 1735 1903 1904 1905 2003 2004 2182 2188 2323 2433 2510 2571 2628 2725 2728 2815 2910 2911 2945 2980 3021 3095 
98 100 101 209 210 212 302 342 358 461 462 463 502 635 636 637 727 728 729 752 1077 1078 1079 1187 1188 1190 1505 1506 1508 1511 1674 1675 1677 1892 1893 1895 2177 2178 2253 2254 2449 3106 3133 3134 3201 3202 3232 3249 3250 
91 92 93 94 187 190 448 451 624 627 718 721 1012 1013 1014 1152 1155 1431 1437 1641 1644 1844 1847 2062 2103 2104 2289 2418 2478 2601 2602 2702 2776 2839 2883 2955 2958 3009 3012 
66 140 302 358 453 459 460 461 462 463 496 502 503 504 505 506 633 635 636 645 646 647 726 727 728 729 752 753 754 755 756 877 1087 1193 1194 1195 1196 1197 1198 1199 1200 1201 1520 1523 1524 1614 1680 1681 1682 1683 1728 1729 1731 1900 1901 1902 2001 2002 2181 2187 2322 2432 2509 2570 2627 2724 2727 2814 2908 2909 2944 2979 3021 3095 
87 88 193 473 641 732 1018 1158 1443 1647 1850 2117 2259 2260 2456 2475 2645 2646 2764 2766 2767 2843 2844 2886 2887 
120 122 
7 
8 
12 
16 
18 
26 
27 
31 
32 
33 
34 
38 
42 
57 
74 
96 
10 111 
60 115 
45 120 
64 69 150 151 347 348 350 356 486 487 488 489 490 491 492 493 579 580 581 582 583 607 608 609 870 871 872 873 874 875 928 1081 1083 1084 1085 1086 1211 1351 1352 1353 1354 1355 1516 1517 1518 1531 1899 1907 2185 2384 2513 2674 2785 2786 2863 2907 3022 3096 
52 54 69 127 129 150 227 336 350 487 542 543 544 545 546 579 743 744 745 746 747 749 868 869 920 1348 1349 1496 1883 1884 1885 1886 1887 2028 2379 2943 2978 3040 3041 3067 3116 
53 80 81 133 180 553 554 706 827 834 996 1151 1315 1422 1992 1993 2092 2093 2368 2369 2447 2470 2592 3076 3165 3193 
66 87 90 92 93 97 98 99 100 101 102 103 104 105 140 214 215 216 217 218 219 220 221 222 302 304 358 364 367 368 372 448 451 460 461 462 463 464 471 473 474 496 502 503 504 505 506 624 627 635 636 639 641 642 645 646 647 718 721 726 727 728 729 730 732 733 752 753 754 755 756 1020 1021 1022 1023 1024 1025 1026 1027 1090 1091 1092 1093 1094 1095 1096 1097 1124 1212 1213 1214 1215 1216 1217 1218 1219 1220 1221 1462 1532 1534 1537 1538 1539 1540 1541 1543 1544 1546 1548 1549 1622 1690 1691 1692 1693 1694 1695 1696 1697 1908 1909 1910 1911 1912 1913 1914 1915 1916 2006 2120 2121 2122 2129 2130 2131 2132 2196 2197 2198 2201 2217 2218 2219 2220 2325 2326 2327 2328 2338 2339 2340 2341 2342 2372 2374 2386 2387 2388 2435 2439 2440 2519 2572 2573 2582 2583 2584 2585 2610 2675 2676 2683 2684 2685 2686 2709 2752 2779 2816 2822 2874 2895 2897 2931 2935 2939 2954 2981 3004 3008 3047 3061 3066 3155 3159 3224 3229 3270 3271 3275 3287 3302 3307 3330 3335 3343 3358 3363 3376 3391 3407 3418 3419 3423 3437 3444 3452 3462 3471 3472 3479 3482 3488 3494 3500 3501 3504 3507 3509 
