47 48 49 50 66 68 75 78 80 81 98 116 136 138 164 186 212 226 230 264 270 278 279 298 399 436 437 438 461 558 564 565 566 617 635 685 692 703 704 705 706 707 708 709 710 711 727 833 1008 1009 1190 1321 1428 1511 1677 1822 1823 1824 1834 1835 1836 1837 1895 1946 1950 2022 2023 2051 2055 2169 2348 2359 2445 2465 2499 2688 2826 2827 2828 2876 2906 2984 3016 3026 3043 3084 3085 3101 3103 3119 3123 3170 3179 3209 3239 
50 68 71 102 104 105 116 135 155 156 160 215 225 228 256 260 393 395 424 505 557 613 647 680 681 755 940 1089 1090 1092 1213 1276 1534 1690 1909 2066 2192 2193 2194 2195 2349 2350 2385 2446 2523 2631 2692 2729 2833 2834 2835 2879 2891 2959 3013 3071 3118 3162 
47 48 49 75 78 80 81 98 100 102 104 105 134 140 178 182 186 206 210 212 244 278 279 294 302 419 437 438 461 462 463 505 552 556 565 566 635 636 637 647 704 705 706 707 708 709 710 711 727 728 729 755 825 829 833 992 1000 1009 1072 1073 1075 1078 1079 1184 1188 1190 1313 1321 1420 1424 1428 1499 1508 1511 1671 1675 1677 1828 1829 1834 1835 1836 1837 1838 1839 1840 1889 1893 1895 1946 1947 1950 1989 2023 2042 2055 2088 2157 2158 2159 2160 2177 2178 2254 2363 2381 2499 2595 2615 2693 2717 2861 2862 2906 2969 2973 2984 3017 3023 3026 3042 3073 3074 3078 3084 3085 3106 3119 3120 3123 3134 3163 3167 3170 3191 3202 3232 3250 
66 87 90 91 92 93 94 97 140 187 188 189 191 213 300 302 312 346 441 447 449 450 460 623 626 717 719 720 726 1011 1012 1015 1018 1152 1153 1154 1156 1160 1191 1431 1432 1434 1438 1447 1513 1514 1641 1642 1645 1678 1844 1845 1846 1848 1896 2103 2104 2108 2109 2110 2111 2252 2289 2292 2370 2371 2418 2448 2478 2481 2601 2602 2702 2705 2706 2759 2776 2778 2839 2882 2893 2955 2957 2974 3009 3011 3018 3110 3176 3230 
66 87 90 91 92 94 140 187 189 191 300 312 441 447 449 450 451 623 626 627 717 719 720 721 1012 1013 1015 1018 1152 1154 1156 1160 1431 1434 1438 1447 1605 1641 1645 1844 1846 1848 1854 2103 2104 2108 2109 2110 2111 2289 2292 2293 2371 2418 2478 2481 2483 2484 2601 2602 2608 2698 2702 2705 2706 2759 2776 2778 2839 2882 2893 2955 2957 3009 3011 
66 87 90 93 94 140 187 188 191 300 441 447 450 451 623 626 627 717 720 721 1012 1015 1018 1152 1153 1156 1431 1432 1438 1641 1642 1645 1844 1845 1848 2103 2104 2108 2109 2110 2111 2289 2371 2418 2478 2601 2602 2702 2706 2776 2778 2839 2893 2955 3009 
66 91 93 94 140 187 188 190 300 441 448 450 451 624 626 627 718 720 721 1012 1152 1153 1155 1431 1432 1437 1641 1642 1644 1844 1845 1847 2062 2103 2104 2289 2418 2478 2601 2602 2702 2776 2839 2883 2955 2958 3009 3012 
66 88 89 90 140 191 192 193 304 447 464 471 473 474 623 639 641 642 717 730 732 733 1016 1017 1124 1156 1157 1158 1438 1441 1443 1446 1645 1646 1647 1848 1849 1850 2112 2113 2114 2115 2257 2258 2454 2473 2643 2644 2761 2762 2763 2841 2842 2884 2885 
66 91 92 94 97 98 100 140 187 190 210 212 213 220 222 302 346 372 448 451 460 461 462 463 624 627 635 636 637 718 721 726 727 728 729 1013 1014 1078 1079 1094 1095 1096 1152 1155 1188 1190 1191 1218 1220 1222 1431 1437 1508 1511 1513 1514 1544 1548 1549 1641 1644 1675 1677 1678 1695 1697 1844 1847 1893 1895 1896 1914 1916 2062 2097 2103 2104 2177 2178 2214 2215 2216 2219 2221 2252 2254 2289 2333 2334 2370 2388 2418 2437 2438 2448 2478 2578 2579 2601 2602 2680 2681 2702 2751 2776 2820 2839 2883 2934 2953 2955 2958 2974 3007 3009 3012 3018 3063 3106 3110 3114 3134 3158 3176 3202 3226 3227 3230 3232 3243 3250 3274 3305 3311 3334 3360 
88 89 91 92 189 190 192 193 300 304 448 449 464 471 473 474 624 625 639 641 642 718 719 730 732 733 1014 1124 1154 1155 1157 1158 1434 1437 1441 1443 1446 1605 1643 1644 1646 1647 1846 1847 1849 1850 2062 2115 2117 2258 2259 2293 2454 2475 2483 2608 2644 2645 2698 2762 2763 2764 2842 2843 2882 2883 2885 2886 2893 2957 2958 3011 3012 
66 90 91 92 93 94 97 98 99 100 101 102 103 104 105 140 187 190 198 213 214 215 216 217 218 219 220 221 222 302 346 358 364 367 368 447 448 461 462 463 473 496 502 503 504 505 506 623 624 635 636 641 645 646 647 717 718 727 728 729 732 752 753 754 755 756 1011 1012 1013 1014 1020 1024 1026 1090 1091 1092 1093 1094 1095 1096 1152 1155 1164 1191 1212 1213 1214 1215 1216 1217 1218 1219 1220 1221 1222 1431 1437 1454 1513 1514 1532 1534 1537 1538 1539 1540 1541 1543 1544 1546 1549 1641 1644 1652 1678 1690 1691 1692 1693 1694 1695 1696 1697 1844 1847 1858 1896 1908 1909 1910 1911 1912 1913 1914 1915 1916 2062 2103 2104 2129 2130 2131 2132 2196 2197 2198 2201 2214 2215 2216 2219 2220 2221 2252 2289 2325 2326 2327 2328 2333 2334 2335 2336 2337 2370 2372 2374 2386 2387 2388 2418 2435 2437 2438 2448 2478 2519 2521 2572 2573 2578 2601 2602 2610 2630 2675 2676 2680 2681 2702 2709 2751 2776 2779 2787 2816 2820 2839 2874 2883 2897 2912 2931 2934 2953 2955 2958 2974 2981 3004 3007 3009 3012 3018 3061 3063 3110 3114 3155 3158 3176 3224 3226 3227 3230 3243 3270 3271 3274 3287 3302 3305 3311 3330 3334 3343 3358 3361 3367 3376 3390 3407 3416 3422 3439 3443 3452 3460 3472 3478 3483 3494 3500 3501 3504 3507 3509 
87 88 89 91 92 189 190 192 193 300 304 448 449 464 471 474 624 625 639 642 718 719 730 733 1014 1017 1018 1124 1154 1155 1157 1158 1434 1437 1441 1443 1446 1605 1643 1644 1646 1647 1846 1847 1849 1850 2062 2117 2258 2259 2293 2454 2475 2483 2608 2644 2645 2698 2762 2763 2764 2842 2843 2882 2883 2885 2886 2893 2957 2958 3011 3012 
87 90 91 92 93 94 187 190 191 313 447 451 623 627 717 721 1012 1013 1014 1015 1018 1152 1155 1156 1431 1436 1437 1438 1641 1644 1645 1844 1847 1848 2103 2104 2108 2109 2110 2111 2289 2371 2418 2478 2601 2602 2702 2706 2776 2778 2839 2883 2893 2955 2958 3009 3012 
66 88 89 140 192 300 304 441 447 448 449 450 451 464 470 471 472 474 623 624 626 627 638 639 642 717 718 719 720 721 730 731 733 878 1017 1157 1202 1203 1204 1205 1206 1207 1208 1209 1210 1441 1526 1527 1616 1646 1684 1685 1687 1688 1733 1734 1735 1849 1903 1904 1905 2003 2004 2182 2188 2258 2323 2433 2454 2510 2571 2628 2644 2725 2728 2762 2763 2815 2842 2885 2910 2911 2945 2980 3021 3095 
87 90 92 93 94 187 191 447 448 451 623 624 627 717 718 721 1012 1013 1014 1015 1018 1152 1156 1431 1438 1641 1645 1844 1848 2103 2104 2108 2109 2110 2111 2289 2371 2418 2478 2601 2602 2702 2706 2776 2778 2839 2893 2955 3009 
66 90 140 191 194 304 317 447 464 471 472 473 474 623 639 641 642 717 730 731 732 733 1016 1017 1018 1124 1156 1159 1438 1444 1445 1446 1645 1648 1848 1851 2112 2113 2114 2117 2257 2259 2260 2473 2475 2476 2643 2645 2646 2761 2764 2767 2841 2843 2844 2884 2886 2887 
91 93 94 187 189 190 312 448 451 624 627 718 721 1012 1013 1014 1152 1154 1155 1431 1434 1435 1437 1605 1641 1643 1644 1844 1846 1847 2062 2103 2104 2289 2293 2418 2478 2483 2601 2602 2608 2698 2702 2776 2839 2882 2883 2893 2955 2957 2958 3009 3011 3012 
91 92 93 94 187 190 448 451 624 627 718 721 1012 1013 1152 1155 1431 1437 1605 1641 1644 1844 1847 1854 2062 2103 2104 2289 2293 2418 2478 2483 2484 2601 2602 2608 2698 2702 2776 2839 2882 2883 2893 2955 2957 2958 3009 3011 3012 
87 90 91 92 189 190 191 300 304 447 448 449 464 471 473 474 623 624 625 639 641 642 717 718 719 730 732 733 1014 1016 1017 1018 1124 1154 1155 1156 1434 1437 1438 1446 1605 1643 1644 1645 1846 1847 1848 2062 2112 2113 2114 2257 2293 2473 2483 2608 2643 2698 2761 2841 2882 2883 2884 2893 2957 2958 3011 3012 
66 87 90 91 92 93 94 140 187 190 191 300 304 441 448 449 450 464 470 471 472 473 474 624 626 638 639 641 642 718 719 720 730 731 732 733 878 1012 1013 1014 1016 1017 1018 1124 1152 1155 1156 1202 1203 1204 1205 1206 1207 1208 1209 1210 1431 1437 1438 1446 1526 1527 1530 1616 1618 1641 1644 1645 1684 1685 1688 1733 1735 1844 1847 1848 1903 1904 1905 2003 2004 2062 2103 2104 2112 2113 2114 2183 2188 2257 2289 2323 2324 2418 2433 2434 2473 2478 2510 2516 2517 2571 2601 2602 2628 2629 2643 2702 2725 2726 2761 2776 2815 2839 2841 2883 2884 2911 2945 2955 2958 2980 3009 3012 3021 3095 
66 87 90 92 93 94 140 187 304 448 451 464 471 473 474 624 627 639 641 642 718 721 730 732 733 1012 1013 1014 1015 1016 1017 1018 1124 1152 1431 1446 1641 1844 2103 2104 2108 2109 2110 2111 2289 2371 2418 2478 2601 2602 2702 2706 2776 2778 2839 2893 2955 3009 
66 87 91 92 93 94 97 98 99 100 101 102 103 104 105 140 187 190 213 214 215 216 217 218 219 220 221 222 302 304 346 358 364 367 368 447 448 461 462 463 464 471 473 474 496 502 503 504 505 506 623 624 635 636 639 641 642 645 646 647 717 718 727 728 729 730 732 733 752 753 754 755 756 1011 1012 1013 1014 1020 1024 1025 1026 1027 1090 1091 1092 1093 1094 1095 1096 1124 1152 1155 1191 1212 1213 1214 1215 1216 1217 1218 1219 1220 1221 1222 1431 1437 1462 1513 1514 1532 1534 1537 1538 1539 1540 1541 1543 1544 1546 1549 1641 1644 1678 1690 1691 1692 1693 1694 1695 1696 1697 1844 1847 1896 1908 1909 1910 1911 1912 1913 1914 1915 1916 2062 2103 2104 2129 2130 2131 2132 2196 2197 2198 2201 2214 2215 2216 2219 2220 2221 2252 2289 2325 2326 2327 2328 2333 2334 2335 2336 2337 2370 2372 2374 2386 2387 2388 2418 2435 2437 2438 2448 2478 2519 2521 2572 2573 2578 2601 2602 2610 2630 2675 2676 2680 2681 2702 2709 2751 2776 2779 2787 2816 2820 2839 2874 2883 2897 2912 2931 2934 2953 2955 2958 2974 2981 3004 3007 3009 3012 3018 3061 3063 3110 3114 3155 3158 3176 3224 3226 3227 3230 3243 3270 3271 3274 3287 3302 3305 3311 3330 3334 3343 3358 3361 3367 3376 3390 3407 3416 3422 3439 3443 3452 3460 3472 3478 3483 3494 3500 3501 3504 3507 3509 
66 91 92 93 94 140 187 188 189 300 312 441 449 450 451 626 627 719 720 721 1012 1013 1152 1153 1154 1160 1431 1432 1434 1447 1641 1642 1844 1845 1846 2103 2104 2289 2292 2418 2478 2481 2601 2602 2702 2705 2759 2776 2839 2882 2955 2957 3009 3011 
66 101 102 104 105 140 205 206 302 358 453 459 460 461 462 463 496 502 503 504 505 633 635 636 645 646 647 726 727 728 729 752 753 754 755 877 1073 1075 1076 1087 1183 1184 1193 1194 1195 1196 1197 1198 1199 1200 1201 1497 1499 1520 1523 1524 1614 1670 1671 1680 1681 1682 1683 1728 1729 1731 1888 1889 1900 1901 1902 2001 2002 2161 2162 2163 2181 2187 2315 2322 2382 2427 2432 2509 2570 2617 2627 2718 2724 2727 2753 2814 2908 2909 2944 2979 3021 3095 3132 3196 3210 3245 3276 
66 101 102 140 208 302 341 358 453 459 460 461 462 463 502 504 505 506 633 635 636 646 647 726 727 728 729 752 754 755 756 877 1076 1087 1186 1193 1194 1195 1196 1197 1198 1199 1200 1201 1503 1520 1523 1524 1614 1680 1681 1682 1683 1728 1729 1731 1891 1900 1901 1902 2001 2002 2061 2181 2187 2322 2382 2432 2509 2570 2627 2724 2727 2814 2908 2909 2944 2979 3021 3095 3132 3199 3210 3248 3279 
66 100 101 102 140 208 209 302 341 453 459 460 461 462 463 496 504 505 506 633 635 636 645 646 647 726 727 728 729 753 754 755 756 877 1076 1077 1087 1186 1187 1193 1194 1195 1196 1197 1198 1199 1200 1201 1503 1506 1520 1523 1524 1614 1674 1680 1681 1682 1683 1728 1729 1731 1891 1892 1900 1901 1902 2001 2002 2061 2181 2187 2253 2322 2382 2432 2449 2509 2570 2627 2724 2727 2814 2908 2909 2944 2979 3021 3095 3132 3133 3199 3200 3201 3210 3231 3248 3249 3279 
66 97 98 140 212 302 345 358 453 459 460 462 463 496 502 503 504 505 506 633 636 645 646 647 726 728 729 752 753 754 755 756 877 1080 1087 1190 1193 1194 1195 1196 1197 1198 1199 1200 1201 1511 1520 1523 1524 1614 1680 1681 1682 1683 1728 1729 1731 1895 1900 1901 1902 2001 2002 2181 2187 2256 2322 2432 2452 2509 2570 2627 2724 2727 2814 2908 2909 2944 2979 3021 3095 3136 3206 3207 3234 3252 
66 98 100 140 210 212 302 358 453 459 460 461 462 496 502 503 504 505 506 633 635 636 645 646 647 726 727 728 752 753 754 755 756 877 1078 1079 1087 1188 1190 1193 1194 1195 1196 1197 1198 1199 1200 1201 1508 1511 1520 1523 1524 1614 1675 1677 1680 1681 1682 1683 1728 1729 1731 1893 1895 1900 1901 1902 2001 2002 2177 2178 2181 2187 2254 2322 2432 2509 2570 2627 2724 2727 2814 2908 2909 2944 2979 3021 3095 3106 3134 3202 3232 3250 
66 99 100 140 210 302 343 358 453 459 460 461 463 496 502 503 504 505 506 633 635 645 646 647 726 727 729 752 753 754 755 756 877 1078 1087 1188 1193 1194 1195 1196 1197 1198 1199 1200 1201 1507 1508 1520 1523 1524 1614 1675 1680 1681 1682 1683 1728 1729 1731 1893 1900 1901 1902 2001 2002 2181 2187 2254 2322 2432 2450 2509 2570 2627 2724 2727 2814 2908 2909 2944 2979 3021 3095 3134 3203 3250 
66 98 100 140 210 212 358 453 459 460 461 462 463 496 502 503 504 505 506 633 635 636 637 645 646 647 726 727 728 729 752 753 754 755 756 877 1078 1079 1087 1188 1190 1193 1194 1195 1196 1197 1198 1199 1200 1201 1508 1511 1520 1523 1524 1614 1675 1677 1680 1681 1682 1683 1728 1729 1731 1893 1895 1900 1901 1902 2001 2002 2177 2178 2181 2187 2254 2322 2432 2509 2570 2627 2724 2727 2814 2908 2909 2944 2979 3021 3095 3106 3134 3202 3232 3250 
66 91 92 93 94 140 187 188 190 300 441 448 450 451 624 626 627 718 720 721 1012 1013 1152 1153 1155 1431 1432 1437 1641 1642 1644 1844 1845 1847 2062 2103 2104 2289 2418 2478 2601 2602 2702 2776 2839 2883 2955 2958 3009 3012 
66 91 92 93 94 97 98 99 100 101 102 103 104 105 140 187 190 196 213 214 215 216 217 218 219 220 221 222 300 302 346 358 364 367 368 441 448 450 451 461 462 463 496 502 503 504 505 506 624 626 627 635 636 645 646 647 718 720 721 727 728 729 752 753 754 755 756 1013 1014 1020 1021 1022 1090 1091 1092 1093 1094 1095 1096 1097 1152 1155 1162 1191 1212 1213 1214 1215 1216 1217 1218 1219 1220 1221 1431 1437 1450 1513 1514 1532 1534 1537 1538 1539 1540 1541 1543 1544 1546 1549 1622 1641 1644 1650 1678 1690 1691 1692 1693 1694 1695 1696 1697 1844 1847 1856 1896 1908 1909 1910 1911 1912 1913 1914 1915 1916 2006 2062 2097 2103 2104 2119 2120 2121 2122 2196 2197 2198 2201 2217 2218 2219 2220 2252 2289 2325 2326 2327 2328 2338 2339 2340 2341 2342 2370 2372 2386 2387 2388 2418 2435 2439 2440 2448 2478 2485 2519 2572 2573 2582 2584 2585 2601 2602 2609 2675 2676 2684 2685 2702 2710 2776 2816 2822 2823 2839 2874 2883 2897 2931 2935 2936 2939 2954 2955 2958 2974 2981 3004 3008 3009 3012 3018 3047 3061 3066 3110 3115 3155 3159 3176 3224 3228 3230 3244 3270 3271 3275 3287 3302 3307 3330 3335 3343 3358 3363 3376 3391 3407 3418 3419 3423 3437 3444 3452 3462 3471 3472 3479 3482 3488 3494 3500 3501 3504 3507 3509 
66 87 90 91 92 93 94 97 98 99 100 101 102 103 104 105 140 187 190 198 213 214 215 216 217 218 219 220 221 222 302 346 358 364 367 368 447 448 461 462 463 496 502 503 504 505 506 623 624 635 636 645 646 647 717 718 727 728 729 752 753 754 755 756 1011 1012 1013 1014 1020 1024 1027 1090 1091 1092 1093 1094 1095 1096 1152 1155 1164 1191 1212 1213 1214 1215 1216 1217 1218 1219 1220 1221 1222 1431 1437 1454 1513 1514 1532 1534 1537 1538 1539 1540 1541 1543 1544 1546 1549 1641 1644 1652 1678 1690 1691 1692 1693 1694 1695 1696 1697 1844 1847 1858 1896 1908 1909 1910 1911 1912 1913 1914 1915 1916 2062 2103 2104 2129 2130 2131 2132 2196 2197 2198 2201 2214 2215 2216 2219 2220 2221 2252 2289 2325 2326 2327 2328 2333 2334 2335 2336 2337 2370 2372 2374 2386 2387 2388 2418 2435 2437 2438 2448 2478 2519 2521 2572 2573 2578 2601 2602 2610 2630 2675 2676 2680 2681 2702 2709 2751 2776 2779 2787 2816 2820 2839 2874 2883 2897 2912 2931 2934 2953 2955 2958 2974 2981 3004 3007 3009 3012 3018 3061 3063 3110 3114 3155 3158 3176 3224 3226 3227 3230 3243 3270 3271 3274 3287 3302 3305 3311 3330 3334 3343 3358 3361 3367 3376 3390 3407 3416 3422 3439 3443 3452 3460 3472 3478 3483 3494 3500 3501 3504 3507 3509 
66 91 92 93 97 140 190 213 302 358 448 451 453 459 461 462 463 496 502 503 504 505 506 624 627 633 635 636 645 646 647 718 721 727 728 729 752 753 754 755 756 877 1011 1012 1013 1014 1087 1155 1191 1193 1194 1195 1196 1197 1198 1199 1200 1201 1437 1514 1520 1523 1524 1614 1644 1678 1680 1681 1682 1683 1728 1729 1731 1847 1896 1900 1901 1902 2001 2002 2062 2097 2098 2099 2181 2187 2252 2322 2370 2432 2509 2570 2627 2724 2727 2814 2883 2893 2894 2908 2909 2944 2958 2974 2979 3012 3018 3021 3095 3110 3175 3195 3230 
47 48 49 50 68 75 78 80 81 98 100 116 136 138 140 164 186 210 212 226 230 264 270 278 279 298 302 399 436 437 438 461 462 463 558 564 565 566 617 635 636 637 685 692 703 704 705 706 707 708 709 710 711 727 728 729 833 1008 1009 1078 1079 1188 1190 1321 1428 1508 1511 1675 1677 1822 1823 1824 1833 1834 1835 1836 1837 1893 1895 1950 2022 2023 2055 2086 2169 2177 2178 2254 2348 2359 2445 2465 2499 2688 2826 2827 2828 2876 3016 3026 3084 3085 3101 3103 3106 3123 3134 3170 3179 3202 3209 3232 3239 3250 
47 48 49 50 68 75 76 78 80 81 98 100 116 136 138 140 164 186 210 212 226 230 264 270 279 298 302 399 436 438 461 462 463 558 564 566 617 635 636 637 685 692 703 704 705 706 707 708 709 710 711 727 728 729 833 1008 1009 1078 1079 1188 1190 1321 1428 1508 1511 1675 1677 1822 1823 1824 1833 1834 1835 1836 1837 1893 1895 1950 2022 2023 2055 2086 2169 2177 2178 2254 2348 2359 2445 2465 2499 2688 2826 2827 2828 2876 3016 3026 3084 3085 3101 3103 3106 3123 3134 3170 3179 3202 3209 3232 3239 3250 
50 68 102 104 105 116 136 164 206 226 230 264 399 505 558 617 647 685 692 755 1072 1073 1075 1184 1499 1671 1889 2067 2157 2158 2159 2160 2348 2381 2445 2499 2615 2688 2717 2826 2827 2828 2876 2905 2967 3016 3101 3103 3179 3209 3239 
47 48 49 50 66 68 75 76 78 80 81 116 136 138 164 186 226 230 264 270 279 298 399 436 438 558 564 566 617 685 692 703 704 705 706 707 708 709 710 711 833 1008 1009 1321 1428 1822 1823 1824 1833 1834 1835 1836 1837 1950 2022 2023 2055 2086 2348 2359 2445 2465 2688 2826 2827 2828 2876 3016 3026 3084 3085 3101 3103 3123 3170 3179 3209 3239 
66 91 93 94 97 140 187 190 213 302 346 448 451 460 624 627 718 721 726 1012 1014 1152 1155 1191 1431 1437 1513 1514 1641 1644 1678 1844 1847 1896 2062 2098 2103 2104 2252 2289 2370 2418 2448 2478 2601 2602 2702 2776 2839 2883 2955 2958 2974 3009 3012 3018 3110 3176 3230 
66 101 102 104 140 206 208 302 339 358 453 459 460 461 462 463 496 502 503 504 506 633 635 636 645 646 726 727 728 729 752 753 754 756 877 1074 1075 1076 1087 1184 1186 1193 1194 1195 1196 1197 1198 1199 1200 1201 1499 1503 1520 1523 1524 1614 1673 1680 1681 1682 1683 1728 1729 1731 1889 1891 1900 1901 1902 2001 2002 2166 2167 2181 2187 2317 2322 2382 2429 2432 2509 2570 2620 2627 2720 2724 2727 2754 2814 2908 2909 2944 2979 3021 3095 3132 3197 3277 
88 89 90 98 100 191 192 193 210 212 302 304 447 461 462 463 464 471 473 474 623 635 636 637 639 641 642 717 727 728 729 730 732 733 1016 1017 1078 1079 1124 1156 1157 1158 1188 1190 1438 1441 1443 1446 1508 1511 1645 1646 1647 1675 1677 1848 1849 1850 1893 1895 2112 2113 2114 2115 2177 2178 2254 2257 2258 2454 2473 2643 2644 2761 2762 2763 2841 2842 2884 2885 3106 3134 3202 3232 3250 
50 68 71 76 116 135 155 156 160 175 225 228 256 260 278 393 395 424 437 557 565 613 680 681 820 940 986 1276 1310 1417 1801 2066 2085 2349 2350 2446 2692 2833 2834 2835 2879 2891 2959 3013 3071 3118 3162 
66 92 93 97 98 99 100 101 102 103 104 105 140 196 214 215 216 217 218 219 220 221 222 300 302 358 364 367 368 372 441 450 451 460 461 462 463 496 502 503 504 505 506 626 627 635 636 645 646 647 720 721 726 727 728 729 752 753 754 755 756 1020 1021 1022 1090 1091 1092 1093 1094 1095 1096 1097 1162 1212 1213 1214 1215 1216 1217 1218 1219 1220 1221 1450 1532 1534 1537 1538 1539 1540 1541 1543 1544 1546 1548 1549 1622 1650 1690 1691 1692 1693 1694 1695 1696 1697 1856 1908 1909 1910 1911 1912 1913 1914 1915 1916 2006 2119 2120 2121 2122 2196 2197 2198 2201 2217 2218 2219 2220 2325 2326 2327 2328 2338 2339 2340 2341 2342 2372 2386 2387 2388 2435 2439 2440 2485 2519 2572 2573 2582 2583 2584 2585 2609 2675 2676 2683 2684 2685 2686 2710 2752 2816 2822 2874 2897 2931 2935 2939 2954 2981 3004 3008 3047 3061 3066 3155 3159 3224 3229 3270 3271 3275 3287 3302 3307 3330 3335 3343 3358 3363 3376 3391 3407 3418 3419 3423 3437 3444 3452 3462 3471 3472 3479 3482 3488 3494 3500 3501 3504 3507 3509 
47 48 49 66 76 78 80 134 178 182 185 244 278 279 294 419 437 438 552 554 556 565 566 704 705 706 707 708 709 710 825 829 832 992 1000 1006 1313 1320 1420 1424 1427 1828 1829 1833 1834 1835 1836 1837 1838 1839 1840 1947 1989 2023 2042 2088 2363 2595 2693 2969 2973 3017 3023 3074 3078 3120 3163 3167 3191 
47 48 49 66 76 78 81 134 178 182 185 244 278 279 294 419 437 438 552 553 556 565 566 704 705 706 707 708 709 710 825 829 832 992 1000 1006 1313 1320 1420 1424 1427 1828 1829 1833 1834 1835 1836 1837 1838 1839 1840 1947 1989 2023 2042 2088 2363 2595 2693 2969 2973 3017 3023 3074 3078 3120 3163 3167 3191 
47 66 75 78 80 81 134 138 180 182 186 244 270 278 279 294 298 419 436 437 438 552 554 564 565 566 706 707 708 709 710 711 827 829 833 996 1000 1008 1009 1151 1315 1321 1422 1424 1428 1833 1834 1835 1836 1837 1838 1839 1840 1947 1950 1993 2023 2055 2093 2369 2447 2969 2973 3017 3023 3026 3076 3078 3084 3085 3120 3123 3165 3167 3170 3193 
66 87 90 140 191 194 304 317 447 464 472 473 474 623 641 642 717 731 732 733 1016 1017 1018 1156 1159 1438 1444 1645 1848 1851 2112 2113 2114 2117 2257 2259 2260 2456 2473 2475 2643 2645 2646 2761 2764 2766 2767 2841 2843 2844 2884 2886 2887 
66 88 89 140 192 193 194 304 317 464 472 473 474 641 642 731 732 733 1017 1018 1157 1158 1159 1441 1443 1444 1646 1647 1849 1850 1851 2115 2116 2117 2258 2259 2454 2475 2644 2645 2762 2763 2764 2842 2843 2885 2886 
66 88 140 193 194 304 317 464 471 472 473 639 641 730 731 732 1018 1124 1158 1159 1443 1444 1445 1446 1647 1648 1850 1851 2117 2259 2260 2475 2476 2645 2646 2764 2767 2843 2844 2886 2887 
98 100 210 212 302 358 453 459 460 461 462 463 496 502 503 504 505 506 633 635 636 637 645 646 647 726 727 728 729 752 753 754 755 756 877 1078 1079 1087 1188 1190 1193 1194 1195 1196 1197 1198 1199 1200 1201 1508 1511 1520 1523 1524 1614 1675 1677 1680 1681 1682 1683 1728 1729 1731 1893 1895 1900 1901 1902 2001 2002 2177 2178 2181 2187 2254 2322 2432 2509 2570 2627 2724 2727 2814 2908 2909 2944 2979 3021 3095 3106 3134 3202 3232 3250 
69 70 86 89 90 106 151 191 192 348 447 473 474 494 584 623 639 641 642 717 730 732 733 835 1016 1017 1019 1124 1156 1157 1438 1441 1446 1604 1645 1646 1848 1849 1852 1853 2024 2095 2112 2113 2114 2115 2257 2258 2454 2473 2548 2643 2644 2696 2756 2761 2762 2763 2838 2841 2842 2884 2885 
67 69 104 137 153 269 362 377 434 500 517 535 563 589 595 657 764 845 846 856 1037 1038 1071 1171 1330 1331 1350 1388 1469 1477 1658 1869 1875 2145 2147 2156 2379 2380 2497 2498 2589 2716 2856 2857 2878 2904 2943 2978 3040 3041 3067 3116 
52 83 104 127 129 131 362 388 500 517 540 542 543 544 545 546 548 549 550 551 589 600 657 734 735 736 737 743 744 745 746 747 764 837 838 856 1171 1322 1323 1465 1477 1658 1865 1866 1867 1868 1875 1884 1885 1886 1887 2026 2028 2145 2146 2147 2376 2379 2497 2498 2716 2856 2857 2878 2904 2943 2978 3040 3041 3067 3116 
69 87 90 142 375 376 521 522 523 524 525 526 527 528 529 530 661 664 768 769 770 771 772 773 774 775 911 912 1131 1132 1258 1259 1260 1261 1262 1263 1264 1265 1369 1370 1584 1586 1587 1631 1632 1633 1634 1718 1719 1740 1741 1742 1743 1939 1940 2011 2012 2241 2246 2443 2444 2538 2544 2545 2587 2639 2640 2738 2739 2825 2917 2947 2983 3022 3096 
52 61 127 347 350 353 487 490 542 545 579 582 862 863 868 869 1071 1342 1343 1348 1349 1350 1388 1493 1496 1883 2379 2380 2498 2878 2943 2978 3040 3041 3067 3116 
52 79 131 384 536 547 596 843 844 1071 1328 1329 1350 1388 1468 1869 2145 2156 2379 2380 2498 2589 2716 2856 2857 2878 2904 2943 2978 3040 3041 3067 3116 
52 83 131 388 540 551 600 837 838 1071 1322 1323 1350 1388 1465 1865 2145 2156 2379 2380 2498 2589 2716 2856 2857 2878 2904 2943 2978 3040 3041 3067 3116 
52 79 83 131 384 388 536 540 547 551 596 600 837 838 843 844 1071 1322 1323 1328 1329 1350 1388 1465 1468 1865 1869 2145 2156 2379 2380 2498 2589 2716 2856 2857 2878 2904 2943 2978 3040 3041 3067 3116 
52 79 83 104 131 362 384 388 500 517 536 540 547 548 549 550 551 589 596 600 657 734 735 736 737 764 837 838 843 844 856 1071 1171 1322 1323 1328 1329 1350 1388 1465 1468 1477 1658 1865 1866 1867 1868 1869 1875 2026 2145 2146 2147 2376 2379 2380 2497 2498 2716 2856 2857 2878 2904 2943 2978 3040 3041 3067 3116 
66 88 89 140 192 193 194 304 317 464 471 472 474 639 642 730 731 733 1017 1018 1124 1157 1158 1159 1441 1443 1444 1445 1446 1646 1647 1648 1849 1850 1851 2117 2258 2259 2260 2454 2475 2476 2644 2645 2646 2762 2763 2764 2767 2842 2843 2844 2885 2886 2887 
47 66 75 76 78 80 81 134 138 180 182 185 186 244 270 278 279 294 298 419 436 437 438 552 554 564 565 566 706 707 708 709 710 827 829 832 833 996 1000 1006 1008 1009 1151 1315 1320 1321 1422 1424 1427 1428 1834 1835 1836 1837 1838 1839 1840 1946 1947 1993 2023 2051 2093 2369 2447 2969 2973 2984 3017 3023 3043 3076 3078 3119 3120 3165 3167 3193 
87 88 89 98 100 192 193 210 212 302 304 461 462 463 464 471 474 635 636 637 639 642 727 728 729 730 733 1017 1018 1078 1079 1124 1157 1158 1188 1190 1441 1443 1446 1508 1511 1646 1647 1675 1677 1849 1850 1893 1895 2117 2177 2178 2254 2258 2259 2454 2475 2644 2645 2762 2763 2764 2842 2843 2885 2886 3106 3134 3202 3232 3250 
88 89 98 100 192 193 210 212 302 304 461 462 463 464 471 473 474 635 636 637 639 641 642 727 728 729 730 732 733 1078 1079 1124 1157 1158 1188 1190 1441 1443 1446 1508 1511 1646 1647 1675 1677 1849 1850 1893 1895 2115 2117 2177 2178 2254 2258 2259 2454 2475 2644 2645 2762 2763 2764 2842 2843 2885 2886 3106 3134 3202 3232 3250 
47 48 49 50 76 78 80 81 135 175 225 278 279 437 438 565 566 613 681 694 695 696 697 698 699 700 701 820 940 986 1276 1310 1417 1792 1793 1794 1801 1802 1803 1804 1805 2018 2020 2085 2349 2350 2358 2446 2464 2692 2833 2834 2835 2879 3013 3071 3118 3162 
47 48 49 50 68 71 76 78 80 81 116 135 155 156 160 175 225 228 256 260 278 279 393 395 424 437 438 557 565 566 613 680 681 694 695 696 697 698 699 700 701 820 940 986 1276 1310 1417 1792 1793 1794 1801 1802 1803 1804 1805 2018 2020 2085 2349 2350 2358 2446 2464 2692 2833 2834 2835 2879 3013 3071 3118 3162 
47 48 49 50 66 68 75 76 78 80 81 98 116 136 138 164 186 212 226 230 264 270 279 298 399 436 438 461 558 564 566 617 635 685 692 703 704 705 706 707 708 709 710 711 727 833 1008 1009 1190 1321 1428 1511 1677 1822 1823 1824 1833 1834 1835 1836 1837 1895 1950 2022 2023 2055 2086 2169 2348 2359 2445 2465 2499 2688 2826 2827 2828 2876 3016 3026 3084 3085 3101 3103 3123 3170 3179 3209 3239 
47 48 49 50 66 68 75 78 80 81 98 116 136 138 164 186 212 226 230 264 270 278 279 298 399 436 437 438 461 558 564 565 566 617 635 685 692 703 704 705 706 707 708 709 710 711 727 833 1008 1009 1190 1321 1428 1511 1677 1822 1823 1824 1833 1834 1835 1836 1837 1895 1950 2022 2023 2055 2086 2169 2348 2359 2445 2465 2499 2688 2826 2827 2828 2876 3016 3026 3084 3085 3101 3103 3123 3170 3179 3209 3239 
66 101 103 104 140 206 302 358 453 459 460 461 462 463 496 502 503 505 506 633 635 636 645 647 726 727 728 729 752 753 755 756 877 1074 1076 1087 1184 1193 1194 1195 1196 1197 1198 1199 1200 1201 1499 1520 1523 1524 1614 1671 1680 1681 1682 1683 1728 1729 1731 1889 1900 1901 1902 2001 2002 2181 2187 2317 2322 2382 2429 2432 2502 2509 2570 2621 2627 2724 2727 2754 2814 2908 2909 2944 2979 3021 3095 3132 3197 3277 
66 87 89 90 140 191 192 304 447 464 471 474 623 639 642 717 730 733 1016 1018 1124 1156 1157 1438 1441 1446 1645 1646 1848 1849 2112 2113 2114 2257 2258 2454 2473 2643 2644 2761 2762 2763 2841 2842 2884 2885 
47 48 49 76 78 80 81 134 138 178 182 183 185 244 270 278 279 280 294 419 437 438 439 552 556 565 566 567 704 705 706 707 708 709 710 825 829 830 832 992 1000 1002 1006 1313 1318 1320 1420 1424 1425 1427 1828 1829 1833 1834 1835 1836 1837 1838 1839 1840 1841 1842 1947 1948 1989 2023 2042 2088 2363 2595 2693 2969 2970 2973 3017 3023 3024 3074 3078 3081 3120 3121 3163 3167 3168 3191 
50 68 102 104 105 116 136 164 206 226 230 264 399 504 505 558 617 646 647 685 692 754 755 1072 1073 1074 1075 1184 1499 1671 1889 2067 2157 2158 2159 2160 2348 2381 2445 2499 2615 2688 2717 2826 2827 2828 2876 2905 2967 3016 3101 3103 3179 3209 3239 
47 48 49 50 76 78 80 81 136 185 226 278 279 437 438 565 566 617 692 703 704 705 706 707 708 709 710 832 952 1006 1275 1320 1427 1822 1823 1824 1833 1834 1835 1836 1837 2022 2023 2086 2348 2359 2445 2465 2688 2826 2827 2828 2876 3016 3070 3190 
50 68 76 116 136 164 185 226 230 264 278 399 437 558 565 617 685 692 832 1006 1320 1427 1833 2067 2086 2348 2445 2688 2826 2827 2828 2876 2905 2967 3016 3101 3103 3179 3209 3239 
53 58 59 146 167 168 572 573 690 789 790 949 951 1285 1286 1397 1398 1951 1955 2056 2966 2985 3030 3044 3045 3086 3093 3124 3128 3174 
50 53 61 68 76 116 136 146 164 166 185 226 230 264 278 399 437 558 565 575 617 685 692 787 832 944 1006 1283 1320 1395 1427 1768 1833 2067 2086 2348 2445 2688 2826 2827 2828 2876 3016 3101 3103 3179 3209 3239 
49 50 53 60 61 62 98 133 136 139 146 166 178 212 226 461 556 572 573 575 617 635 686 687 688 689 690 692 727 787 825 944 992 1190 1283 1313 1395 1420 1511 1677 1768 1769 1770 1771 1772 1821 1895 2017 2067 2086 2169 2348 2445 2499 2688 2826 2827 2828 2876 
47 48 49 50 68 76 78 80 81 116 136 164 185 226 230 264 278 279 399 437 438 558 565 566 617 685 692 703 704 705 706 707 708 709 710 832 1006 1320 1427 1822 1823 1824 1833 1834 1835 1836 1837 2022 2023 2086 2348 2359 2445 2465 2688 2826 2827 2828 2876 3016 3101 3103 3179 3209 3239 
90 92 93 94 187 191 447 448 451 473 623 624 627 641 717 718 721 732 1012 1013 1014 1015 1017 1152 1156 1431 1438 1641 1645 1844 1848 2103 2104 2108 2109 2110 2111 2289 2371 2418 2478 2601 2602 2702 2706 2776 2778 2839 2893 2955 3009 
91 92 94 187 189 190 441 448 449 450 451 624 625 626 627 718 719 720 721 1012 1013 1014 1152 1154 1155 1431 1434 1437 1605 1641 1643 1644 1844 1846 1847 2062 2103 2104 2289 2293 2418 2478 2483 2601 2602 2608 2698 2702 2776 2839 2882 2883 2893 2955 2957 2958 3009 3011 3012 
66 88 89 140 192 193 304 464 471 473 474 639 641 642 730 732 733 1124 1157 1158 1441 1443 1446 1646 1647 1849 1850 2115 2117 2258 2259 2454 2475 2644 2645 2762 2763 2764 2842 2843 2885 2886 
66 91 92 93 94 97 140 187 189 190 213 300 302 312 346 448 449 460 624 718 719 726 1011 1012 1013 1014 1152 1154 1155 1160 1191 1431 1434 1437 1447 1513 1514 1641 1644 1678 1844 1846 1847 1896 2062 2103 2104 2252 2289 2292 2370 2418 2448 2478 2481 2601 2602 2702 2705 2759 2776 2839 2882 2883 2955 2957 2958 2974 3009 3011 3012 3018 3110 3176 3230 
91 92 93 94 97 98 100 187 190 210 212 213 346 448 460 461 462 463 624 635 636 637 718 726 727 728 729 1011 1012 1013 1014 1078 1079 1152 1155 1188 1190 1191 1431 1437 1508 1511 1513 1514 1641 1644 1675 1677 1678 1844 1847 1893 1895 1896 2062 2103 2104 2177 2178 2252 2254 2289 2370 2418 2448 2478 2601 2602 2702 2776 2839 2883 2955 2958 2974 3009 3012 3018 3106 3110 3134 3176 3202 3230 3232 3250 
90 91 92 93 94 187 190 191 313 447 451 473 623 627 641 717 721 732 1012 1013 1014 1015 1017 1152 1155 1156 1431 1436 1437 1438 1641 1644 1645 1844 1847 1848 2103 2104 2108 2109 2110 2111 2289 2371 2418 2478 2601 2602 2702 2706 2776 2778 2839 2883 2893 2955 2958 3009 3012 
87 90 98 100 191 210 212 302 304 447 461 462 463 464 471 473 474 623 635 636 637 639 641 642 717 727 728 729 730 732 733 1016 1017 1018 1078 1079 1124 1156 1188 1190 1438 1446 1508 1511 1645 1675 1677 1848 1893 1895 2112 2113 2114 2177 2178 2254 2257 2473 2643 2761 2841 2884 3106 3134 3202 3232 3250 
66 87 88 89 140 192 193 304 464 471 474 639 642 730 733 1017 1018 1124 1157 1158 1441 1443 1446 1646 1647 1849 1850 2117 2258 2259 2454 2475 2644 2645 2762 2763 2764 2842 2843 2885 2886 
66 140 300 304 441 447 448 449 450 451 464 470 471 472 473 474 623 624 626 627 638 639 641 642 717 718 719 720 721 730 731 732 733 878 1202 1203 1204 1205 1206 1207 1208 1209 1210 1526 1527 1616 1684 1685 1687 1688 1733 1734 1735 1903 1904 1905 2003 2004 2182 2188 2323 2433 2510 2571 2628 2725 2728 2815 2910 2911 2945 2980 3021 3095 
91 93 94 98 100 187 188 190 210 212 300 302 441 448 450 451 461 462 463 624 626 627 635 636 637 718 720 721 727 728 729 1012 1014 1078 1079 1152 1153 1155 1188 1190 1431 1432 1437 1508 1511 1641 1642 1644 1675 1677 1844 1845 1847 1893 1895 2062 2103 2104 2177 2178 2254 2289 2418 2478 2601 2602 2702 2776 2839 2883 2955 2958 3009 3012 3106 3134 3202 3232 3250 
91 92 93 94 187 190 448 451 624 627 718 721 1012 1013 1014 1152 1155 1431 1437 1641 1644 1844 1847 2062 2103 2104 2289 2418 2478 2601 2602 2702 2776 2839 2883 2955 2958 3009 3012 
66 140 302 358 453 459 460 461 462 463 496 502 503 504 505 506 633 635 636 645 646 647 726 727 728 729 752 753 754 755 756 877 1087 1193 1194 1195 1196 1197 1198 1199 1200 1201 1520 1523 1524 1614 1680 1681 1682 1683 1728 1729 1731 1900 1901 1902 2001 2002 2181 2187 2322 2432 2509 2570 2627 2724 2727 2814 2908 2909 2944 2979 3021 3095 
87 88 193 473 641 732 1018 1158 1443 1647 1850 2117 2259 2260 2456 2475 2645 2646 2764 2766 2767 2843 2844 2886 2887 
8 
12 
16 
18 
26 
27 
31 
32 
33 
38 
42 
74 
96 
10 111 
64 69 150 151 347 348 350 356 486 487 488 489 490 491 492 493 579 580 581 582 583 607 608 609 870 871 872 873 874 875 928 1081 1083 1084 1085 1086 1211 1351 1352 1353 1354 1355 1516 1517 1518 1531 1899 1907 2185 2384 2513 2674 2785 2786 2863 2907 3022 3096 
52 54 69 127 129 150 227 336 350 487 542 543 544 545 546 579 743 744 745 746 747 749 868 869 920 1348 1349 1496 1883 1884 1885 1886 1887 2028 2379 2943 2978 3040 3041 3067 3116 
53 80 81 133 180 553 554 706 827 834 996 1151 1315 1422 1992 1993 2092 2093 2368 2369 2447 2470 2592 3076 3165 3193 
66 87 90 92 93 97 98 99 100 101 102 103 104 105 140 214 215 216 217 218 219 220 221 222 302 304 358 364 367 368 372 448 451 460 461 462 463 464 471 473 474 496 502 503 504 505 506 624 627 635 636 639 641 642 645 646 647 718 721 726 727 728 729 730 732 733 752 753 754 755 756 1020 1021 1022 1023 1024 1025 1026 1027 1090 1091 1092 1093 1094 1095 1096 1097 1124 1212 1213 1214 1215 1216 1217 1218 1219 1220 1221 1462 1532 1534 1537 1538 1539 1540 1541 1543 1544 1546 1548 1549 1622 1690 1691 1692 1693 1694 1695 1696 1697 1908 1909 1910 1911 1912 1913 1914 1915 1916 2006 2120 2121 2122 2129 2130 2131 2132 2196 2197 2198 2201 2217 2218 2219 2220 2325 2326 2327 2328 2338 2339 2340 2341 2342 2372 2374 2386 2387 2388 2435 2439 2440 2519 2572 2573 2582 2583 2584 2585 2610 2675 2676 2683 2684 2685 2686 2709 2752 2779 2816 2822 2874 2895 2897 2931 2935 2939 2954 2981 3004 3008 3047 3061 3066 3155 3159 3224 3229 3270 3271 3275 3287 3302 3307 3330 3335 3343 3358 3363 3376 3391 3407 3418 3419 3423 3437 3444 3452 3462 3471 3472 3479 3482 3488 3494 3500 3501 3504 3507 3509 
