66 89 90 92 93 94 97 98 99 100 101 102 103 104 140 195 196 198 205 208 214 215 216 217 218 219 220 221 222 300 302 304 319 338 358 364 365 366 441 447 449 450 451 453 460 461 462 463 474 496 502 503 504 505 506 623 627 634 635 636 637 644 645 717 719 720 721 726 727 728 729 733 752 753 754 755 756 1022 1025 1073 1090 1091 1092 1093 1094 1095 1096 1097 1161 1162 1164 1183 1186 1212 1213 1214 1215 1216 1217 1218 1219 1220 1222 1449 1450 1455 1497 1503 1532 1533 1534 1535 1536 1537 1538 1540 1542 1545 1546 1548 1620 1649 1652 1673 1689 1690 1691 1692 1693 1694 1695 1696 1697 1855 1856 1858 1888 1891 1908 1909 1910 1911 1912 1913 1914 1915 1916 2061 2121 2129 2202 2203 2204 2205 2206 2207 2208 2209 2210 2214 2215 2216 2219 2221 2316 2329 2330 2331 2332 2333 2334 2335 2336 2337 2372 2374 2386 2387 2388 2428 2436 2437 2438 2518 2578 2579 2609 2610 2618 2630 2677 2679 2681 2682 2710 2719 2751 2779 2783 2787 2819 2820 2821 2836 2875 2895 2912 2932 2934 2939 2981 3006 3007 3039 3047 3062 3064 3157 3158 3189 3196 3199 3225 3227 3245 3273 3274 3276 3279 3288 3303 3304 3305 3311 3333 3334 3344 3359 3361 3367 3378 3390 3395 3408 3417 3422 3436 3437 3438 3439 3443 3452 3460 3470 3478 3483 3488 3494 3500 3504 3507 3509 
90 91 92 189 190 312 313 441 448 449 623 624 717 718 719 1015 1154 1155 1160 1434 1435 1436 1643 1644 1846 1847 2062 2292 2371 2482 2607 2705 2759 2778 2882 2883 2893 2957 2958 3011 3012 
69 86 87 88 90 91 92 151 189 190 191 193 312 313 314 441 447 448 449 473 494 584 623 624 641 717 718 719 732 1015 1017 1018 1154 1155 1156 1158 1160 1434 1435 1436 1438 1439 1442 1446 1643 1645 1647 1846 1847 1848 1850 2062 2108 2112 2113 2114 2257 2292 2371 2453 2473 2482 2607 2643 2705 2759 2760 2761 2778 2841 2882 2883 2884 2893 2957 2958 3011 3012 
87 88 90 91 92 106 125 189 190 191 193 312 313 314 441 447 448 449 473 623 624 641 717 718 719 732 1015 1017 1018 1154 1155 1156 1158 1160 1434 1435 1436 1438 1439 1442 1643 1645 1647 1846 1847 1848 1850 2062 2108 2112 2113 2114 2257 2292 2371 2453 2473 2482 2548 2607 2643 2696 2697 2705 2756 2759 2760 2761 2778 2838 2841 2882 2883 2884 2893 2957 2958 3011 3012 
47 48 49 53 66 75 77 78 80 81 102 104 133 138 140 169 170 171 172 173 174 175 176 177 185 186 205 208 277 278 279 280 338 358 436 437 438 439 503 505 506 552 553 554 555 556 564 565 566 567 645 695 696 697 698 699 700 701 702 711 753 755 756 814 815 816 817 818 819 820 821 822 824 832 833 974 977 979 981 983 985 987 988 990 1006 1008 1073 1089 1148 1183 1186 1304 1305 1306 1307 1308 1309 1310 1311 1312 1320 1321 1411 1412 1413 1414 1415 1416 1417 1418 1419 1427 1428 1497 1503 1602 1673 1798 1799 1800 1801 1802 1803 1804 1805 1806 1807 1808 1809 1813 1814 1815 1818 1820 1888 1891 1950 1974 1975 1976 1977 1978 1979 1980 1981 1982 2019 2020 2021 2036 2037 2038 2061 2080 2082 2279 2280 2281 2283 2316 2357 2385 2407 2408 2409 2411 2412 2428 2553 2594 2618 2657 2658 2659 2719 2729 2775 2783 2797 2799 2836 2892 2922 2923 2924 2951 2968 2972 2991 2993 3026 3053 3054 3085 3112 3123 3142 3144 3170 3196 3199 3215 3217 3241 3245 3258 3259 3260 3276 3279 3282 3294 3295 3318 3319 3338 3347 3348 3351 3365 3370 3383 3384 3398 3401 3402 3403 3404 3411 3420 3428 3447 3449 3455 3467 3485 3489 3498 3502 
66 69 86 87 88 90 91 92 140 151 189 191 192 193 304 312 314 315 441 448 449 473 474 494 584 623 624 641 717 718 719 732 733 1016 1017 1018 1154 1156 1157 1158 1160 1434 1435 1438 1439 1440 1442 1446 1643 1645 1647 1846 1848 1849 1850 2108 2115 2116 2257 2258 2292 2371 2453 2474 2482 2607 2643 2644 2705 2759 2761 2762 2778 2842 2882 2884 2885 2893 2957 3011 
66 67 70 86 100 101 102 104 106 125 140 141 142 151 152 205 208 301 304 338 357 358 359 360 361 362 374 452 454 455 456 457 458 471 494 497 498 503 505 506 508 513 514 584 586 587 588 589 628 629 630 631 632 645 653 654 658 722 723 724 725 730 753 755 756 760 761 765 835 879 880 881 882 883 884 1019 1048 1055 1056 1057 1058 1059 1073 1124 1174 1175 1183 1186 1223 1224 1225 1226 1228 1229 1377 1378 1497 1503 1551 1554 1604 1627 1628 1661 1662 1673 1698 1699 1700 1701 1852 1878 1888 1891 1917 1918 1919 1999 2000 2047 2048 2061 2095 2151 2152 2153 2154 2155 2225 2312 2316 2377 2378 2428 2528 2529 2548 2613 2618 2632 2633 2696 2697 2719 2730 2731 2756 2783 2812 2836 2838 2900 2940 2975 2977 3019 3020 3069 3097 3160 3196 3199 3245 3276 3279 
66 67 70 86 100 101 102 104 106 125 140 141 142 151 205 208 301 304 338 357 358 363 374 452 455 456 457 458 471 494 501 503 505 506 508 513 514 584 590 629 630 631 632 645 653 654 658 722 723 724 725 730 753 755 756 760 761 765 835 1019 1048 1055 1056 1057 1058 1059 1073 1124 1174 1175 1183 1186 1497 1503 1604 1661 1662 1673 1852 1878 1888 1891 2061 2095 2151 2152 2153 2154 2155 2316 2377 2378 2428 2548 2613 2618 2696 2697 2719 2756 2783 2836 2838 2977 3020 3069 3160 3196 3199 3245 3276 3279 
66 67 70 86 99 102 104 106 125 140 141 142 151 152 205 208 301 304 338 357 358 359 363 373 374 452 455 456 457 458 471 494 497 503 505 506 508 512 584 586 590 629 630 631 632 645 652 658 722 723 724 725 730 753 755 756 759 765 835 1019 1048 1055 1056 1057 1058 1059 1073 1124 1176 1177 1183 1186 1497 1503 1604 1663 1664 1673 1852 1879 1888 1891 2061 2095 2151 2152 2153 2154 2155 2316 2377 2378 2428 2548 2613 2618 2696 2697 2719 2756 2783 2836 2838 2977 3020 3069 3160 3196 3199 3245 3276 3279 
89 91 92 93 97 98 188 189 190 212 213 300 302 304 311 312 345 441 448 450 453 460 474 624 634 635 718 720 726 727 733 1013 1014 1016 1080 1153 1154 1155 1160 1190 1191 1432 1434 1435 1436 1511 1512 1513 1643 1644 1677 1678 1845 1846 1847 1895 1896 2105 2106 2108 2256 2257 2290 2292 2371 2419 2453 2482 2603 2607 2643 2703 2705 2758 2759 2761 2778 2881 2882 2884 2893 2957 3010 3011 3108 3136 3207 3234 3252 
89 91 93 97 98 188 189 190 212 213 300 302 304 311 312 345 441 448 449 450 453 460 474 624 634 635 718 719 720 726 727 733 1013 1014 1016 1080 1153 1154 1155 1160 1190 1191 1432 1434 1435 1436 1511 1512 1513 1643 1644 1677 1678 1845 1846 1847 1895 1896 2105 2106 2108 2256 2257 2290 2292 2371 2419 2453 2482 2603 2607 2643 2703 2705 2758 2759 2761 2778 2881 2882 2884 2893 2957 3010 3011 3108 3136 3207 3234 3252 
97 98 99 100 101 104 105 205 210 212 213 302 338 345 358 453 460 463 505 506 634 635 637 726 727 729 755 756 1073 1076 1077 1078 1080 1183 1188 1190 1191 1497 1507 1511 1512 1513 1675 1677 1678 1888 1893 1895 1896 2169 2170 2171 2172 2173 2256 2316 2382 2428 2618 2719 2783 2836 3108 3109 3132 3136 3196 3207 3234 3245 3252 3276 
69 86 87 88 89 90 91 92 151 189 191 192 193 312 314 441 448 449 473 494 584 623 624 641 717 718 719 732 1016 1017 1018 1154 1156 1157 1158 1160 1434 1435 1438 1439 1441 1442 1446 1643 1645 1646 1647 1846 1848 1849 1850 2108 2115 2116 2257 2258 2292 2371 2453 2474 2482 2607 2643 2644 2705 2759 2761 2762 2778 2842 2882 2884 2885 2893 2957 3011 
66 69 86 87 140 142 151 152 194 304 362 363 374 464 472 494 508 517 518 584 589 590 640 658 731 764 765 835 855 1050 1124 1159 1170 1444 1446 1474 1604 1648 1657 1851 1852 1874 2024 2095 2148 2260 2377 2476 2612 2646 2689 2767 2844 2887 3068 3069 3117 3160 
66 87 88 90 91 92 106 125 140 189 191 192 193 304 312 314 315 441 448 449 473 474 623 624 641 717 718 719 732 733 1016 1017 1018 1154 1156 1157 1158 1160 1434 1435 1438 1439 1440 1442 1643 1645 1647 1846 1848 1849 1850 2108 2115 2116 2257 2258 2292 2371 2453 2474 2482 2548 2607 2643 2644 2696 2697 2705 2756 2759 2761 2762 2778 2838 2842 2882 2884 2885 2893 2957 3011 
66 102 105 140 205 206 207 208 338 339 340 358 503 504 505 506 645 753 754 755 756 1073 1074 1075 1183 1184 1185 1186 1497 1499 1501 1503 1610 1673 1888 1889 1890 1891 1897 2061 2316 2318 2320 2428 2430 2506 2618 2622 2695 2719 2721 2783 2784 2836 2837 3196 3197 3199 3210 3245 3246 3247 3276 3277 3278 3279 
66 99 100 101 103 105 140 205 206 210 338 339 358 463 504 505 506 637 729 754 755 756 1073 1074 1076 1077 1078 1183 1184 1188 1497 1499 1507 1675 1888 1889 1893 2169 2170 2171 2172 2173 2316 2318 2382 2428 2430 2618 2622 2719 2721 2783 2784 2836 2837 3109 3132 3196 3197 3245 3246 3276 3277 
66 67 70 86 100 102 103 106 125 140 141 142 151 152 206 208 301 304 339 357 358 359 362 363 374 452 455 456 457 458 471 494 497 503 504 505 508 513 584 586 589 590 629 630 631 632 645 653 657 722 723 724 725 730 753 754 755 760 764 835 855 1019 1048 1050 1055 1056 1057 1058 1059 1074 1124 1170 1174 1175 1184 1186 1474 1499 1503 1604 1657 1661 1662 1673 1852 1874 1878 1889 1891 2061 2095 2148 2151 2152 2153 2154 2155 2318 2377 2378 2430 2548 2613 2622 2696 2697 2721 2756 2784 2837 2838 2977 3020 3069 3160 3197 3199 3246 3277 3279 
66 67 69 86 106 125 140 141 151 152 301 304 357 362 452 454 455 456 457 458 471 494 497 498 499 500 501 584 586 587 588 589 590 628 629 630 631 632 722 723 724 725 730 835 879 880 881 882 883 884 1019 1124 1223 1224 1225 1226 1227 1228 1230 1376 1377 1379 1551 1555 1604 1627 1628 1698 1699 1700 1701 1852 1917 1918 1919 2000 2048 2095 2222 2223 2225 2312 2495 2529 2548 2696 2697 2731 2756 2812 2838 2899 2900 2940 2975 3019 3097 
66 67 69 87 100 105 106 125 140 141 142 152 194 301 304 357 359 362 363 374 452 455 456 457 458 464 472 497 513 517 518 586 589 590 629 630 631 632 640 653 658 722 723 724 725 731 760 764 765 855 1050 1055 1056 1057 1058 1059 1124 1159 1170 1174 1175 1444 1446 1474 1648 1657 1661 1662 1851 1874 1878 2148 2151 2152 2153 2154 2155 2260 2377 2378 2476 2548 2613 2646 2696 2697 2756 2767 2838 2844 2887 2977 3020 3069 3160 
66 67 86 87 100 102 104 106 125 140 141 142 151 152 194 205 208 301 304 338 357 358 359 363 374 452 455 456 457 458 464 472 494 497 503 505 506 508 513 584 586 590 629 630 631 632 640 645 653 658 722 723 724 725 731 753 755 756 760 765 1048 1055 1056 1057 1058 1059 1073 1124 1159 1174 1175 1183 1186 1444 1446 1497 1503 1648 1661 1662 1673 1851 1878 1888 1891 2061 2151 2152 2153 2154 2155 2260 2316 2377 2378 2428 2476 2548 2613 2618 2646 2696 2697 2719 2756 2767 2783 2836 2838 2844 2887 2977 3020 3069 3160 3196 3199 3245 3276 3279 
66 91 92 93 140 188 189 190 300 311 312 441 448 450 624 718 720 1013 1014 1153 1154 1155 1160 1432 1434 1435 1436 1643 1644 1845 1846 1847 2100 2105 2106 2290 2292 2419 2482 2603 2607 2703 2705 2758 2759 2881 2882 2883 2893 2957 2958 3010 3011 3012 
66 91 93 140 188 189 190 300 311 312 441 448 449 450 624 718 719 720 1013 1014 1153 1154 1155 1160 1432 1434 1435 1436 1643 1644 1845 1846 1847 2100 2105 2106 2290 2292 2419 2482 2603 2607 2703 2705 2758 2759 2881 2882 2883 2893 2957 2958 3010 3011 3012 
66 91 93 94 140 187 189 190 300 312 441 448 449 451 624 627 718 719 721 1012 1013 1014 1152 1154 1155 1160 1431 1434 1435 1436 1641 1643 1644 1844 1846 1847 2100 2101 2102 2288 2292 2417 2482 2599 2607 2701 2705 2757 2759 2880 2882 2883 2893 2957 2958 3009 3011 3012 
66 69 86 87 89 91 92 106 125 140 151 189 190 194 300 312 313 449 472 494 584 640 642 719 731 733 1014 1016 1154 1155 1159 1160 1434 1435 1436 1444 1446 1605 1643 1648 1846 1847 1851 2062 2108 2257 2260 2292 2293 2371 2453 2476 2482 2483 2548 2607 2608 2643 2646 2696 2697 2698 2705 2756 2759 2761 2767 2778 2838 2844 2882 2883 2884 2887 2893 2957 2958 3011 3012 
66 91 92 94 97 140 187 189 190 213 300 312 441 448 451 460 624 627 634 718 721 726 1013 1014 1152 1154 1155 1160 1191 1431 1434 1435 1436 1513 1641 1643 1644 1678 1844 1846 1847 1896 2097 2100 2101 2102 2252 2288 2292 2370 2417 2448 2482 2597 2599 2607 2701 2705 2707 2757 2759 2880 2882 2883 2893 2894 2957 2958 3009 3011 3012 3018 3110 3176 3230 
66 89 91 92 94 97 140 187 189 190 213 300 304 312 441 448 451 460 474 624 627 634 718 721 726 733 1013 1014 1016 1152 1154 1155 1160 1191 1431 1434 1435 1436 1513 1641 1643 1644 1678 1844 1846 1847 1896 2097 2100 2101 2102 2108 2252 2257 2288 2292 2370 2371 2417 2448 2453 2482 2597 2599 2607 2643 2701 2705 2707 2757 2759 2761 2778 2880 2882 2883 2884 2893 2894 2957 2958 3009 3011 3012 3018 3110 3176 3230 
66 89 91 94 97 140 187 189 190 213 300 304 312 441 448 449 451 460 474 624 627 634 718 719 721 726 733 1013 1014 1016 1152 1154 1155 1160 1191 1431 1434 1435 1436 1513 1641 1643 1644 1678 1844 1846 1847 1896 2097 2100 2101 2102 2108 2252 2257 2288 2292 2370 2371 2417 2448 2453 2482 2597 2599 2607 2643 2701 2705 2707 2757 2759 2761 2778 2880 2882 2883 2884 2893 2894 2957 2958 3009 3011 3012 3018 3110 3176 3230 
66 89 91 93 94 140 187 189 190 300 304 312 441 448 449 451 474 624 627 718 719 721 733 1012 1013 1014 1016 1152 1154 1155 1160 1431 1434 1435 1436 1641 1643 1644 1844 1846 1847 2100 2101 2102 2108 2257 2288 2292 2371 2417 2453 2482 2599 2607 2643 2701 2705 2757 2759 2761 2778 2880 2882 2883 2884 2893 2957 2958 3009 3011 3012 
66 92 140 189 190 300 312 441 448 449 624 718 719 1014 1154 1155 1160 1434 1435 1437 1605 1643 1644 1846 1847 2062 2292 2293 2482 2483 2607 2608 2698 2705 2759 2882 2883 2893 2957 2958 3011 3012 
66 69 86 87 89 91 93 94 97 106 125 140 151 187 188 194 213 300 311 450 451 460 472 494 584 627 634 640 642 720 721 726 731 733 1014 1016 1152 1153 1159 1191 1431 1432 1444 1446 1513 1641 1648 1678 1844 1845 1851 1896 2062 2098 2105 2106 2108 2252 2257 2260 2290 2370 2371 2419 2448 2453 2476 2548 2597 2603 2643 2646 2696 2697 2703 2707 2756 2758 2761 2767 2778 2838 2844 2881 2883 2884 2887 2893 2894 2958 3010 3012 3018 3110 3176 3230 
66 89 91 92 93 140 188 189 300 304 311 312 441 448 450 474 624 718 720 733 1013 1014 1016 1153 1154 1160 1432 1434 1435 1643 1845 1846 2062 2105 2106 2108 2257 2290 2292 2371 2419 2453 2482 2603 2607 2643 2703 2705 2758 2759 2761 2778 2881 2882 2883 2884 2893 2957 2958 3010 3011 3012 
66 69 86 87 89 91 93 94 97 106 125 140 151 187 188 190 194 213 300 311 441 448 450 451 460 472 494 584 624 627 634 640 642 718 720 721 726 731 733 1014 1016 1152 1153 1155 1159 1191 1431 1432 1436 1444 1446 1513 1641 1644 1648 1678 1844 1845 1847 1851 1896 2098 2105 2106 2108 2252 2257 2260 2290 2370 2371 2419 2448 2453 2476 2548 2597 2603 2643 2646 2696 2697 2703 2707 2756 2758 2761 2767 2778 2838 2844 2881 2884 2887 2894 3010 3018 3110 3176 3230 
66 89 91 93 140 188 189 300 304 311 312 441 448 449 450 474 624 718 719 720 733 1013 1014 1016 1153 1154 1160 1432 1434 1435 1643 1845 1846 2062 2105 2106 2108 2257 2290 2292 2371 2419 2453 2482 2603 2607 2643 2703 2705 2758 2759 2761 2778 2881 2882 2883 2884 2893 2957 2958 3010 3011 3012 
66 89 92 93 94 98 140 187 188 212 300 302 304 311 449 450 451 453 461 474 627 635 719 720 721 727 733 1013 1016 1152 1153 1190 1431 1432 1512 1641 1677 1844 1845 1895 2098 2108 2252 2256 2257 2370 2371 2448 2452 2453 2597 2643 2707 2761 2778 2884 2894 3018 3108 3110 3136 3176 3206 3207 3230 3234 3252 
69 86 87 89 90 92 93 94 97 106 125 151 187 188 191 194 213 311 314 441 449 450 451 460 472 494 584 623 627 634 640 642 717 719 720 721 726 731 733 1013 1016 1152 1153 1156 1159 1191 1431 1432 1438 1439 1444 1446 1513 1641 1645 1648 1678 1844 1845 1848 1851 1896 2098 2108 2252 2257 2260 2370 2371 2448 2453 2476 2548 2597 2643 2646 2696 2697 2707 2756 2761 2767 2778 2838 2844 2884 2887 2894 3018 3110 3176 3230 
66 91 92 93 97 140 188 190 213 300 311 441 448 449 450 460 624 634 718 719 720 726 1013 1153 1155 1191 1432 1436 1513 1644 1678 1845 1847 1896 2098 2100 2252 2288 2370 2417 2448 2477 2597 2600 2707 2757 2880 2883 2894 2958 3009 3012 3018 3110 3176 3230 
66 89 92 93 97 140 188 213 300 304 311 449 450 460 474 634 719 720 726 733 1013 1016 1153 1191 1432 1513 1678 1845 1896 2098 2100 2108 2252 2257 2288 2370 2371 2417 2448 2453 2477 2597 2600 2643 2707 2757 2761 2778 2880 2884 2894 3009 3018 3110 3176 3230 
66 91 92 94 97 140 187 190 213 300 441 448 449 451 460 624 627 634 718 719 721 726 1013 1152 1155 1191 1431 1436 1513 1641 1644 1678 1844 1847 1896 2098 2252 2290 2370 2419 2448 2479 2597 2604 2707 2758 2881 2883 2894 2958 3010 3012 3018 3110 3176 3230 
66 89 92 94 97 140 187 213 300 304 449 451 460 474 627 634 719 721 726 733 1013 1016 1152 1191 1431 1513 1641 1678 1844 1896 2098 2108 2252 2257 2290 2370 2371 2419 2448 2453 2479 2597 2604 2643 2707 2758 2761 2778 2881 2884 2894 3010 3018 3110 3176 3230 
66 86 87 104 105 106 125 140 142 151 152 194 304 362 363 374 464 472 494 508 518 584 589 590 640 657 658 731 764 765 855 1050 1124 1159 1170 1444 1446 1474 1648 1657 1851 1874 2148 2260 2377 2476 2548 2612 2646 2689 2696 2697 2756 2767 2838 2844 2887 3068 3069 3117 3160 
91 92 99 100 101 189 209 210 300 312 342 358 441 448 449 463 496 624 637 644 718 719 729 752 1014 1077 1078 1154 1160 1187 1188 1434 1435 1505 1507 1605 1643 1675 1846 1892 1893 2174 2175 2176 2253 2292 2293 2482 2483 2607 2608 2698 2705 2759 2882 2957 3011 3105 3133 3200 3231 3249 
69 86 87 89 90 91 92 106 125 151 189 191 194 312 314 441 448 449 472 494 584 623 624 640 642 717 718 719 731 733 1014 1016 1154 1156 1159 1160 1434 1435 1438 1439 1444 1446 1605 1643 1645 1648 1846 1848 1851 2257 2260 2292 2293 2453 2476 2482 2483 2548 2607 2608 2643 2646 2696 2697 2698 2705 2756 2759 2761 2767 2838 2844 2882 2884 2887 2957 3011 
69 86 87 89 90 97 98 106 125 151 191 194 212 213 300 302 314 345 441 448 449 450 451 453 460 472 473 494 584 624 627 634 635 638 639 640 641 642 718 719 720 721 726 727 730 731 732 733 878 1016 1080 1088 1156 1159 1190 1191 1202 1203 1204 1205 1206 1207 1208 1209 1210 1438 1439 1444 1446 1511 1512 1513 1525 1526 1527 1529 1616 1617 1645 1648 1677 1678 1684 1685 1687 1733 1734 1848 1851 1895 1896 1903 1904 1905 2003 2004 2183 2188 2256 2257 2260 2323 2324 2433 2434 2453 2476 2510 2516 2517 2548 2571 2628 2629 2643 2646 2696 2697 2725 2726 2756 2761 2767 2815 2838 2844 2884 2887 2911 2945 2980 3021 3095 3108 3136 3207 3234 3252 
47 53 69 78 86 87 89 90 106 125 133 138 140 151 182 191 194 280 300 314 441 448 449 450 451 472 473 494 552 567 584 624 627 638 639 640 641 642 708 718 719 720 721 730 731 732 733 829 878 1001 1016 1088 1156 1159 1202 1203 1204 1205 1206 1207 1208 1209 1210 1317 1424 1438 1439 1444 1446 1525 1526 1527 1529 1616 1617 1645 1648 1684 1685 1687 1733 1734 1848 1851 1903 1904 1905 1947 2003 2004 2052 2183 2188 2257 2260 2323 2324 2433 2434 2453 2476 2510 2516 2517 2548 2571 2628 2629 2643 2646 2696 2697 2725 2726 2756 2761 2767 2815 2838 2844 2884 2887 2911 2945 2980 3021 3023 3078 3079 3095 3120 3167 
67 70 100 104 141 152 301 357 359 362 363 452 455 456 457 458 497 508 513 517 586 589 590 629 630 631 632 653 657 722 723 724 725 760 764 855 1048 1050 1055 1056 1057 1058 1059 1170 1174 1175 1474 1657 1661 1662 1874 1878 2148 2151 2152 2153 2154 2155 2377 2378 2613 2977 3020 3069 3160 
91 92 97 98 189 190 212 213 300 302 312 345 441 448 449 453 460 624 634 635 718 719 726 727 1080 1154 1155 1160 1190 1191 1434 1435 1436 1511 1512 1513 1643 1644 1677 1678 1846 1847 1895 1896 2256 2292 2482 2607 2705 2759 2882 2883 2893 2957 2958 3011 3012 3108 3136 3207 3234 3252 
47 53 78 91 92 133 138 140 182 189 190 280 300 312 441 448 449 552 567 624 708 718 719 829 1001 1154 1155 1160 1317 1424 1434 1435 1436 1643 1644 1846 1847 1947 2052 2292 2482 2607 2705 2759 2882 2883 2893 2957 2958 3011 3012 3023 3078 3079 3120 3167 
66 91 92 93 94 97 140 187 188 189 213 300 311 312 449 450 451 460 627 634 719 720 721 726 1013 1014 1152 1153 1154 1191 1431 1432 1434 1435 1513 1605 1641 1643 1678 1844 1845 1846 1896 2098 2252 2293 2370 2448 2483 2597 2608 2698 2707 2882 2894 2957 3011 3018 3110 3176 3230 
66 69 86 87 89 90 91 92 93 94 97 106 125 140 151 187 188 190 191 194 213 300 311 314 448 449 450 451 460 472 494 584 623 624 627 634 640 642 717 718 719 720 721 726 731 733 1013 1016 1152 1153 1155 1156 1159 1191 1431 1432 1436 1438 1439 1444 1446 1513 1641 1644 1645 1648 1678 1844 1845 1847 1848 1851 1896 2098 2252 2257 2260 2370 2448 2453 2476 2548 2597 2643 2646 2696 2697 2707 2756 2761 2767 2838 2844 2883 2884 2887 2894 2958 3012 3018 3110 3176 3230 
66 89 90 91 92 93 94 97 140 187 188 190 191 213 300 304 311 314 448 449 450 451 460 474 623 624 627 634 717 718 719 720 721 726 733 1013 1016 1152 1153 1155 1156 1191 1431 1432 1436 1438 1439 1513 1641 1644 1645 1678 1844 1845 1847 1848 1896 2098 2252 2257 2370 2448 2453 2597 2643 2707 2761 2883 2884 2894 2958 3012 3018 3110 3176 3230 
69 86 87 89 90 91 92 106 125 151 189 190 191 194 312 314 441 448 449 472 494 584 623 624 640 642 717 718 719 731 733 1016 1154 1155 1156 1159 1160 1434 1435 1436 1438 1439 1444 1446 1643 1644 1645 1648 1846 1847 1848 1851 2257 2260 2292 2453 2476 2482 2548 2607 2643 2646 2696 2697 2705 2756 2759 2761 2767 2838 2844 2882 2883 2884 2887 2893 2957 2958 3011 3012 
67 70 100 104 105 141 152 301 357 359 362 363 452 455 456 457 458 497 508 513 517 518 586 589 590 629 630 631 632 653 657 658 722 723 724 725 760 764 765 855 1050 1055 1056 1057 1058 1059 1170 1174 1175 1474 1657 1661 1662 1874 1878 2148 2151 2152 2153 2154 2155 2377 2378 2613 2977 3020 3069 3160 
66 89 90 91 92 140 189 190 191 304 312 314 441 448 449 474 623 624 717 718 719 733 1016 1154 1155 1156 1160 1434 1435 1436 1438 1439 1643 1644 1645 1846 1847 1848 2257 2292 2453 2482 2607 2643 2705 2759 2761 2882 2883 2884 2893 2957 2958 3011 3012 
66 92 93 94 97 140 187 188 189 213 300 311 312 441 448 449 450 451 460 624 627 634 718 719 720 721 726 1013 1014 1152 1153 1154 1191 1431 1432 1434 1435 1513 1605 1641 1643 1678 1844 1845 1846 1896 2098 2252 2293 2370 2448 2483 2597 2608 2698 2707 2882 2894 2957 3011 3018 3110 3176 3230 
66 75 102 103 104 105 140 186 207 208 277 358 436 503 505 564 645 753 755 833 1008 1072 1073 1074 1075 1185 1186 1321 1428 1502 1503 1610 1672 1673 1890 1891 1897 1946 2061 2157 2158 2159 2160 2316 2318 2320 2381 2428 2430 2499 2506 2615 2618 2622 2695 2717 2719 2721 2783 2784 2836 2837 2861 2862 2906 2984 3043 3073 3119 3196 3197 3199 3210 3245 3246 3247 3276 3277 3278 3279 
69 70 142 152 362 363 374 508 517 518 589 590 658 764 765 855 1050 1170 1474 1657 1874 2148 2377 2612 2689 3068 3069 3117 3160 
47 53 75 76 78 133 182 185 278 280 437 552 565 567 708 711 829 832 1001 1006 1317 1320 1424 1427 1946 1947 1950 2051 2052 2972 2984 3023 3026 3042 3043 3073 3078 3079 3085 3119 3120 3123 3167 3170 
67 70 86 97 98 100 104 106 125 141 142 151 152 212 213 301 302 304 345 357 359 362 363 374 452 453 455 456 457 458 460 471 494 497 508 513 584 586 589 590 629 630 631 632 634 635 653 657 722 723 724 725 726 727 730 760 764 835 855 1019 1048 1050 1055 1056 1057 1058 1059 1080 1124 1170 1174 1175 1190 1191 1474 1511 1512 1513 1604 1657 1661 1662 1677 1678 1852 1874 1878 1895 1896 2095 2148 2151 2152 2153 2154 2155 2256 2377 2378 2548 2613 2696 2697 2756 2838 2977 3020 3069 3108 3136 3160 3207 3234 3252 
47 53 78 89 91 92 93 133 138 140 182 188 189 190 280 300 304 311 312 441 448 450 474 552 567 624 708 718 720 733 829 1001 1013 1014 1016 1153 1154 1155 1160 1317 1424 1432 1434 1435 1436 1643 1644 1845 1846 1847 1947 2052 2105 2106 2108 2257 2290 2292 2371 2419 2453 2482 2603 2607 2643 2703 2705 2758 2759 2761 2778 2881 2882 2884 2893 2957 3010 3011 3023 3078 3079 3120 3167 
47 53 78 89 91 93 133 138 140 182 188 189 190 280 300 304 311 312 441 448 449 450 474 552 567 624 708 718 719 720 733 829 1001 1013 1014 1016 1153 1154 1155 1160 1317 1424 1432 1434 1435 1436 1643 1644 1845 1846 1847 1947 2052 2105 2106 2108 2257 2290 2292 2371 2419 2453 2482 2603 2607 2643 2703 2705 2758 2759 2761 2778 2881 2882 2884 2893 2957 3010 3011 3023 3078 3079 3120 3167 
47 53 76 78 133 182 185 277 278 280 436 437 552 564 565 567 708 711 829 832 1001 1006 1317 1320 1424 1427 1946 1947 1950 2051 2052 2972 2984 3023 3026 3042 3043 3073 3078 3079 3085 3119 3120 3123 3167 3170 
66 75 76 138 185 278 437 565 711 832 1006 1320 1427 1946 1950 2051 2972 2984 3026 3042 3043 3073 3085 3119 3123 3170 
75 97 98 102 103 105 186 205 207 208 212 213 277 302 338 345 358 436 453 460 503 506 564 634 635 645 726 727 753 756 833 1008 1072 1074 1075 1080 1183 1185 1186 1190 1191 1321 1428 1497 1502 1503 1511 1512 1513 1610 1672 1673 1677 1678 1888 1890 1891 1895 1896 1897 1946 2061 2157 2158 2159 2160 2256 2316 2318 2320 2381 2428 2430 2499 2506 2615 2618 2622 2695 2717 2719 2721 2783 2784 2836 2837 2861 2862 2906 2984 3043 3073 3108 3119 3136 3196 3197 3199 3207 3210 3234 3245 3246 3247 3252 3276 3277 3278 3279 
67 70 86 97 98 100 104 105 106 125 141 142 151 152 212 213 301 302 304 345 357 359 362 363 374 452 453 455 456 457 458 460 471 494 497 508 513 518 584 586 589 590 629 630 631 632 634 635 653 657 658 722 723 724 725 726 727 730 760 764 765 835 855 1019 1050 1055 1056 1057 1058 1059 1080 1124 1170 1174 1175 1190 1191 1474 1511 1512 1513 1604 1657 1661 1662 1677 1678 1852 1874 1878 1895 1896 2095 2148 2151 2152 2153 2154 2155 2256 2377 2378 2548 2613 2696 2697 2756 2838 2977 3020 3069 3108 3136 3160 3207 3234 3252 
87 88 89 90 91 92 106 125 189 191 192 193 312 314 441 448 449 473 623 624 641 717 718 719 732 1016 1017 1018 1154 1156 1157 1158 1160 1434 1435 1438 1439 1441 1442 1643 1645 1646 1647 1846 1848 1849 1850 2108 2115 2116 2257 2258 2292 2371 2453 2474 2482 2548 2607 2643 2644 2696 2697 2705 2756 2759 2761 2762 2778 2838 2842 2882 2884 2885 2893 2957 3011 
66 91 93 94 97 140 187 188 190 213 300 311 441 448 450 451 460 624 627 634 718 720 721 726 1014 1152 1153 1155 1191 1431 1432 1436 1513 1641 1644 1678 1844 1845 1847 1896 2098 2105 2106 2252 2290 2370 2419 2448 2597 2603 2703 2707 2758 2881 2883 2894 2958 3010 3012 3018 3110 3176 3230 
66 87 88 89 92 93 94 97 106 125 140 187 188 192 193 213 300 311 449 450 451 460 473 627 634 641 719 720 721 726 732 1013 1016 1017 1018 1152 1153 1157 1158 1191 1431 1432 1441 1442 1513 1641 1646 1647 1678 1844 1845 1849 1850 1896 2098 2108 2115 2116 2252 2257 2258 2370 2371 2448 2453 2474 2548 2597 2643 2644 2696 2697 2707 2756 2761 2762 2778 2838 2842 2884 2885 2894 3018 3110 3176 3230 
99 100 101 102 103 104 105 205 206 207 208 209 210 338 342 463 496 503 506 637 644 645 729 752 753 756 1073 1074 1075 1077 1078 1183 1184 1185 1186 1187 1188 1497 1500 1502 1503 1505 1507 1610 1671 1672 1673 1675 1888 1889 1890 1891 1892 1893 1897 2061 2174 2175 2176 2253 2315 2316 2318 2320 2427 2428 2430 2500 2506 2617 2618 2622 2695 2719 2721 2783 2784 2836 2837 3105 3133 3196 3197 3199 3200 3210 3231 3245 3246 3247 3249 3276 3277 3278 3279 
69 70 105 142 152 362 363 374 517 518 589 590 658 764 765 855 1050 1170 1474 1657 1874 2148 2377 2612 2689 3068 3069 3117 3160 
66 102 103 105 140 205 206 208 338 339 358 503 504 505 506 645 753 754 755 756 1073 1074 1183 1184 1186 1497 1499 1503 1673 1888 1889 1891 2061 2316 2318 2428 2430 2618 2622 2719 2721 2783 2784 2836 2837 3196 3197 3199 3245 3246 3276 3277 3279 
66 89 91 92 140 189 190 300 304 312 313 449 474 719 733 1016 1154 1155 1160 1434 1435 1436 1643 1846 1847 2062 2108 2257 2292 2293 2371 2453 2482 2607 2643 2705 2759 2761 2778 2882 2883 2884 2893 2957 2958 3011 3012 
69 86 87 99 100 101 106 125 151 194 209 210 304 342 358 463 464 472 494 496 584 637 640 644 729 731 752 1077 1078 1159 1187 1188 1196 1197 1444 1446 1505 1507 1524 1648 1675 1682 1683 1851 1892 1893 1902 2174 2175 2176 2186 2253 2260 2476 2548 2646 2696 2697 2756 2767 2838 2844 2887 3105 3133 3200 3231 3249 
66 69 86 87 106 125 140 151 194 304 358 463 464 472 494 496 502 584 637 640 644 729 731 752 1159 1196 1197 1444 1446 1524 1648 1682 1683 1851 1902 2186 2260 2476 2548 2646 2696 2697 2756 2767 2838 2844 2887 
66 89 92 140 189 190 300 304 312 441 448 449 474 624 718 719 733 1016 1154 1155 1160 1434 1435 1437 1643 1644 1846 1847 2062 2108 2257 2292 2371 2453 2482 2607 2643 2705 2759 2761 2778 2882 2883 2884 2893 2957 2958 3011 3012 
89 92 93 94 97 98 187 188 212 213 300 302 304 311 345 449 450 451 453 460 474 627 634 635 719 720 721 726 727 733 1013 1016 1080 1152 1153 1190 1191 1431 1432 1511 1512 1513 1641 1677 1678 1844 1845 1895 1896 2098 2108 2252 2256 2257 2370 2371 2448 2453 2597 2643 2707 2761 2778 2884 2894 3018 3108 3110 3136 3176 3207 3230 3234 3252 
66 89 92 93 94 97 140 187 188 213 300 304 311 449 450 451 460 474 627 634 719 720 721 726 733 1013 1016 1152 1153 1191 1431 1432 1513 1641 1678 1844 1845 1896 2098 2108 2252 2257 2370 2371 2448 2453 2597 2643 2707 2761 2778 2884 2894 3018 3110 3176 3230 
66 89 91 92 140 189 190 304 312 313 441 449 474 624 718 719 733 1016 1154 1155 1160 1434 1435 1436 1643 1846 1847 2062 2108 2257 2292 2371 2453 2482 2607 2643 2705 2759 2761 2778 2882 2883 2884 2893 2957 2958 3011 3012 
66 67 70 86 100 104 105 106 125 140 141 142 151 152 301 304 357 359 362 363 374 452 455 456 457 458 471 494 497 508 513 518 584 586 589 590 629 630 631 632 653 657 658 722 723 724 725 730 760 764 765 835 855 1019 1050 1055 1056 1057 1058 1059 1124 1170 1174 1175 1474 1604 1657 1661 1662 1852 1874 1878 2095 2148 2151 2152 2153 2154 2155 2377 2378 2548 2613 2696 2697 2756 2838 2977 3020 3069 3160 
87 88 89 90 102 103 104 105 106 125 191 192 193 205 206 207 208 300 314 338 358 441 473 503 506 623 641 645 717 732 753 756 1016 1017 1018 1073 1074 1075 1156 1157 1158 1183 1184 1185 1186 1438 1439 1441 1442 1497 1500 1502 1503 1610 1645 1646 1647 1671 1672 1673 1848 1849 1850 1888 1889 1890 1891 1897 2061 2115 2116 2257 2258 2316 2318 2320 2428 2430 2453 2474 2506 2548 2618 2622 2643 2644 2695 2696 2697 2719 2721 2756 2761 2762 2783 2784 2836 2837 2838 2842 2884 2885 3196 3197 3199 3210 3245 3246 3247 3276 3277 3278 3279 
91 92 99 100 101 189 190 209 210 300 312 342 358 441 448 449 463 496 624 637 644 718 719 729 752 1077 1078 1154 1155 1160 1187 1188 1434 1435 1436 1505 1507 1643 1644 1675 1846 1847 1892 1893 2174 2175 2176 2253 2292 2482 2607 2705 2759 2882 2883 2893 2957 2958 3011 3012 3105 3133 3200 3231 3249 
67 69 70 100 141 142 152 301 357 359 362 363 374 452 455 456 457 458 497 508 513 517 518 586 589 590 629 630 631 632 653 658 722 723 724 725 760 764 765 855 1050 1055 1056 1057 1058 1059 1170 1174 1175 1474 1657 1661 1662 1874 1878 2148 2151 2152 2153 2154 2155 2377 2378 2613 2977 3020 3069 3160 
66 69 86 87 97 98 106 125 140 151 194 302 304 453 461 464 472 494 584 635 640 727 731 1096 1097 1159 1444 1446 1648 1851 2219 2260 2388 2476 2548 2646 2685 2696 2697 2756 2767 2823 2838 2844 2887 
69 86 87 90 91 106 125 151 190 194 300 304 313 441 464 472 494 584 623 624 640 717 718 731 1015 1155 1159 1436 1444 1446 1648 1847 1851 2062 2260 2371 2476 2548 2646 2696 2697 2756 2767 2778 2838 2844 2883 2887 2893 2958 3012 
66 67 70 86 100 102 104 106 125 140 141 142 151 152 205 208 301 304 338 357 358 359 363 374 452 455 456 457 458 471 494 497 503 505 506 508 513 584 586 590 629 630 631 632 645 653 658 722 723 724 725 730 753 755 756 760 765 835 1019 1048 1055 1056 1057 1058 1059 1073 1124 1174 1175 1183 1186 1497 1503 1604 1661 1662 1673 1852 1878 1888 1891 2061 2095 2151 2152 2153 2154 2155 2316 2377 2378 2428 2548 2613 2618 2696 2697 2719 2756 2783 2836 2838 2977 3020 3069 3160 3196 3199 3245 3276 3279 
66 89 91 92 93 140 188 189 190 300 304 311 312 441 448 450 474 624 718 720 733 1013 1014 1016 1153 1154 1155 1160 1432 1434 1435 1436 1643 1644 1845 1846 1847 2105 2106 2108 2257 2290 2292 2371 2419 2453 2482 2603 2607 2643 2703 2705 2758 2759 2761 2778 2881 2882 2884 2893 2957 3010 3011 
66 89 90 91 92 140 189 191 300 304 312 314 448 449 474 623 624 717 718 719 733 1016 1154 1156 1160 1434 1435 1438 1439 1643 1645 1846 1848 2108 2257 2292 2371 2453 2482 2607 2643 2705 2759 2761 2778 2882 2884 2893 2957 3011 
66 89 90 92 93 94 97 140 187 188 191 213 304 311 314 441 449 450 451 460 474 623 627 634 717 719 720 721 726 733 1013 1016 1152 1153 1156 1191 1431 1432 1438 1439 1513 1641 1645 1678 1844 1845 1848 1896 2098 2108 2252 2257 2370 2371 2448 2453 2597 2643 2707 2761 2778 2884 2894 3018 3110 3176 3230 
87 88 89 91 92 99 100 101 106 125 189 192 193 209 210 300 312 342 358 441 448 449 463 473 496 624 637 641 644 718 719 729 732 752 1016 1017 1018 1077 1078 1154 1157 1158 1160 1187 1188 1434 1435 1441 1442 1505 1507 1643 1646 1647 1675 1846 1849 1850 1892 1893 2108 2115 2116 2174 2175 2176 2253 2257 2258 2292 2371 2453 2474 2482 2548 2607 2643 2644 2696 2697 2705 2756 2759 2761 2762 2778 2838 2842 2882 2884 2885 2893 2957 3011 3105 3133 3200 3231 3249 
87 88 89 91 92 97 99 100 101 106 125 189 192 193 209 210 300 312 342 358 441 448 449 463 473 496 624 637 641 644 718 719 729 732 752 1016 1017 1018 1077 1078 1080 1154 1157 1158 1160 1187 1188 1434 1435 1441 1442 1505 1507 1643 1646 1647 1675 1846 1849 1850 1892 1893 2108 2115 2116 2174 2175 2176 2253 2257 2258 2292 2371 2453 2474 2482 2548 2607 2643 2644 2696 2697 2705 2756 2759 2761 2762 2778 2838 2842 2882 2884 2885 2893 2957 3011 3105 3133 3200 3231 3249 
66 89 91 93 140 188 189 190 300 304 311 312 441 448 449 450 474 624 718 719 720 733 1013 1014 1016 1153 1154 1155 1160 1432 1434 1435 1436 1643 1644 1845 1846 1847 2105 2106 2108 2257 2290 2292 2371 2419 2453 2482 2603 2607 2643 2703 2705 2758 2759 2761 2778 2881 2882 2884 2893 2957 3010 3011 
97 98 102 104 105 205 208 212 213 302 338 345 358 453 460 503 505 506 634 635 645 726 727 753 755 756 1073 1080 1183 1186 1190 1191 1497 1503 1511 1512 1513 1673 1677 1678 1888 1891 1895 1896 2061 2256 2316 2428 2618 2719 2783 2836 3108 3136 3196 3199 3207 3234 3245 3252 3276 3279 
66 104 105 140 205 338 358 505 506 755 756 1073 1183 1497 1888 2315 2316 2427 2428 2500 2616 2617 2618 2718 2719 2753 2783 2836 3196 3245 3276 
66 91 92 140 189 300 312 441 448 449 624 718 719 1014 1154 1160 1434 1435 1605 1643 1846 2292 2293 2482 2483 2607 2608 2698 2705 2759 2882 2957 3011 
89 91 92 97 98 189 212 213 300 302 304 312 345 441 448 449 453 460 474 624 634 635 718 719 726 727 733 1016 1080 1154 1160 1190 1191 1434 1435 1511 1512 1513 1643 1677 1678 1846 1895 1896 2108 2256 2257 2292 2371 2453 2482 2607 2643 2705 2759 2761 2778 2882 2884 2893 2957 3011 3108 3136 3207 3234 3252 
69 70 86 106 125 151 464 471 494 584 639 730 835 1019 1124 1604 1852 2095 2548 2696 2697 2756 2838 
47 53 76 78 104 105 133 138 140 182 185 205 277 278 280 338 358 436 437 505 506 552 564 565 567 708 711 755 756 829 832 1001 1006 1073 1183 1317 1320 1424 1427 1497 1888 1946 1947 1950 2051 2052 2158 2381 2717 2906 2972 2984 3023 3026 3042 3043 3073 3078 3079 3085 3119 3120 3123 3167 3170 
75 76 77 184 185 186 277 278 279 296 436 437 564 565 566 710 711 831 832 833 1004 1005 1006 1008 1319 1320 1321 1426 1427 1428 1843 1949 1950 2971 2972 3025 3026 3083 3085 3122 3123 3169 3170 
47 53 75 76 78 133 182 185 186 277 278 280 436 437 552 564 565 567 708 711 829 832 833 1001 1006 1008 1317 1320 1321 1424 1427 1428 1947 1950 2052 2972 3023 3026 3078 3079 3085 3120 3123 3167 3170 
3236 3237 
15 
17 
24 
26 
33 
35 
38 
96 
122 
66 89 90 92 93 94 97 140 187 188 191 213 300 304 311 441 447 449 450 451 460 474 623 627 634 717 719 720 721 726 733 1013 1016 1152 1153 1156 1191 1431 1432 1439 1513 1641 1645 1678 1844 1845 1848 1896 2098 2108 2252 2370 2371 2448 2597 2707 2778 2894 3018 3110 3176 3230 
67 69 70 100 105 141 142 152 301 357 359 362 363 373 374 452 455 456 457 497 507 511 513 517 518 586 589 590 629 630 631 651 653 658 722 723 724 758 760 764 765 855 1050 1055 1056 1057 1058 1059 1170 1178 1179 1474 1657 1665 1666 1874 1880 2148 2151 2152 2153 2154 2155 2377 2378 2613 2977 3020 3069 3160 
50 53 60 62 68 71 116 139 146 148 162 163 165 226 262 396 405 427 559 572 573 575 576 672 686 687 688 689 690 786 916 942 1282 1288 1394 1768 1769 1770 1771 1772 2017 2967 3016 3101 3178 3208 3236 
66 69 70 84 86 87 88 89 90 91 92 93 94 140 151 195 196 197 198 199 200 201 202 300 304 319 320 322 441 447 448 449 450 451 464 471 472 473 474 494 584 623 624 627 640 641 717 718 719 720 721 730 731 732 733 836 1022 1025 1026 1027 1028 1124 1161 1162 1163 1164 1165 1166 1167 1168 1169 1449 1450 1452 1453 1455 1456 1457 1458 1460 1462 1463 1606 1607 1609 1649 1651 1652 1653 1654 1655 1656 1855 1856 1857 1858 1859 1860 1861 1862 1863 2118 2123 2129 2139 2140 2143 2294 2295 2296 2297 2302 2303 2304 2305 2373 2374 2375 2421 2488 2489 2492 2555 2556 2557 2561 2564 2610 2662 2666 2667 2668 2748 2780 2802 2803 2807 2871 2873 2896 2926 2928 2996 3001 3035 3037 3056 3058 3148 3151 3187 3219 3221 3264 3267 3268 3286 3297 3299 3323 3324 3328 3340 3342 3353 3355 3371 3387 3392 3400 3405 3413 3435 3441 3451 3463 3469 3476 3486 3493 3497 3505 3506 3508 3510 3511 
