66 97 101 102 140 208 213 302 453 460 461 462 463 503 634 635 636 637 645 726 727 728 729 753 1076 1077 1078 1079 1080 1186 1191 1503 1513 1673 1678 1891 1896 2169 2170 2171 2172 2173 2382 3109 3132 3199 3248 3279 
66 88 89 91 93 94 97 106 125 140 187 188 190 192 193 213 300 311 441 448 450 451 460 473 624 627 634 641 718 720 721 726 732 1014 1016 1017 1152 1153 1155 1157 1158 1191 1431 1432 1436 1441 1442 1513 1641 1644 1646 1647 1678 1844 1845 1847 1849 1850 1896 2098 2105 2106 2108 2115 2116 2252 2257 2258 2290 2370 2371 2419 2448 2453 2474 2548 2597 2603 2643 2644 2696 2697 2703 2707 2756 2758 2761 2762 2778 2838 2842 2881 2884 2885 2894 3010 3018 3110 3176 3230 
66 88 89 91 93 94 97 106 125 140 187 188 192 193 213 300 311 450 451 460 473 627 634 641 720 721 726 732 1014 1016 1017 1152 1153 1157 1158 1191 1431 1432 1441 1442 1513 1641 1646 1647 1678 1844 1845 1849 1850 1896 2062 2098 2105 2106 2108 2115 2116 2252 2257 2258 2290 2370 2371 2419 2448 2453 2474 2548 2597 2603 2643 2644 2696 2697 2703 2707 2756 2758 2761 2762 2778 2838 2842 2881 2883 2884 2885 2893 2894 2958 3010 3012 3018 3110 3176 3230 
67 70 100 104 105 141 152 301 357 359 362 363 452 455 456 457 458 497 508 513 517 518 586 589 590 629 630 631 632 653 657 658 722 723 724 725 760 764 765 855 1050 1055 1056 1057 1058 1059 1170 1174 1175 1474 1657 1661 1662 1874 1878 2148 2151 2152 2153 2154 2155 2377 2378 2613 2977 3020 3069 3160 
66 75 99 100 101 102 104 105 140 186 206 210 277 339 358 436 463 505 564 637 729 755 833 1008 1072 1073 1075 1076 1077 1078 1184 1188 1321 1428 1499 1500 1507 1671 1675 1889 1893 1946 2158 2159 2160 2169 2170 2171 2172 2173 2316 2381 2382 2428 2499 2615 2618 2717 2719 2783 2836 2861 2862 2906 2984 3043 3073 3109 3119 3132 3196 3245 3276 
75 76 97 98 138 140 185 212 213 278 302 345 437 453 460 565 634 635 711 726 727 832 1006 1080 1190 1191 1320 1427 1511 1512 1513 1677 1678 1895 1896 1946 1950 2051 2256 2972 2984 3026 3042 3043 3073 3085 3108 3119 3123 3136 3170 3207 3234 3252 
76 97 98 138 140 185 212 213 277 278 302 345 436 437 453 460 564 565 634 635 711 726 727 832 1006 1080 1190 1191 1320 1427 1511 1512 1513 1677 1678 1895 1896 1946 1950 2051 2256 2972 2984 3026 3042 3043 3073 3085 3108 3119 3123 3136 3170 3207 3234 3252 
75 100 101 102 103 105 186 205 207 208 209 210 277 338 342 436 463 496 503 506 564 637 644 645 729 752 753 756 833 1008 1072 1074 1075 1077 1183 1185 1186 1187 1188 1192 1321 1428 1497 1502 1503 1505 1507 1515 1672 1673 1675 1888 1890 1891 1892 1893 1946 2157 2158 2159 2160 2174 2175 2176 2253 2315 2317 2319 2381 2427 2429 2499 2500 2502 2504 2505 2615 2616 2617 2620 2621 2624 2717 2718 2720 2722 2753 2754 2755 2861 2862 2906 2984 3043 3073 3105 3119 3133 3196 3197 3198 3199 3200 3210 3231 3245 3246 3248 3249 3276 3277 3278 3279 
88 89 90 91 92 106 125 189 191 192 193 312 314 441 448 449 473 623 624 641 717 718 719 732 1014 1016 1017 1154 1156 1157 1158 1160 1434 1435 1438 1439 1441 1442 1605 1643 1645 1646 1647 1846 1848 1849 1850 2115 2116 2257 2258 2292 2293 2453 2474 2482 2483 2548 2607 2608 2643 2644 2696 2697 2698 2705 2756 2759 2761 2762 2838 2842 2882 2884 2885 2957 3011 
47 60 62 66 75 76 133 134 138 139 146 148 165 182 186 244 277 279 280 294 390 419 436 438 439 552 564 566 567 572 573 574 575 576 687 688 689 690 708 709 710 711 786 788 829 833 942 946 1000 1001 1008 1282 1284 1317 1321 1394 1396 1424 1428 1773 1774 1775 1838 1839 1840 1947 1952 2963 2969 3023 3027 3079 3088 3120 3125 3167 3171 
66 75 76 138 185 278 437 565 711 832 1006 1320 1427 1946 1950 2051 2972 2984 3026 3042 3043 3073 3085 3119 3123 3170 
47 60 62 66 75 133 134 138 139 146 148 165 182 186 244 277 278 279 280 294 390 419 436 437 438 439 552 564 565 566 567 572 573 574 575 576 687 688 689 690 708 709 710 711 786 788 829 833 942 946 1000 1001 1008 1282 1284 1317 1321 1394 1396 1424 1428 1773 1774 1775 1838 1839 1840 1947 1952 2963 2969 3023 3027 3079 3088 3120 3125 3167 3171 
67 70 86 88 89 90 100 104 105 106 125 141 142 151 152 191 192 193 300 301 304 314 357 359 362 363 374 441 452 455 456 457 458 471 473 494 497 508 513 518 584 586 589 590 623 629 630 631 632 641 653 657 658 717 722 723 724 725 730 732 760 764 765 835 855 1016 1017 1019 1050 1055 1056 1057 1058 1059 1124 1156 1157 1158 1170 1174 1175 1438 1439 1441 1442 1474 1604 1645 1646 1647 1657 1661 1662 1848 1849 1850 1852 1874 1878 2095 2115 2116 2148 2151 2152 2153 2154 2155 2257 2258 2377 2378 2453 2474 2548 2613 2643 2644 2696 2697 2756 2761 2762 2838 2842 2884 2885 2977 3020 3069 3160 
91 92 100 101 189 209 210 300 312 342 358 441 448 449 463 496 624 637 644 718 719 729 752 1014 1077 1154 1160 1187 1188 1434 1435 1505 1507 1605 1643 1675 1846 1892 1893 2174 2175 2176 2253 2292 2293 2482 2483 2607 2608 2698 2705 2759 2882 2957 3011 3105 3133 3200 3231 3249 
88 89 90 97 99 100 101 102 106 125 191 192 193 208 209 213 300 302 314 358 441 453 460 461 473 496 502 503 623 634 635 641 644 645 717 726 727 732 752 753 1016 1017 1076 1077 1078 1079 1156 1157 1158 1186 1187 1191 1438 1439 1441 1442 1503 1505 1513 1645 1646 1647 1673 1674 1678 1848 1849 1850 1891 1892 1896 2115 2116 2169 2170 2171 2172 2173 2257 2258 2382 2453 2474 2548 2643 2644 2696 2697 2756 2761 2762 2838 2842 2884 2885 3109 3132 3199 3248 3279 
88 89 90 97 99 101 102 106 125 191 192 193 208 209 213 300 302 314 358 441 453 460 461 463 473 496 502 503 623 634 635 637 641 644 645 717 726 727 729 732 752 753 1016 1017 1076 1077 1078 1079 1156 1157 1158 1186 1187 1191 1438 1439 1441 1442 1503 1505 1513 1645 1646 1647 1673 1674 1678 1848 1849 1850 1891 1892 1896 2115 2116 2169 2170 2171 2172 2173 2257 2258 2382 2453 2474 2548 2643 2644 2696 2697 2756 2761 2762 2838 2842 2884 2885 3109 3132 3199 3248 3279 
97 100 101 104 105 205 209 210 213 338 342 460 463 496 505 506 634 637 644 726 729 752 755 756 1073 1076 1077 1183 1187 1188 1191 1497 1505 1507 1513 1675 1678 1888 1892 1893 1896 2169 2170 2171 2172 2173 2174 2175 2176 2253 2316 2382 2428 2618 2719 2783 2836 3105 3109 3132 3133 3196 3200 3231 3245 3249 3276 
66 89 90 92 93 94 97 140 187 188 191 213 304 311 314 441 449 450 451 460 474 623 627 634 717 719 720 721 726 733 1013 1016 1152 1153 1156 1191 1431 1432 1438 1439 1513 1641 1645 1678 1844 1845 1848 1896 2098 2108 2252 2257 2370 2371 2448 2453 2597 2643 2707 2761 2778 2884 2894 3018 3110 3176 3230 
91 92 97 98 189 190 212 213 300 302 312 313 345 449 453 460 634 635 719 726 727 1014 1080 1154 1155 1160 1190 1191 1434 1435 1436 1511 1512 1513 1605 1643 1677 1678 1846 1847 1895 1896 2062 2256 2292 2293 2482 2483 2607 2608 2698 2705 2759 2882 2883 2893 2957 2958 3011 3012 3108 3136 3207 3234 3252 
91 92 93 97 98 188 189 190 212 213 300 302 311 312 345 441 448 450 453 460 624 634 635 718 720 726 727 1013 1014 1080 1153 1154 1155 1160 1190 1191 1432 1434 1435 1436 1511 1512 1513 1643 1644 1677 1678 1845 1846 1847 1895 1896 2105 2106 2256 2290 2292 2419 2482 2603 2607 2703 2705 2758 2759 2881 2882 2883 2893 2957 2958 3010 3011 3012 3108 3136 3207 3234 3252 
66 69 86 87 98 99 106 125 140 151 194 219 302 304 369 453 461 464 472 494 584 635 636 640 727 728 731 1096 1159 1217 1444 1446 1542 1648 1851 1913 2214 2260 2476 2548 2646 2696 2697 2756 2767 2838 2844 2887 
92 97 98 189 190 212 213 300 302 312 345 441 448 449 453 460 624 634 635 718 719 726 727 1014 1080 1154 1155 1160 1190 1191 1434 1435 1437 1511 1512 1513 1605 1643 1644 1677 1678 1846 1847 1895 1896 2062 2256 2292 2293 2482 2483 2607 2608 2698 2705 2759 2882 2883 2893 2957 2958 3011 3012 3108 3136 3207 3234 3252 
91 92 93 94 97 98 187 188 190 212 213 300 302 311 345 441 448 449 450 451 453 460 624 627 634 635 718 719 720 721 726 727 1013 1080 1152 1153 1155 1190 1191 1431 1432 1436 1511 1512 1513 1641 1644 1677 1678 1844 1845 1847 1895 1896 2098 2252 2256 2370 2448 2597 2707 2883 2894 2958 3012 3018 3108 3110 3136 3176 3207 3230 3234 3252 
91 93 97 98 188 189 190 212 213 300 302 311 312 345 441 448 449 450 453 460 624 634 635 718 719 720 726 727 1013 1014 1080 1153 1154 1155 1160 1190 1191 1432 1434 1435 1436 1511 1512 1513 1643 1644 1677 1678 1845 1846 1847 1895 1896 2105 2106 2256 2290 2292 2419 2482 2603 2607 2703 2705 2758 2759 2881 2882 2883 2893 2957 2958 3010 3011 3012 3108 3136 3207 3234 3252 
88 89 90 91 92 106 125 189 190 191 192 193 312 314 441 448 449 473 623 624 641 717 718 719 732 1016 1017 1154 1155 1156 1157 1158 1160 1434 1435 1436 1438 1439 1441 1442 1643 1644 1645 1646 1647 1846 1847 1848 1849 1850 2115 2116 2257 2258 2292 2453 2474 2482 2548 2607 2643 2644 2696 2697 2705 2756 2759 2761 2762 2838 2842 2882 2883 2884 2885 2893 2957 2958 3011 3012 
91 92 97 98 189 212 213 300 302 312 345 441 448 449 453 460 624 634 635 718 719 726 727 1014 1080 1154 1160 1190 1191 1434 1435 1511 1512 1513 1605 1643 1677 1678 1846 1895 1896 2256 2292 2293 2482 2483 2607 2608 2698 2705 2759 2882 2957 3011 3108 3136 3207 3234 3252 
66 67 70 86 99 100 101 104 106 125 140 141 142 151 152 205 210 301 304 338 357 358 359 363 374 452 455 456 457 458 463 471 494 497 505 506 508 513 584 586 590 629 630 631 632 637 653 658 722 723 724 725 729 730 755 756 760 765 835 1019 1048 1055 1056 1057 1058 1059 1073 1076 1077 1078 1124 1174 1175 1183 1188 1497 1507 1604 1661 1662 1675 1852 1878 1888 1893 2095 2151 2152 2153 2154 2155 2169 2170 2171 2172 2173 2316 2377 2378 2382 2428 2548 2613 2618 2696 2697 2719 2756 2783 2836 2838 2977 3020 3069 3109 3132 3160 3196 3245 3276 
66 67 70 86 100 102 104 106 125 140 141 142 151 152 205 208 301 304 338 357 358 359 363 374 452 455 456 457 458 471 494 497 503 505 506 508 513 584 586 590 629 630 631 632 645 653 658 722 723 724 725 730 753 755 756 760 765 835 1019 1048 1055 1056 1057 1058 1059 1073 1124 1174 1175 1183 1186 1497 1503 1604 1661 1662 1673 1852 1878 1888 1891 2095 2151 2152 2153 2154 2155 2315 2377 2378 2427 2500 2548 2613 2616 2617 2696 2697 2718 2753 2756 2838 2977 3020 3069 3160 3196 3199 3210 3245 3248 3276 3279 
66 99 100 101 102 140 208 209 302 358 453 460 461 496 502 503 634 635 644 645 726 727 752 753 1076 1077 1078 1079 1080 1186 1187 1503 1505 1673 1674 1891 1892 2169 2170 2171 2172 2173 2382 3109 3132 3199 3248 3279 
66 91 93 140 188 189 190 300 311 312 441 448 449 450 624 718 719 720 1013 1014 1153 1154 1155 1160 1432 1434 1435 1436 1643 1644 1845 1846 1847 2103 2105 2106 2290 2292 2419 2482 2603 2607 2703 2705 2758 2759 2881 2882 2883 2893 2957 2958 3010 3011 3012 
66 102 103 105 140 205 206 208 338 339 358 503 504 505 506 645 753 754 755 756 1073 1074 1183 1184 1186 1497 1499 1503 1673 1888 1889 1891 2315 2317 2427 2429 2500 2502 2616 2617 2620 2621 2718 2720 2753 2754 3196 3197 3199 3210 3245 3246 3248 3276 3277 3279 
89 91 92 93 97 98 188 189 190 212 213 300 302 304 311 312 345 441 448 450 453 460 474 624 634 635 718 720 726 727 733 1013 1014 1016 1080 1153 1154 1155 1160 1190 1191 1432 1434 1435 1436 1511 1512 1513 1643 1644 1677 1678 1845 1846 1847 1895 1896 2105 2106 2108 2256 2257 2290 2292 2371 2419 2453 2482 2603 2607 2643 2703 2705 2758 2759 2761 2778 2881 2882 2884 2893 2957 3010 3011 3108 3136 3207 3234 3252 
89 91 93 97 98 188 189 190 212 213 300 302 304 311 312 345 441 448 449 450 453 460 474 624 634 635 718 719 720 726 727 733 1013 1014 1016 1080 1153 1154 1155 1160 1190 1191 1432 1434 1435 1436 1511 1512 1513 1643 1644 1677 1678 1845 1846 1847 1895 1896 2105 2106 2108 2256 2257 2290 2292 2371 2419 2453 2482 2603 2607 2643 2703 2705 2758 2759 2761 2778 2881 2882 2884 2893 2957 3010 3011 3108 3136 3207 3234 3252 
99 100 101 103 105 205 206 209 210 338 339 342 463 496 504 505 506 637 644 729 752 754 755 756 1073 1074 1076 1077 1078 1183 1184 1187 1188 1497 1499 1505 1507 1675 1888 1889 1892 1893 2169 2170 2171 2172 2173 2174 2175 2176 2253 2316 2318 2382 2428 2430 2618 2622 2719 2721 2783 2784 2836 2837 3105 3109 3132 3133 3196 3197 3200 3231 3245 3246 3249 3276 3277 
67 70 86 97 98 100 104 106 125 141 142 151 152 212 213 301 302 304 345 357 359 362 363 374 452 453 455 456 457 458 460 471 494 497 508 513 584 586 589 590 629 630 631 632 634 635 653 657 722 723 724 725 726 727 730 760 764 835 855 1019 1048 1050 1055 1056 1057 1058 1059 1080 1124 1170 1174 1175 1190 1191 1474 1511 1512 1513 1604 1657 1661 1662 1677 1678 1852 1874 1878 1895 1896 2095 2148 2151 2152 2153 2154 2155 2256 2377 2378 2548 2613 2696 2697 2756 2838 2977 3020 3069 3108 3136 3160 3207 3234 3252 
66 97 99 101 102 140 208 209 302 358 453 461 463 496 502 503 635 637 644 645 727 729 752 753 1076 1077 1078 1079 1080 1186 1187 1503 1505 1673 1674 1891 1892 2169 2170 2171 2172 2173 2382 3109 3132 3199 3248 3279 
66 89 90 91 93 94 97 140 187 188 191 213 304 311 314 441 450 451 460 474 623 627 634 717 720 721 726 733 1012 1014 1016 1152 1153 1156 1191 1431 1432 1438 1439 1513 1641 1645 1678 1844 1845 1848 1896 2062 2098 2100 2101 2102 2108 2252 2257 2288 2370 2371 2417 2448 2453 2597 2599 2643 2701 2707 2757 2761 2778 2880 2883 2884 2893 2894 2958 3009 3012 3018 3110 3176 3230 
69 70 142 152 362 363 374 508 517 518 589 590 658 764 765 855 1050 1170 1474 1657 1874 2148 2377 2612 2689 3068 3069 3117 3160 
102 103 104 105 205 206 207 208 338 496 503 506 645 648 753 756 1073 1074 1183 1184 1185 1186 1192 1497 1500 1502 1503 1515 1671 1672 1673 1888 1889 1890 1891 2315 2317 2319 2427 2429 2500 2502 2504 2505 2616 2617 2620 2621 2624 2718 2720 2722 2753 2754 2755 3196 3197 3198 3199 3210 3245 3246 3248 3276 3277 3278 3279 
88 89 90 102 103 104 105 106 125 191 192 193 205 206 207 208 300 314 338 358 441 473 503 506 623 641 645 717 732 753 756 1016 1017 1073 1074 1156 1157 1158 1183 1184 1185 1186 1192 1438 1439 1441 1442 1497 1500 1502 1503 1515 1645 1646 1647 1671 1672 1673 1848 1849 1850 1888 1889 1890 1891 2115 2116 2257 2258 2315 2317 2319 2427 2429 2453 2474 2500 2502 2504 2505 2548 2616 2617 2620 2621 2624 2643 2644 2696 2697 2718 2720 2722 2753 2754 2755 2756 2761 2762 2838 2842 2884 2885 3196 3197 3198 3199 3210 3245 3246 3248 3276 3277 3278 3279 
66 97 99 100 101 102 140 208 209 302 358 453 461 496 502 503 635 644 645 727 752 753 1076 1077 1078 1079 1080 1186 1187 1503 1505 1673 1674 1891 1892 2169 2170 2171 2172 2173 2382 3109 3132 3199 3248 3279 
97 99 100 101 102 208 212 213 345 460 503 634 645 726 753 1076 1077 1078 1079 1080 1186 1190 1191 1503 1511 1512 1513 1673 1677 1678 1891 1895 1896 2169 2170 2171 2172 2173 2256 2382 3108 3109 3132 3136 3199 3207 3234 3248 3252 3279 
67 69 70 100 102 141 142 152 301 357 359 360 362 363 374 452 455 456 457 458 497 498 508 513 515 517 518 586 587 589 590 629 630 631 632 653 655 658 722 723 724 725 760 762 764 765 855 859 1050 1055 1056 1057 1058 1059 1170 1174 1175 1180 1474 1489 1657 1661 1662 1667 1874 1878 1881 2147 2148 2151 2152 2153 2154 2155 2377 2378 2496 2612 2613 2689 2977 3020 3069 3160 
99 100 102 104 105 205 208 210 338 463 502 503 637 644 645 647 648 729 752 753 755 756 1073 1076 1077 1078 1183 1186 1188 1497 1503 1507 1673 1675 1888 1891 1893 2169 2170 2171 2172 2173 2315 2382 2427 2500 2616 2617 2718 2753 3109 3132 3196 3199 3210 3245 3248 3276 3279 
90 91 99 100 102 190 208 210 300 313 358 441 463 496 502 503 623 624 637 644 645 717 718 729 752 753 1015 1076 1077 1078 1155 1186 1188 1436 1503 1507 1673 1675 1847 1891 1893 2062 2169 2170 2171 2172 2173 2371 2382 2778 2883 2893 2958 3012 3109 3132 3199 3248 3279 
88 89 90 99 100 102 106 125 191 192 193 208 210 300 314 358 441 463 473 496 502 503 623 637 641 644 645 717 729 732 752 753 1016 1017 1076 1077 1078 1156 1157 1158 1186 1188 1438 1439 1441 1442 1503 1507 1645 1646 1647 1673 1675 1848 1849 1850 1891 1893 2115 2116 2169 2170 2171 2172 2173 2257 2258 2382 2453 2474 2548 2643 2644 2696 2697 2756 2761 2762 2838 2842 2884 2885 3109 3132 3199 3248 3279 
88 89 90 97 99 100 102 106 125 191 192 193 208 210 300 314 358 441 463 473 496 502 503 623 637 641 644 645 717 729 732 752 753 1016 1017 1076 1077 1078 1080 1156 1157 1158 1186 1188 1438 1439 1441 1442 1503 1507 1645 1646 1647 1673 1675 1848 1849 1850 1891 1893 2115 2116 2169 2170 2171 2172 2173 2257 2258 2382 2453 2474 2548 2643 2644 2696 2697 2756 2761 2762 2838 2842 2884 2885 3109 3132 3199 3248 3279 
66 99 101 102 140 208 209 302 358 453 460 461 463 496 502 503 634 635 637 644 645 726 727 729 752 753 1076 1077 1078 1079 1080 1186 1187 1503 1505 1673 1674 1891 1892 2169 2170 2171 2172 2173 2382 3109 3132 3199 3248 3279 
66 89 91 93 94 97 140 187 188 190 213 300 304 311 441 448 450 451 460 474 624 627 634 718 720 721 726 733 1014 1016 1152 1153 1155 1191 1431 1432 1436 1513 1641 1644 1678 1844 1845 1847 1896 2098 2105 2106 2108 2252 2257 2290 2370 2371 2419 2448 2453 2597 2603 2643 2703 2707 2758 2761 2778 2881 2884 2894 3010 3018 3110 3176 3230 
66 89 90 92 93 94 97 98 140 187 188 191 212 213 302 304 311 314 345 441 449 450 451 453 460 474 623 627 634 635 717 719 720 721 726 727 733 1013 1016 1080 1152 1153 1156 1190 1191 1431 1432 1438 1439 1511 1512 1513 1641 1645 1677 1678 1844 1845 1848 1895 1896 2098 2108 2252 2256 2257 2370 2371 2448 2453 2597 2643 2707 2761 2778 2884 2894 3018 3108 3110 3136 3176 3207 3230 3234 3252 
89 92 93 94 97 98 187 188 212 213 300 302 304 311 345 449 450 451 453 460 474 627 634 635 719 720 721 726 727 733 1013 1016 1080 1152 1153 1190 1191 1431 1432 1511 1512 1513 1641 1677 1678 1844 1845 1895 1896 2098 2108 2252 2256 2257 2370 2371 2448 2453 2597 2643 2707 2761 2778 2884 2894 3018 3108 3110 3136 3176 3207 3230 3234 3252 
66 89 93 94 97 140 187 188 213 300 304 311 441 448 450 451 460 474 624 627 634 718 720 721 726 733 1014 1016 1152 1153 1191 1431 1432 1513 1641 1678 1844 1845 1896 2062 2098 2105 2106 2108 2252 2257 2290 2370 2371 2419 2448 2453 2597 2603 2643 2703 2707 2758 2761 2778 2881 2883 2884 2893 2894 2958 3010 3012 3018 3110 3176 3230 
66 89 91 92 140 189 190 300 304 312 313 449 474 719 733 1014 1016 1154 1155 1160 1434 1435 1436 1605 1643 1846 1847 2062 2108 2257 2292 2293 2371 2453 2482 2483 2607 2608 2643 2698 2705 2759 2761 2778 2882 2883 2884 2893 2957 2958 3011 3012 
99 100 101 102 104 105 205 208 209 210 338 463 502 503 637 644 645 647 648 729 752 753 755 756 1073 1076 1078 1183 1186 1187 1188 1497 1503 1505 1507 1673 1674 1675 1888 1891 1892 1893 2169 2170 2171 2172 2173 2315 2382 2427 2500 2616 2617 2718 2753 3109 3132 3196 3199 3210 3245 3248 3276 3279 
98 99 100 101 102 208 209 210 302 358 453 463 496 502 503 635 637 644 645 727 729 752 753 1076 1078 1079 1186 1187 1188 1503 1505 1507 1673 1674 1675 1891 1892 1893 2169 2170 2171 2172 2173 2177 2254 2255 2382 2450 2451 3109 3132 3134 3135 3199 3203 3205 3248 3250 3251 3279 
67 70 86 97 98 100 104 105 106 125 141 142 151 152 212 213 301 302 304 345 357 359 362 363 374 452 453 455 456 457 458 460 471 494 497 508 513 518 584 586 589 590 629 630 631 632 634 635 653 657 658 722 723 724 725 726 727 730 760 764 765 835 855 1019 1050 1055 1056 1057 1058 1059 1080 1124 1170 1174 1175 1190 1191 1474 1511 1512 1513 1604 1657 1661 1662 1677 1678 1852 1874 1878 1895 1896 2095 2148 2151 2152 2153 2154 2155 2256 2377 2378 2548 2613 2696 2697 2756 2838 2977 3020 3069 3108 3136 3160 3207 3234 3252 
90 91 99 100 101 102 190 208 209 210 300 313 358 441 463 496 502 503 623 624 637 644 645 717 718 729 752 753 1015 1076 1078 1155 1186 1187 1188 1436 1503 1505 1507 1673 1674 1675 1847 1891 1892 1893 2062 2169 2170 2171 2172 2173 2371 2382 2778 2883 2893 2958 3012 3109 3132 3199 3248 3279 
87 88 89 90 99 100 101 104 105 106 125 191 192 193 205 210 300 314 338 358 441 463 473 505 506 623 637 641 717 729 732 755 756 1016 1017 1018 1073 1076 1077 1078 1156 1157 1158 1183 1188 1438 1439 1441 1442 1497 1507 1645 1646 1647 1675 1848 1849 1850 1888 1893 2115 2116 2169 2170 2171 2172 2173 2257 2258 2316 2382 2428 2453 2474 2548 2618 2643 2644 2696 2697 2719 2756 2761 2762 2783 2836 2838 2842 2884 2885 3109 3132 3196 3245 3276 
66 89 90 91 92 140 189 190 191 304 312 314 441 448 449 474 623 624 717 718 719 733 1016 1154 1155 1156 1160 1434 1435 1436 1438 1439 1643 1644 1645 1846 1847 1848 2257 2292 2453 2482 2607 2643 2705 2759 2761 2882 2883 2884 2893 2957 2958 3011 3012 
66 91 92 93 94 97 140 187 188 189 213 300 311 312 449 450 451 460 627 634 719 720 721 726 1013 1014 1152 1153 1154 1191 1431 1432 1434 1435 1513 1605 1641 1643 1678 1844 1845 1846 1896 2098 2252 2293 2370 2448 2483 2597 2608 2698 2707 2882 2894 2957 3011 3018 3110 3176 3230 
66 91 93 94 97 140 187 188 190 213 300 311 441 448 450 451 460 624 627 634 718 720 721 726 1014 1152 1153 1155 1191 1431 1432 1436 1513 1641 1644 1678 1844 1845 1847 1896 2098 2105 2106 2252 2290 2370 2419 2448 2597 2603 2703 2707 2758 2881 2883 2894 2958 3010 3012 3018 3110 3176 3230 
66 92 93 94 97 140 187 188 189 213 300 311 312 441 448 449 450 451 460 624 627 634 718 719 720 721 726 1013 1014 1152 1153 1154 1191 1431 1432 1434 1435 1513 1605 1641 1643 1678 1844 1845 1846 1896 2098 2252 2293 2370 2448 2483 2597 2608 2698 2707 2882 2894 2957 3011 3018 3110 3176 3230 
69 86 87 90 91 106 125 151 190 194 300 304 313 441 464 472 494 584 623 624 640 717 718 731 1015 1155 1159 1436 1444 1446 1648 1847 1851 2062 2260 2371 2476 2548 2646 2696 2697 2756 2767 2778 2838 2844 2883 2887 2893 2958 3012 
69 86 88 89 90 99 100 101 102 106 125 151 191 192 193 208 209 210 300 314 358 441 463 473 494 496 502 503 584 623 637 641 644 645 717 729 732 752 753 1016 1017 1076 1078 1156 1157 1158 1186 1187 1188 1438 1439 1441 1442 1446 1503 1505 1507 1645 1646 1647 1673 1674 1675 1848 1849 1850 1891 1892 1893 2115 2116 2169 2170 2171 2172 2173 2257 2258 2382 2453 2474 2548 2643 2644 2696 2697 2756 2761 2762 2838 2842 2884 2885 3109 3132 3199 3248 3279 
69 86 87 88 89 90 99 100 101 102 151 191 192 193 208 209 210 300 314 358 441 463 473 494 496 502 503 584 623 637 641 644 645 717 729 732 752 753 1016 1017 1018 1076 1078 1156 1157 1158 1186 1187 1188 1438 1439 1441 1442 1446 1503 1505 1507 1645 1646 1647 1673 1674 1675 1848 1849 1850 1891 1892 1893 2115 2116 2169 2170 2171 2172 2173 2257 2258 2382 2453 2474 2643 2644 2761 2762 2842 2884 2885 3109 3132 3199 3248 3279 
66 67 70 86 100 104 105 106 125 140 141 142 151 152 301 304 357 359 362 363 374 452 455 456 457 458 471 494 497 508 513 518 584 586 589 590 629 630 631 632 653 657 658 722 723 724 725 730 760 764 765 835 855 1019 1050 1055 1056 1057 1058 1059 1124 1170 1174 1175 1274 1474 1604 1638 1657 1661 1662 1852 1874 1878 2095 2148 2151 2152 2153 2154 2155 2377 2378 2548 2613 2696 2697 2756 2838 2977 3020 3069 3160 
87 88 89 90 91 92 106 125 189 191 192 193 312 314 441 448 449 473 623 624 641 717 718 719 732 1016 1017 1018 1154 1156 1157 1158 1160 1434 1435 1438 1439 1441 1442 1643 1645 1646 1647 1846 1848 1849 1850 2108 2115 2116 2257 2258 2292 2371 2453 2474 2482 2548 2607 2643 2644 2696 2697 2705 2756 2759 2761 2762 2778 2838 2842 2882 2884 2885 2893 2957 3011 
66 99 100 101 102 140 208 209 210 300 358 441 447 463 496 502 503 623 637 644 645 717 729 752 753 1076 1078 1164 1186 1187 1188 1503 1505 1507 1673 1674 1675 1891 1892 1893 2169 2170 2171 2172 2173 2382 3109 3132 3199 3248 3279 
97 98 104 105 205 212 213 302 338 345 358 453 460 505 506 634 635 726 727 755 756 1073 1080 1183 1190 1191 1497 1511 1512 1513 1677 1678 1888 1895 1896 2256 2315 2316 2427 2428 2500 2616 2617 2618 2718 2719 2753 2783 2836 3108 3136 3196 3207 3234 3245 3252 3276 
91 92 97 98 189 190 212 213 300 302 312 345 441 448 449 453 460 624 634 635 718 719 726 727 1080 1154 1155 1160 1190 1191 1434 1435 1436 1511 1512 1513 1643 1644 1677 1678 1846 1847 1895 1896 2256 2292 2482 2607 2705 2759 2882 2883 2893 2957 2958 3011 3012 3108 3136 3207 3234 3252 
87 88 89 90 92 93 94 97 98 106 125 187 188 191 192 193 212 213 302 304 311 314 345 441 449 450 451 453 460 473 474 623 627 634 635 641 717 719 720 721 726 727 732 733 1013 1016 1017 1018 1080 1152 1153 1156 1157 1158 1190 1191 1431 1432 1438 1439 1441 1442 1511 1512 1513 1641 1645 1646 1647 1677 1678 1844 1845 1848 1849 1850 1895 1896 2098 2108 2115 2116 2252 2256 2257 2258 2370 2371 2448 2453 2474 2548 2597 2643 2644 2696 2697 2707 2756 2761 2762 2778 2838 2842 2884 2885 2894 3018 3108 3110 3136 3176 3207 3230 3234 3252 
87 88 89 90 102 103 104 105 106 125 191 192 193 205 206 207 208 300 314 338 358 441 473 503 506 623 641 645 717 732 753 756 1016 1017 1018 1073 1074 1156 1157 1158 1183 1184 1185 1186 1192 1438 1439 1441 1442 1497 1500 1502 1503 1515 1645 1646 1647 1671 1672 1673 1848 1849 1850 1888 1889 1890 1891 2115 2116 2257 2258 2315 2317 2319 2427 2429 2453 2474 2500 2502 2504 2505 2548 2616 2617 2620 2621 2624 2643 2644 2696 2697 2718 2720 2722 2753 2754 2755 2756 2761 2762 2838 2842 2884 2885 3196 3197 3198 3199 3210 3245 3246 3248 3276 3277 3278 3279 
66 89 91 93 94 97 140 187 188 213 300 304 311 450 451 460 474 627 634 720 721 726 733 1012 1014 1016 1152 1153 1191 1431 1432 1513 1641 1678 1844 1845 1896 2062 2098 2100 2101 2102 2108 2252 2257 2288 2370 2371 2417 2448 2453 2597 2599 2643 2701 2707 2757 2761 2778 2880 2883 2884 2893 2894 2958 3009 3012 3018 3110 3176 3230 
66 89 90 91 92 140 189 191 300 304 312 314 448 449 474 623 624 717 718 719 733 1016 1154 1156 1160 1434 1435 1438 1439 1643 1645 1846 1848 2108 2257 2292 2371 2453 2482 2607 2643 2705 2759 2761 2778 2882 2884 2893 2957 3011 
66 89 90 91 92 140 189 191 304 312 314 441 448 449 474 623 624 717 718 719 733 1016 1154 1156 1160 1434 1435 1438 1439 1643 1645 1846 1848 2108 2257 2292 2371 2453 2482 2607 2643 2705 2759 2761 2778 2882 2884 2893 2957 3011 
100 101 102 208 210 463 503 637 645 729 753 1076 1077 1186 1188 1503 1507 1673 1675 1891 1893 2169 2170 2171 2172 2173 2382 3109 3132 3199 3248 3279 
87 88 89 90 99 100 101 102 106 125 191 192 193 208 209 210 300 314 358 441 463 473 496 502 503 623 637 641 644 645 717 729 732 752 753 1016 1017 1018 1076 1078 1156 1157 1158 1186 1187 1188 1438 1439 1441 1442 1503 1505 1507 1645 1646 1647 1673 1674 1675 1848 1849 1850 1891 1892 1893 2115 2116 2169 2170 2171 2172 2173 2257 2258 2382 2453 2474 2548 2643 2644 2696 2697 2756 2761 2762 2838 2842 2884 2885 3109 3132 3199 3248 3279 
87 88 89 91 92 99 100 101 106 125 189 192 193 209 210 300 312 342 358 441 448 449 463 473 496 624 637 641 644 718 719 729 732 752 1016 1017 1018 1077 1078 1154 1157 1158 1160 1187 1188 1434 1435 1441 1442 1505 1507 1643 1646 1647 1675 1846 1849 1850 1892 1893 2108 2115 2116 2174 2175 2176 2253 2257 2258 2292 2371 2453 2474 2482 2548 2607 2643 2644 2696 2697 2705 2756 2759 2761 2762 2778 2838 2842 2882 2884 2885 2893 2957 3011 3105 3133 3200 3231 3249 
97 98 102 104 105 205 208 212 213 302 338 345 358 453 460 503 505 506 634 635 645 726 727 753 755 756 1073 1080 1183 1186 1190 1191 1497 1503 1511 1512 1513 1673 1677 1678 1888 1891 1895 1896 2256 2315 2427 2500 2616 2617 2718 2753 3108 3136 3196 3199 3207 3210 3234 3245 3248 3252 3276 3279 
97 98 99 100 101 102 208 209 210 212 213 302 345 358 453 460 463 496 502 503 634 635 637 644 645 726 727 729 752 753 1076 1078 1080 1186 1187 1188 1190 1191 1503 1505 1507 1511 1512 1513 1673 1674 1675 1677 1678 1891 1892 1893 1895 1896 2169 2170 2171 2172 2173 2256 2382 3108 3109 3132 3136 3199 3207 3234 3248 3252 3279 
69 86 87 89 90 106 125 151 191 194 300 304 314 441 464 472 494 584 623 640 642 717 731 733 1016 1156 1159 1438 1439 1444 1446 1645 1648 1848 1851 2257 2260 2453 2476 2548 2643 2646 2696 2697 2756 2761 2767 2838 2844 2884 2887 
69 86 87 99 100 101 106 125 151 194 209 210 304 342 358 463 464 472 494 496 584 637 640 644 729 731 752 1077 1078 1159 1187 1188 1444 1446 1505 1507 1648 1675 1851 1892 1893 2174 2175 2176 2253 2260 2476 2548 2646 2696 2697 2756 2767 2838 2844 2887 3105 3133 3200 3231 3249 
99 100 101 102 208 210 463 503 637 645 729 753 1076 1077 1078 1186 1188 1503 1507 1673 1675 1891 1893 2169 2170 2171 2172 2173 2382 3109 3132 3199 3248 3279 
89 91 92 97 98 189 212 213 300 302 304 312 345 441 448 449 453 460 474 624 634 635 718 719 726 727 733 1016 1080 1154 1160 1190 1191 1434 1435 1511 1512 1513 1643 1677 1678 1846 1895 1896 2108 2256 2257 2292 2371 2453 2482 2607 2643 2705 2759 2761 2778 2882 2884 2893 2957 3011 3108 3136 3207 3234 3252 
97 98 99 100 101 102 208 212 213 345 460 503 634 645 726 753 1076 1077 1078 1079 1080 1186 1190 1191 1503 1511 1512 1513 1673 1677 1678 1891 1895 1896 2169 2170 2171 2172 2173 2256 2382 3108 3109 3132 3136 3199 3207 3234 3248 3252 3279 
97 98 99 100 101 104 105 205 210 212 213 302 338 345 358 453 460 463 505 506 634 635 637 726 727 729 755 756 1073 1076 1077 1078 1080 1183 1188 1190 1191 1497 1507 1511 1512 1513 1675 1677 1678 1888 1893 1895 1896 2169 2170 2171 2172 2173 2256 2316 2382 2428 2618 2719 2783 2836 3108 3109 3132 3136 3196 3207 3234 3245 3252 3276 
97 98 99 100 102 208 210 212 213 302 345 358 453 460 463 496 502 503 634 635 637 644 645 726 727 729 752 753 1076 1077 1078 1080 1186 1188 1190 1191 1503 1507 1511 1512 1513 1673 1675 1677 1678 1891 1893 1895 1896 2169 2170 2171 2172 2173 2256 2382 3108 3109 3132 3136 3199 3207 3234 3248 3252 3279 
97 100 101 102 208 210 213 460 463 503 634 637 645 726 729 753 1076 1077 1080 1186 1188 1191 1503 1507 1513 1673 1675 1678 1891 1893 1896 2169 2170 2171 2172 2173 2382 3109 3132 3199 3248 3279 
97 98 99 101 102 208 212 213 345 460 463 503 634 637 645 726 729 753 1076 1077 1078 1079 1080 1186 1190 1191 1503 1511 1512 1513 1673 1677 1678 1891 1895 1896 2169 2170 2171 2172 2173 2177 2178 2254 2256 2382 3106 3108 3109 3132 3134 3136 3199 3202 3207 3232 3234 3248 3250 3252 3279 
75 76 97 98 134 138 140 185 186 212 213 277 278 302 345 436 437 453 460 564 565 634 635 711 726 727 832 833 1006 1008 1080 1190 1191 1320 1321 1427 1428 1511 1512 1513 1677 1678 1895 1896 1950 2256 2972 3026 3085 3108 3123 3136 3170 3207 3234 3252 
97 99 100 101 102 208 210 463 503 637 645 729 753 1076 1077 1078 1080 1186 1188 1503 1507 1673 1675 1891 1893 2169 2170 2171 2172 2173 2382 3109 3132 3199 3248 3279 
99 100 101 102 208 210 460 463 503 634 637 645 726 729 753 1076 1077 1078 1080 1186 1188 1503 1507 1673 1675 1891 1893 2169 2170 2171 2172 2173 2382 3109 3132 3199 3248 3279 
97 99 100 101 102 208 210 213 460 463 503 634 637 645 726 729 753 1076 1077 1078 1186 1188 1191 1503 1507 1513 1673 1675 1678 1891 1893 1896 2169 2170 2171 2172 2173 2382 3109 3132 3199 3248 3279 
66 76 138 185 277 278 436 437 564 565 711 832 1006 1320 1427 1946 1950 2051 2972 2984 3026 3042 3043 3073 3085 3119 3123 3170 
47 53 69 78 86 87 106 125 133 138 140 151 182 194 280 304 464 472 494 552 567 584 640 708 731 829 1001 1159 1317 1424 1444 1446 1648 1851 1947 2052 2260 2476 2548 2646 2696 2697 2756 2767 2838 2844 2887 3023 3078 3079 3120 3167 
69 86 87 97 98 106 125 151 194 212 213 302 304 345 453 460 464 472 494 584 634 635 640 726 727 731 1080 1159 1190 1191 1444 1446 1511 1512 1513 1648 1677 1678 1851 1895 1896 2256 2260 2476 2548 2646 2696 2697 2756 2767 2838 2844 2887 3108 3136 3207 3234 3252 
52 80 131 385 537 548 549 550 551 597 734 735 736 737 851 852 1336 1337 1472 1865 1866 1867 1868 2026 2145 2146 2376 2588 2690 2829 2830 2877 2878 
75 76 77 184 185 186 277 278 279 296 436 437 564 565 566 710 711 831 832 833 1004 1005 1006 1008 1319 1320 1321 1426 1427 1428 1843 1949 1950 2971 2972 3025 3026 3083 3085 3122 3123 3169 3170 
66 104 105 140 205 338 358 505 506 755 756 1073 1183 1497 1888 2315 2316 2427 2428 2500 2616 2617 2618 2718 2719 2753 2783 2836 3196 3245 3276 
69 70 105 142 152 362 363 374 517 518 589 590 658 764 765 855 1050 1170 1474 1657 1874 2148 2377 2612 2689 3068 3069 3117 3160 
69 70 86 106 125 151 464 471 494 584 639 730 835 1019 1124 1604 1852 2095 2548 2696 2697 2756 2838 
52 62 129 354 491 546 583 860 861 1340 1341 1492 1883 2156 2588 2690 2829 2830 2877 2878 
69 153 275 383 434 535 563 595 845 846 1330 1331 1469 1869 2145 2588 2589 2690 2829 2830 2877 2878 
47 53 75 76 78 133 182 185 186 277 278 280 436 437 552 564 565 567 708 711 829 832 833 1001 1006 1008 1317 1320 1321 1424 1427 1428 1947 1950 2052 2972 3023 3026 3078 3079 3085 3120 3123 3167 3170 
66 91 92 140 189 300 312 441 448 449 624 718 719 1014 1154 1160 1434 1435 1605 1643 1846 2292 2293 2482 2483 2607 2608 2698 2705 2759 2882 2957 3011 
52 69 80 127 131 150 353 385 490 537 545 548 582 597 851 852 862 863 1336 1337 1342 1343 1472 1493 1865 1883 2145 2156 2588 2690 2829 2830 2877 2878 
97 99 100 101 102 208 210 213 460 463 503 634 637 645 726 729 753 1076 1077 1078 1080 1186 1188 1191 1503 1507 1513 1673 1675 1678 1891 1893 1896 2169 2170 2171 2172 2173 2382 3109 3132 3199 3248 3279 
3236 3237 
13 
15 
17 
18 
24 
26 
32 
33 
35 
38 
96 
10 111 
122 
52 55 62 72 80 117 118 127 129 131 145 227 336 354 385 491 537 542 543 544 545 546 548 583 597 743 744 745 746 747 749 851 852 860 861 920 1336 1337 1340 1341 1472 1492 1865 1883 1884 1885 1886 1887 2028 2145 2156 2380 2498 2588 2690 2829 2830 2877 
66 89 90 92 93 94 97 140 187 188 191 213 300 304 311 441 447 449 450 451 460 474 623 627 634 717 719 720 721 726 733 1013 1016 1152 1153 1156 1191 1431 1432 1439 1513 1641 1645 1678 1844 1845 1848 1896 2098 2108 2252 2370 2371 2448 2597 2707 2778 2894 3018 3110 3176 3230 
67 69 70 100 105 141 142 152 301 357 359 362 363 373 374 452 455 456 457 497 507 511 513 517 518 586 589 590 629 630 631 651 653 658 722 723 724 758 760 764 765 855 1050 1055 1056 1057 1058 1059 1170 1178 1179 1474 1657 1665 1666 1874 1880 2148 2151 2152 2153 2154 2155 2377 2378 2613 2977 3020 3069 3160 
53 60 62 139 146 148 165 390 572 573 574 575 576 687 688 689 690 786 788 942 946 1282 1284 1394 1396 1773 1774 1775 1952 2963 3027 3088 3125 3171 
50 53 60 62 68 71 116 139 146 148 162 163 165 226 262 396 405 427 559 572 573 575 576 672 686 687 688 689 690 786 916 942 1282 1288 1394 1768 1769 1770 1771 1772 2017 2967 3016 3101 3178 3208 3236 
66 69 70 84 86 87 88 89 90 91 92 93 94 140 151 195 196 197 198 199 200 201 202 300 304 319 320 322 441 447 448 449 450 451 464 471 472 473 474 494 584 623 624 627 640 641 717 718 719 720 721 730 731 732 733 836 1022 1025 1026 1027 1028 1124 1161 1162 1163 1164 1165 1166 1167 1168 1169 1449 1450 1452 1453 1455 1456 1457 1458 1460 1462 1463 1606 1607 1609 1649 1651 1652 1653 1654 1655 1656 1855 1856 1857 1858 1859 1860 1861 1862 1863 2118 2123 2129 2139 2140 2143 2294 2295 2296 2297 2302 2303 2304 2305 2373 2374 2375 2421 2488 2489 2492 2555 2556 2557 2561 2564 2610 2662 2666 2667 2668 2748 2780 2802 2803 2807 2871 2873 2896 2926 2928 2996 3001 3035 3037 3056 3058 3148 3151 3187 3219 3221 3264 3267 3268 3286 3297 3299 3323 3324 3328 3340 3342 3353 3355 3371 3387 3392 3400 3405 3413 3435 3441 3451 3463 3469 3476 3486 3493 3497 3505 3506 3508 3510 3511 
