70 141 152 301 357 359 362 363 452 454 455 456 457 458 497 498 499 500 501 586 587 588 589 590 628 629 630 631 632 722 723 724 725 879 880 881 882 883 884 1098 1099 1223 1224 1225 1226 1227 1228 1376 1377 1378 1379 1550 1551 1552 1553 1554 1627 1628 1698 1699 1700 1701 1917 1918 1919 2047 2048 2223 2224 2225 2312 2524 2528 2529 2632 2633 2730 2731 2812 2900 2940 2975 3019 3097 
66 87 88 89 90 140 191 192 193 194 304 315 317 447 464 473 623 640 641 642 717 731 732 733 1017 1018 1156 1157 1158 1159 1438 1440 1443 1444 1645 1647 1848 1849 1850 1851 2114 2115 2116 2257 2258 2453 2473 2474 2643 2644 2761 2762 2842 2884 2885 
66 91 92 93 140 188 189 190 300 312 448 450 624 626 718 720 1013 1014 1153 1154 1155 1432 1434 1435 1437 1605 1642 1643 1644 1845 1846 1847 2062 2107 2291 2293 2420 2480 2483 2606 2608 2698 2777 2840 2881 2882 2883 2893 2956 2957 2958 3010 3011 3012 
66 69 70 84 87 88 89 91 92 93 94 106 140 144 151 191 192 193 194 195 196 197 198 199 200 201 202 300 304 315 317 318 320 322 324 441 447 448 450 464 473 584 623 624 625 626 627 640 641 642 717 718 719 720 721 731 732 733 835 836 1018 1019 1021 1022 1124 1156 1157 1158 1159 1161 1162 1163 1164 1165 1166 1167 1168 1169 1438 1440 1443 1444 1446 1448 1450 1452 1453 1455 1456 1459 1460 1464 1604 1606 1607 1609 1645 1647 1650 1651 1652 1654 1656 1848 1849 1850 1851 1852 1853 1855 1856 1857 1858 1859 1860 1861 1862 1864 1995 2024 2025 2095 2117 2118 2123 2124 2125 2257 2258 2259 2294 2295 2296 2297 2302 2303 2304 2305 2373 2421 2453 2454 2473 2474 2475 2486 2487 2488 2489 2490 2492 2548 2555 2561 2563 2643 2644 2645 2662 2663 2666 2667 2668 2697 2708 2748 2756 2761 2763 2764 2780 2803 2807 2808 2838 2843 2884 2885 2886 2896 2926 2928 2997 3000 3001 3037 3056 3058 3147 3148 3151 3185 3187 3219 3221 3264 3267 3268 3284 3286 3297 3299 3323 3327 3340 3342 3353 3355 3372 3387 3388 3400 3405 3413 3435 3440 3450 3451 3463 3475 3476 3480 3486 3487 3493 3497 3506 3508 3510 3511 
47 48 49 53 66 76 77 78 80 81 105 133 134 138 140 169 170 171 172 173 174 175 176 177 186 244 250 251 252 253 254 270 277 278 279 280 283 289 298 358 419 420 421 422 423 437 438 439 496 552 553 554 555 556 564 565 566 567 648 695 696 697 698 699 700 701 702 756 814 815 816 817 818 819 820 821 822 824 833 975 976 978 980 983 984 987 988 990 991 1008 1072 1089 1148 1304 1305 1307 1308 1309 1310 1311 1312 1411 1412 1413 1414 1415 1416 1417 1418 1419 1428 1602 1798 1799 1800 1801 1802 1803 1804 1805 1806 1807 1808 1809 1813 1814 1815 1818 1946 1974 1975 1976 1977 1978 1979 1980 1981 1982 2019 2020 2021 2036 2037 2038 2051 2080 2279 2280 2281 2357 2381 2385 2407 2408 2410 2411 2412 2553 2594 2657 2658 2717 2729 2775 2797 2798 2869 2892 2906 2922 2923 2924 2951 2968 2984 2991 2993 3042 3043 3053 3054 3073 3112 3119 3142 3144 3215 3217 3241 3258 3259 3260 3282 3293 3294 3295 3309 3318 3320 3338 3348 3351 3365 3370 3384 3398 3401 3402 3403 3404 3411 3420 3428 3447 3449 3455 3467 3485 3489 3498 3502 
53 58 61 66 146 147 166 168 266 326 328 329 330 331 390 429 476 477 478 479 572 573 574 575 688 689 690 787 788 790 944 945 946 947 950 1283 1284 1286 1395 1396 1398 1776 1777 1778 1953 1954 2964 2965 3028 3029 3090 3092 3126 3127 3172 3173 
53 58 61 66 115 139 146 147 166 168 266 326 328 329 331 476 477 479 572 573 575 688 689 690 787 790 944 945 950 1283 1286 1395 1398 1776 1777 1953 2964 3028 3090 3126 3172 
53 58 60 61 62 66 139 147 148 149 165 166 168 265 266 326 328 329 332 476 477 480 572 573 576 687 688 689 690 786 787 790 942 943 944 945 950 1282 1283 1286 1394 1395 1398 1773 1774 1775 1776 1777 1952 1953 2963 2964 3027 3028 3088 3090 3125 3126 3171 3172 
48 53 58 59 60 61 66 80 81 98 99 100 101 134 139 140 146 147 166 167 181 209 211 244 251 254 266 267 331 342 358 420 423 462 479 502 553 556 575 636 688 689 690 703 704 705 706 728 752 787 789 828 944 945 948 949 998 1077 1078 1079 1187 1189 1283 1285 1316 1395 1397 1423 1505 1509 1676 1776 1777 1821 1822 1823 1824 1892 1894 1953 1955 2022 2086 2169 2174 2175 2176 2253 2359 2465 2499 2858 2859 2860 2905 2964 2966 3028 3030 3089 3090 3094 3105 3126 3128 3133 3172 3174 3200 3231 3249 
48 53 58 59 60 61 66 80 81 99 134 139 146 166 167 168 181 211 244 251 254 266 267 268 326 331 420 423 462 476 479 553 556 572 575 636 688 689 690 703 704 705 706 728 787 789 790 828 944 945 948 949 950 998 1189 1283 1285 1316 1395 1397 1398 1423 1509 1676 1776 1777 1821 1822 1823 1824 1894 1951 1953 1955 2022 2086 2169 2359 2465 2499 2858 2859 2860 2905 2964 2966 2985 3028 3030 3044 3086 3090 3094 3124 3126 3128 3172 3174 
66 69 93 94 97 98 99 100 101 102 103 106 140 142 151 152 304 362 363 373 374 376 445 464 500 501 510 511 512 513 514 515 516 529 530 584 589 590 621 639 650 651 652 653 654 655 656 667 668 715 730 757 758 759 760 761 762 763 774 775 835 1019 1048 1050 1052 1053 1055 1056 1057 1058 1059 1111 1112 1124 1242 1243 1604 1705 1706 1852 1853 1928 2024 2095 2148 2149 2150 2152 2153 2154 2155 2232 2233 2234 2235 2377 2378 2391 2534 2548 2613 2636 2697 2714 2756 2838 2855 2903 2942 2977 3020 3068 3069 3117 3160 
66 70 87 88 89 90 140 191 192 193 194 304 315 317 447 464 473 623 640 641 642 717 731 732 733 1017 1124 1156 1157 1158 1159 1438 1440 1443 1444 1446 1645 1647 1848 1849 1850 1851 2113 2115 2116 2257 2258 2260 2453 2456 2474 2476 2643 2644 2646 2761 2762 2766 2767 2842 2844 2884 2885 2887 
66 70 87 89 90 140 191 192 194 304 315 317 447 464 623 640 642 717 731 733 1018 1124 1156 1157 1159 1438 1440 1444 1446 1645 1848 1849 1851 2112 2115 2116 2257 2258 2260 2453 2456 2474 2476 2643 2644 2646 2761 2762 2766 2767 2842 2844 2884 2885 2887 
69 70 97 99 101 102 103 142 152 359 362 363 374 497 500 501 510 512 514 515 516 586 589 590 650 652 654 655 656 757 759 761 762 763 858 1048 1050 1052 1053 1055 1057 1059 1173 1481 1660 1877 2148 2149 2150 2151 2152 2153 2154 2155 2377 2378 2613 2977 3020 3068 3069 3117 3160 
70 89 90 91 92 93 94 187 188 189 190 191 312 313 447 450 451 623 625 626 627 717 719 720 721 1012 1014 1015 1016 1124 1152 1153 1154 1155 1156 1430 1432 1434 1435 1436 1437 1438 1446 1605 1641 1642 1643 1644 1645 1844 1845 1846 1847 1848 2103 2104 2108 2109 2110 2111 2289 2292 2293 2371 2418 2472 2478 2482 2483 2602 2608 2698 2706 2776 2778 2839 2880 2882 2883 2955 2957 2958 3009 3011 3012 
70 89 90 91 92 93 94 97 98 100 101 188 189 190 191 209 300 312 313 342 358 441 447 450 462 502 623 625 626 636 717 719 720 728 752 1011 1012 1014 1015 1016 1077 1078 1079 1080 1124 1153 1154 1155 1156 1187 1432 1434 1435 1436 1437 1438 1446 1505 1605 1642 1643 1644 1645 1845 1846 1847 1848 1892 2096 2097 2098 2099 2108 2109 2110 2111 2174 2175 2176 2253 2293 2370 2371 2471 2472 2483 2597 2608 2698 2706 2707 2778 2882 2883 2894 2957 2958 2974 3011 3012 3018 3105 3133 3200 3231 3249 
70 89 90 92 93 94 187 188 189 191 312 441 447 448 450 451 623 624 625 626 627 717 718 719 720 721 1012 1014 1015 1016 1124 1152 1153 1154 1156 1430 1432 1434 1435 1438 1446 1605 1641 1642 1643 1645 1844 1845 1846 1848 2103 2104 2108 2109 2110 2111 2289 2293 2371 2418 2472 2478 2483 2602 2608 2698 2706 2776 2778 2839 2880 2882 2955 2957 3009 3011 
70 89 90 92 93 94 97 98 100 101 188 189 191 209 300 312 342 358 441 447 448 450 462 502 623 624 625 626 636 717 718 719 720 728 752 1011 1012 1014 1015 1016 1077 1078 1079 1080 1124 1153 1154 1156 1187 1432 1434 1435 1438 1446 1505 1605 1642 1643 1645 1845 1846 1848 1892 2096 2097 2098 2099 2108 2109 2110 2111 2174 2175 2176 2253 2293 2370 2371 2471 2472 2483 2597 2608 2698 2706 2707 2778 2882 2894 2957 2974 3011 3018 3105 3133 3200 3231 3249 
53 58 60 61 70 89 90 91 139 140 146 147 166 168 190 191 266 300 313 326 328 329 331 447 448 476 477 479 572 573 575 623 688 689 690 717 718 787 790 944 945 950 1015 1016 1124 1155 1156 1283 1286 1395 1398 1436 1437 1438 1446 1644 1645 1776 1777 1847 1848 1953 2108 2109 2110 2111 2371 2472 2706 2778 2883 2958 2964 3012 3028 3090 3126 3172 
87 88 89 90 91 106 190 191 192 193 194 300 304 313 315 317 447 448 464 473 623 640 641 642 717 718 731 732 733 1015 1016 1018 1155 1156 1157 1158 1159 1436 1437 1438 1440 1443 1444 1644 1645 1647 1847 1848 1849 1850 1851 2108 2109 2110 2111 2257 2371 2453 2472 2473 2548 2643 2697 2706 2756 2761 2778 2838 2883 2884 2958 3012 
66 70 87 88 89 90 98 99 100 101 140 191 192 193 194 209 211 304 315 317 342 358 447 462 464 473 502 623 636 640 641 642 717 728 731 732 733 752 1017 1077 1078 1079 1124 1156 1157 1158 1159 1187 1189 1438 1440 1443 1444 1446 1505 1509 1645 1647 1676 1848 1849 1850 1851 1892 1894 2113 2115 2116 2174 2175 2176 2253 2257 2258 2260 2453 2456 2474 2476 2643 2644 2646 2761 2762 2766 2767 2842 2844 2884 2885 2887 3105 3133 3200 3231 3249 
66 70 88 89 90 140 191 192 193 194 304 315 317 447 464 473 623 640 641 642 717 731 732 733 1018 1124 1156 1157 1158 1159 1438 1440 1443 1444 1446 1645 1647 1848 1849 1850 1851 2113 2117 2257 2259 2453 2473 2475 2643 2645 2761 2764 2843 2884 2886 
58 60 61 66 139 147 166 168 266 326 328 329 331 390 476 477 479 572 573 574 575 688 689 690 787 788 790 944 945 946 950 1283 1284 1286 1395 1396 1398 1776 1777 1778 1953 1954 2964 2965 3028 3029 3090 3092 3126 3127 3172 3173 
53 58 60 62 66 139 146 147 148 149 165 166 168 265 266 326 328 329 331 332 476 477 479 480 572 573 575 576 687 688 689 690 786 787 790 942 943 944 945 950 1282 1283 1286 1394 1395 1398 1773 1774 1775 1776 1777 1952 1953 2963 2964 3027 3028 3088 3090 3125 3126 3171 3172 
66 92 140 189 190 300 312 441 448 624 625 718 719 1014 1154 1155 1160 1434 1435 1437 1605 1643 1644 1846 1847 2062 2292 2293 2482 2483 2607 2608 2698 2705 2759 2882 2883 2893 2957 2958 3011 3012 
66 88 89 90 106 140 191 192 193 194 304 315 317 447 464 473 623 640 641 642 717 731 732 733 1018 1156 1157 1158 1159 1438 1440 1443 1444 1645 1647 1848 1849 1850 1851 2113 2257 2453 2473 2548 2643 2697 2756 2761 2838 2884 
48 53 60 61 66 80 81 93 97 99 100 101 134 139 140 146 147 166 181 188 209 211 244 251 254 266 326 328 329 331 342 358 420 423 450 462 476 477 479 502 553 556 572 573 575 626 636 688 689 690 703 704 705 706 720 728 752 787 828 944 945 998 1077 1078 1080 1153 1187 1189 1283 1316 1395 1423 1432 1505 1509 1642 1676 1776 1777 1821 1822 1823 1824 1845 1892 1894 1951 1953 2022 2086 2096 2169 2174 2175 2176 2253 2359 2465 2499 2699 2858 2859 2860 2905 2964 2985 3028 3044 3086 3090 3105 3124 3126 3133 3172 3200 3231 3249 
97 98 99 100 101 209 210 211 302 342 358 453 459 462 496 502 503 633 634 635 636 645 646 647 648 726 727 728 752 753 754 755 756 877 1077 1078 1079 1080 1087 1187 1188 1189 1193 1194 1195 1196 1197 1198 1199 1200 1201 1505 1507 1509 1520 1521 1523 1612 1613 1614 1675 1676 1680 1682 1729 1730 1731 1892 1893 1894 1900 1901 1902 2001 2002 2174 2175 2176 2177 2178 2186 2253 2254 2321 2431 2514 2570 2723 2727 2814 2908 2909 2944 2979 3021 3095 3105 3106 3133 3134 3200 3203 3231 3232 3249 3250 
69 70 97 98 99 100 101 102 142 152 207 209 211 340 342 359 362 363 374 462 496 497 500 501 502 511 512 514 515 516 586 589 590 636 646 651 652 654 655 656 728 752 754 758 759 761 762 763 858 1048 1050 1052 1053 1055 1057 1058 1075 1076 1077 1078 1080 1173 1185 1187 1189 1481 1501 1502 1505 1509 1610 1660 1672 1676 1877 1890 1892 1894 2148 2149 2150 2151 2152 2153 2154 2155 2169 2170 2171 2172 2173 2174 2175 2176 2253 2320 2377 2378 2382 2506 2613 2625 2695 2977 3020 3068 3069 3105 3109 3117 3132 3133 3160 3198 3200 3231 3247 3249 3278 
69 70 97 98 99 100 101 103 142 152 208 209 211 342 359 362 363 374 462 497 500 501 502 503 510 511 514 515 516 586 589 590 636 645 650 651 654 655 656 728 752 753 757 758 761 762 763 858 1048 1050 1052 1053 1055 1058 1059 1076 1077 1078 1080 1173 1186 1187 1189 1481 1504 1505 1509 1660 1673 1676 1877 1891 1892 1894 2148 2149 2150 2151 2152 2153 2154 2155 2169 2170 2171 2172 2173 2174 2175 2176 2253 2377 2378 2382 2613 2977 3020 3068 3069 3105 3109 3117 3132 3133 3160 3200 3210 3231 3248 3249 3279 
70 89 90 92 97 98 99 100 101 189 191 209 211 300 312 342 358 441 447 448 462 502 623 624 625 636 717 718 719 728 752 1014 1015 1016 1077 1078 1079 1080 1124 1154 1156 1187 1189 1434 1435 1438 1446 1505 1509 1605 1643 1645 1676 1846 1848 1892 1894 2108 2109 2110 2111 2174 2175 2176 2253 2293 2371 2472 2483 2608 2698 2706 2778 2882 2957 3011 3105 3133 3200 3231 3249 
87 89 90 91 92 93 94 187 188 189 190 191 312 313 447 450 451 623 625 626 627 717 719 720 721 1012 1014 1015 1016 1018 1152 1153 1154 1155 1156 1430 1432 1434 1435 1436 1437 1438 1605 1641 1642 1643 1644 1645 1844 1845 1846 1847 1848 2103 2104 2108 2109 2110 2111 2289 2293 2371 2418 2472 2478 2483 2484 2602 2608 2698 2706 2776 2778 2839 2880 2882 2883 2955 2957 2958 3009 3011 3012 
87 89 90 91 190 191 192 194 300 304 313 315 317 447 448 464 473 623 640 641 642 717 718 731 732 733 1015 1016 1017 1018 1155 1156 1157 1159 1436 1437 1438 1440 1444 1644 1645 1847 1848 1849 1851 2108 2109 2110 2111 2115 2116 2258 2260 2371 2456 2472 2474 2476 2644 2646 2706 2762 2766 2767 2778 2842 2844 2883 2885 2887 2958 3012 
87 89 90 91 93 188 189 190 191 312 313 441 447 448 450 623 625 626 717 718 719 720 1013 1014 1015 1016 1018 1153 1154 1155 1156 1432 1434 1435 1436 1437 1438 1605 1642 1643 1644 1645 1845 1846 1847 1848 2107 2108 2109 2110 2111 2291 2293 2371 2420 2472 2480 2483 2606 2608 2698 2706 2777 2778 2840 2881 2882 2883 2956 2957 2958 3010 3011 3012 
87 89 90 92 93 94 187 188 189 191 312 441 447 448 450 451 623 624 625 626 627 717 718 719 720 721 1012 1014 1015 1016 1018 1152 1153 1154 1156 1430 1432 1434 1435 1438 1605 1641 1642 1643 1645 1844 1845 1846 1848 2103 2104 2108 2109 2110 2111 2289 2293 2371 2418 2472 2478 2483 2602 2608 2698 2706 2776 2778 2839 2880 2882 2955 2957 3009 3011 
70 89 90 91 92 189 190 191 312 313 441 447 448 623 625 717 718 719 1014 1015 1016 1124 1154 1155 1156 1434 1435 1436 1437 1438 1446 1605 1643 1644 1645 1846 1847 1848 2108 2109 2110 2111 2293 2371 2472 2483 2608 2698 2706 2778 2882 2883 2957 2958 3011 3012 
88 89 91 106 190 192 193 300 304 448 464 473 474 624 641 642 718 732 733 1155 1157 1158 1437 1440 1443 1644 1646 1647 1847 1849 1850 2062 2110 2113 2115 2117 2257 2258 2259 2260 2371 2453 2454 2456 2475 2476 2548 2643 2644 2645 2646 2697 2756 2761 2763 2764 2766 2767 2778 2838 2843 2844 2883 2884 2885 2886 2887 2893 2958 3012 
91 92 93 94 187 188 189 190 312 313 441 448 450 451 624 625 626 627 718 719 720 721 1012 1014 1152 1153 1154 1155 1430 1432 1434 1435 1436 1437 1605 1641 1642 1643 1644 1844 1845 1846 1847 2062 2100 2101 2102 2288 2293 2417 2483 2600 2608 2698 2701 2757 2880 2882 2883 2893 2955 2957 2958 3009 3011 3012 
87 89 93 94 97 98 100 101 188 192 194 209 304 315 317 342 358 450 462 464 473 502 626 636 640 641 642 720 728 731 732 733 752 1011 1012 1017 1018 1077 1078 1079 1080 1153 1157 1159 1187 1432 1440 1444 1505 1642 1845 1849 1851 1892 2096 2097 2098 2099 2115 2116 2174 2175 2176 2253 2258 2260 2370 2456 2471 2474 2476 2597 2644 2646 2707 2762 2766 2767 2842 2844 2885 2887 2894 2974 3018 3105 3133 3200 3231 3249 
87 89 90 91 92 189 190 191 312 313 441 447 448 623 625 717 718 719 1014 1015 1016 1018 1154 1155 1156 1434 1435 1436 1437 1438 1605 1643 1644 1645 1846 1847 1848 2108 2109 2110 2111 2293 2371 2472 2483 2608 2698 2706 2778 2882 2883 2957 2958 3011 3012 
87 89 90 92 97 98 99 100 101 189 191 209 211 300 312 342 358 441 447 448 462 502 623 624 625 636 717 718 719 728 752 1014 1015 1016 1018 1077 1078 1079 1080 1154 1156 1187 1189 1434 1435 1438 1505 1509 1605 1643 1645 1676 1846 1848 1892 1894 2108 2109 2110 2111 2174 2175 2176 2253 2293 2371 2472 2483 2608 2698 2706 2778 2882 2957 3011 3105 3133 3200 3231 3249 
69 87 88 89 91 106 151 190 192 193 300 304 448 464 473 474 584 624 641 642 718 732 733 835 1018 1019 1155 1157 1158 1437 1440 1443 1446 1604 1644 1646 1647 1847 1849 1850 1852 1853 2024 2062 2095 2117 2257 2258 2259 2453 2454 2472 2473 2474 2475 2548 2643 2644 2645 2697 2706 2756 2761 2763 2764 2778 2838 2843 2883 2884 2885 2886 2893 2958 3012 
69 87 88 91 97 99 100 101 106 151 190 193 209 211 300 342 358 448 462 473 502 584 624 636 641 718 728 732 752 835 1018 1019 1077 1078 1080 1155 1158 1187 1189 1437 1443 1446 1505 1509 1604 1644 1647 1676 1847 1850 1852 1853 1892 1894 2024 2062 2095 2117 2174 2175 2176 2253 2257 2258 2259 2453 2454 2472 2473 2474 2475 2548 2643 2644 2645 2697 2706 2756 2761 2763 2764 2778 2838 2843 2883 2884 2885 2886 2893 2958 3012 3105 3133 3200 3231 3249 
70 87 88 89 91 106 190 192 193 300 304 448 464 473 474 624 641 642 718 732 733 1018 1124 1155 1157 1158 1437 1440 1443 1446 1644 1646 1647 1847 1849 1850 2062 2117 2257 2258 2259 2453 2454 2472 2473 2474 2475 2548 2643 2644 2645 2697 2706 2756 2761 2763 2764 2778 2838 2843 2883 2884 2885 2886 2893 2958 3012 
69 87 88 90 106 151 191 193 447 473 584 623 641 717 732 835 1018 1019 1156 1158 1438 1443 1446 1604 1645 1647 1848 1850 1852 1853 2024 2095 2117 2257 2258 2259 2453 2454 2473 2474 2475 2548 2643 2644 2645 2697 2756 2761 2763 2764 2838 2843 2884 2885 2886 
88 91 97 99 100 101 106 190 193 209 211 300 342 358 448 462 473 502 624 636 641 718 728 732 752 1077 1078 1080 1155 1158 1187 1189 1437 1443 1505 1509 1644 1647 1676 1847 1850 1892 1894 2062 2110 2113 2115 2117 2174 2175 2176 2253 2257 2258 2259 2260 2371 2453 2454 2456 2475 2476 2548 2643 2644 2645 2646 2697 2756 2761 2763 2764 2766 2767 2778 2838 2843 2844 2883 2884 2885 2886 2887 2893 2958 3012 3105 3133 3200 3231 3249 
70 89 90 91 92 98 99 100 101 189 190 191 209 211 300 312 313 342 358 441 447 462 502 623 625 636 717 719 728 752 1014 1015 1016 1077 1078 1079 1124 1154 1155 1156 1187 1189 1434 1435 1436 1437 1438 1446 1505 1509 1605 1643 1644 1645 1676 1846 1847 1848 1892 1894 2108 2109 2110 2111 2174 2175 2176 2253 2293 2371 2472 2483 2608 2698 2706 2778 2882 2883 2957 2958 3011 3012 3105 3133 3200 3231 3249 
70 87 88 91 97 99 100 101 106 190 193 209 211 300 342 358 448 462 473 502 624 636 641 718 728 732 752 1018 1077 1078 1080 1124 1155 1158 1187 1189 1437 1443 1446 1505 1509 1644 1647 1676 1847 1850 1892 1894 2062 2117 2174 2175 2176 2253 2257 2258 2259 2453 2454 2472 2473 2474 2475 2548 2643 2644 2645 2697 2706 2756 2761 2763 2764 2778 2838 2843 2883 2884 2885 2886 2893 2958 3012 3105 3133 3200 3231 3249 
70 87 89 90 91 92 189 190 191 312 313 441 447 448 623 625 717 718 719 1014 1015 1016 1018 1124 1154 1155 1156 1434 1435 1436 1437 1438 1446 1605 1643 1644 1645 1846 1847 1848 2108 2109 2110 2111 2293 2371 2472 2483 2608 2698 2706 2778 2882 2883 2957 2958 3011 3012 
53 58 60 61 98 99 100 101 139 140 146 147 166 168 209 211 266 326 328 329 331 342 358 462 476 477 479 502 572 573 575 636 688 689 690 728 752 787 790 944 945 950 1077 1078 1079 1187 1189 1283 1286 1395 1398 1505 1509 1676 1776 1777 1892 1894 1953 2174 2175 2176 2253 2964 3028 3090 3105 3126 3133 3172 3200 3231 3249 
70 87 88 90 191 193 447 473 623 641 717 732 1018 1124 1156 1158 1438 1443 1446 1645 1647 1848 1850 2117 2257 2258 2259 2453 2454 2473 2474 2475 2643 2644 2645 2761 2763 2764 2843 2884 2885 2886 
70 87 89 90 97 99 100 101 191 192 194 209 211 304 315 317 342 358 447 462 464 502 623 636 640 642 717 728 731 733 752 1018 1077 1078 1080 1124 1156 1157 1159 1187 1189 1438 1440 1444 1446 1505 1509 1645 1676 1848 1849 1851 1892 1894 2112 2115 2116 2174 2175 2176 2253 2257 2258 2260 2453 2456 2474 2476 2643 2644 2646 2761 2762 2766 2767 2842 2844 2884 2885 2887 3105 3133 3200 3231 3249 
69 70 98 99 101 102 103 142 152 359 362 363 374 497 500 501 511 512 514 515 516 586 589 590 651 652 654 655 656 758 759 761 762 763 858 1048 1050 1052 1053 1055 1057 1058 1173 1481 1660 1877 2148 2149 2150 2151 2152 2153 2154 2155 2377 2378 2613 2977 3020 3068 3069 3117 3160 
89 90 91 92 189 190 191 312 313 441 447 448 473 623 625 641 717 718 719 732 1014 1015 1016 1017 1154 1155 1156 1434 1435 1436 1437 1438 1605 1643 1644 1645 1846 1847 1848 2108 2109 2110 2111 2293 2371 2472 2483 2608 2698 2706 2778 2882 2883 2957 2958 3011 3012 
89 90 91 92 98 99 100 101 189 190 191 209 211 300 312 313 342 358 441 447 462 473 502 623 625 636 641 717 719 728 732 752 1014 1015 1016 1017 1077 1078 1079 1154 1155 1156 1187 1189 1434 1435 1436 1437 1438 1505 1509 1605 1643 1644 1645 1676 1846 1847 1848 1892 1894 2108 2109 2110 2111 2174 2175 2176 2253 2293 2371 2472 2483 2608 2698 2706 2778 2882 2883 2957 2958 3011 3012 3105 3133 3200 3231 3249 
69 70 93 94 97 98 99 100 102 103 142 152 359 362 363 373 374 376 445 497 500 501 510 511 512 513 515 516 529 530 586 589 590 621 650 651 652 653 655 656 667 668 715 757 758 759 760 762 763 774 775 1048 1050 1052 1053 1055 1056 1057 1058 1059 1111 1112 1242 1243 1705 1706 1928 2148 2149 2150 2152 2153 2154 2155 2232 2233 2234 2235 2377 2378 2391 2534 2613 2636 2714 2855 2903 2942 2977 3020 3068 3069 3117 3160 
53 58 60 61 97 99 100 101 139 140 146 147 166 168 209 211 266 326 328 329 331 342 358 462 476 477 479 502 572 573 575 636 688 689 690 728 752 787 790 944 945 950 1077 1078 1080 1187 1189 1283 1286 1395 1398 1505 1509 1676 1776 1777 1892 1894 1953 2174 2175 2176 2253 2964 3028 3090 3105 3126 3133 3172 3200 3231 3249 
87 88 89 90 97 99 100 101 106 191 192 193 194 209 211 304 315 317 342 358 447 462 464 473 502 623 636 640 641 642 717 728 731 732 733 752 1077 1078 1080 1156 1157 1158 1159 1187 1189 1438 1440 1443 1444 1505 1509 1645 1647 1676 1848 1849 1850 1851 1892 1894 2174 2175 2176 2253 2257 2453 2473 2548 2643 2697 2756 2761 2838 2884 3105 3133 3200 3231 3249 
88 90 106 191 193 447 473 623 641 717 732 1156 1158 1438 1443 1645 1647 1848 1850 2113 2115 2117 2257 2258 2259 2260 2453 2454 2456 2475 2476 2548 2643 2644 2645 2646 2697 2756 2761 2763 2764 2766 2767 2838 2843 2844 2884 2885 2886 2887 
87 89 97 99 100 101 192 194 209 211 304 315 317 342 358 462 464 473 502 636 640 641 642 728 731 732 733 752 1017 1018 1077 1078 1080 1157 1159 1187 1189 1440 1444 1505 1509 1676 1849 1851 1892 1894 2115 2116 2174 2175 2176 2253 2258 2260 2456 2474 2476 2644 2646 2762 2766 2767 2842 2844 2885 2887 3105 3133 3200 3231 3249 
75 97 99 100 101 105 138 140 186 209 211 277 298 342 358 462 496 502 564 636 648 728 752 756 833 1008 1072 1077 1078 1080 1187 1189 1428 1505 1509 1676 1892 1894 1946 2051 2174 2175 2176 2253 2381 2717 2906 2984 3042 3043 3073 3105 3119 3133 3200 3231 3249 
69 70 97 98 101 102 103 142 152 359 362 363 374 497 500 501 510 511 514 515 516 586 589 590 650 651 654 655 656 757 758 761 762 763 858 1048 1050 1052 1053 1055 1058 1059 1173 1481 1660 1877 2148 2149 2150 2151 2152 2153 2154 2155 2377 2378 2613 2977 3020 3068 3069 3117 3160 
87 106 194 317 464 472 640 731 1159 1444 1851 2260 2456 2476 2548 2646 2697 2756 2766 2767 2838 2844 2887 
70 89 90 91 92 189 190 191 312 313 441 447 448 473 623 625 641 717 718 719 732 1014 1015 1016 1017 1124 1154 1155 1156 1434 1435 1436 1437 1438 1446 1605 1643 1644 1645 1846 1847 1848 2108 2109 2110 2111 2293 2371 2472 2483 2608 2698 2706 2778 2882 2883 2957 2958 3011 3012 
56 58 59 61 62 63 64 65 70 86 106 150 151 348 349 350 351 352 353 354 355 356 487 489 492 493 494 579 580 581 582 583 584 607 608 609 835 870 871 872 873 874 928 929 1081 1083 1085 1086 1124 1211 1351 1352 1354 1355 1516 1517 1518 1604 1852 1898 1899 1906 2024 2095 2190 2191 2383 2384 2512 2513 2548 2674 2697 2756 2786 2838 2863 2907 3022 3096 
70 86 97 98 101 102 103 106 142 151 152 359 362 363 374 494 497 500 501 510 511 514 515 516 584 586 589 590 650 651 654 655 656 757 758 761 762 763 835 858 1048 1050 1052 1053 1055 1058 1059 1124 1173 1481 1604 1660 1852 1877 2024 2095 2148 2149 2150 2151 2152 2153 2154 2155 2377 2378 2548 2613 2697 2756 2838 2977 3020 3068 3069 3117 3160 
70 86 97 99 101 102 103 106 142 151 152 359 362 363 374 494 497 500 501 510 512 514 515 516 584 586 589 590 650 652 654 655 656 757 759 761 762 763 835 858 1048 1050 1052 1053 1055 1057 1059 1124 1173 1481 1604 1660 1852 1877 2024 2095 2148 2149 2150 2151 2152 2153 2154 2155 2377 2378 2548 2613 2697 2756 2838 2977 3020 3068 3069 3117 3160 
70 86 98 99 101 102 103 106 142 151 152 359 362 363 374 494 497 500 501 511 512 514 515 516 584 586 589 590 651 652 654 655 656 758 759 761 762 763 835 858 1048 1050 1052 1053 1055 1057 1058 1124 1173 1481 1604 1660 1852 1877 2024 2095 2148 2149 2150 2151 2152 2153 2154 2155 2377 2378 2548 2613 2697 2756 2838 2977 3020 3068 3069 3117 3160 
70 87 88 193 473 641 732 1018 1124 1158 1443 1446 1647 1850 2117 2259 2260 2456 2475 2476 2645 2646 2764 2766 2767 2843 2844 2886 2887 
70 86 97 98 99 101 102 103 106 142 151 152 359 362 363 374 494 497 500 501 510 511 512 514 515 516 584 586 589 590 650 651 652 654 655 656 757 758 759 761 762 763 835 858 1048 1050 1052 1053 1055 1057 1058 1059 1124 1173 1481 1604 1660 1852 1877 2024 2095 2148 2149 2150 2151 2152 2153 2154 2155 2377 2378 2548 2613 2697 2756 2838 2977 3020 3068 3069 3117 3160 
68 71 116 135 136 162 163 226 231 263 397 400 427 617 671 681 692 914 1287 1399 2446 2879 3070 3101 3102 3161 3178 3190 3208 3237 
66 140 302 358 453 459 462 496 502 503 633 634 635 636 637 644 645 646 647 648 726 727 728 729 752 753 754 755 756 877 1087 1193 1194 1195 1196 1197 1198 1199 1200 1201 1520 1521 1523 1612 1613 1614 1680 1682 1729 1730 1731 1900 1901 1902 2001 2002 2186 2321 2431 2514 2570 2723 2727 2814 2908 2909 2944 2979 3021 3095 
50 53 62 68 116 148 164 230 264 327 332 398 399 428 480 558 576 685 686 2017 3016 3103 3209 3238 
87 88 106 193 473 641 732 1018 1158 1443 1647 1850 2117 2259 2260 2456 2475 2476 2548 2645 2646 2697 2756 2764 2766 2767 2838 2843 2844 2886 2887 
54 118 203 232 335 401 402 483 577 748 2156 2588 2690 2829 2830 2877 2878 
52 62 69 129 151 236 240 354 411 546 583 743 1071 1350 1388 2028 2380 2498 2878 3041 3067 3116 
70 87 88 106 193 473 641 732 1018 1124 1158 1443 1446 1647 1850 2117 2259 2260 2456 2475 2476 2548 2645 2646 2697 2756 2764 2766 2767 2838 2843 2844 2886 2887 
69 95 97 98 99 100 101 102 103 104 105 142 373 374 508 509 510 511 512 513 514 515 516 649 650 651 652 653 654 655 656 657 658 757 758 759 760 761 762 763 764 765 913 1266 1267 1268 1269 1270 1271 1272 1273 1274 1590 1637 1638 1721 1722 1723 1724 1725 1744 1745 1746 1747 1941 1942 1943 2013 2014 2249 2441 2442 2546 2547 2586 2641 2642 2740 2741 2824 2915 2946 2982 3022 3096 
53 66 146 147 148 149 326 327 328 329 330 331 332 333 334 475 476 477 478 479 480 481 482 572 573 574 575 576 591 602 603 673 791 792 793 794 795 797 925 957 959 960 961 1145 1289 1291 1292 1293 1400 1401 1402 1409 1779 1785 2068 2351 2457 2651 2769 2770 2845 2888 3021 3095 
75 76 185 278 437 565 711 832 1007 1320 1427 1946 1950 2051 2972 2984 3026 3042 3043 3073 3084 3119 3123 3170 
50 68 116 160 228 260 394 395 426 557 680 784 940 941 1138 1276 2446 2879 3072 3118 3162 
68 71 116 135 136 164 226 230 264 399 558 617 681 685 692 2446 2879 3070 3101 3103 3161 3179 3190 3209 3239 
3238 3239 
1 
4 
9 
17 
24 
25 
31 
33 
41 109 
10 111 
54 118 227 920 2498 2878 
50 71 135 681 2446 2879 
52 67 127 128 129 130 234 235 237 238 239 240 241 242 406 407 408 409 410 411 412 413 541 542 543 544 545 546 604 605 674 798 799 800 801 802 803 804 919 926 927 962 963 966 967 1146 1294 1295 1296 1297 1298 1403 1404 1405 1788 2076 2077 2353 2354 2459 2460 2652 2772 2846 2889 3019 3097 
56 58 59 61 62 63 64 65 69 150 151 348 349 350 351 352 353 354 355 356 487 489 492 493 579 580 581 582 583 607 608 609 870 871 872 873 874 928 929 1081 1083 1085 1086 1211 1351 1352 1354 1355 1516 1517 1518 1898 1899 1906 2190 2191 2383 2384 2512 2513 2674 2786 2863 2907 3022 3096 
66 75 105 138 140 186 277 298 358 496 564 648 756 833 1008 1072 1428 1946 2051 2381 2717 2906 2984 3042 3043 3073 3119 
67 69 70 97 98 99 101 102 103 141 142 152 301 359 362 363 374 458 497 500 501 510 511 512 514 515 516 586 589 590 632 650 651 652 654 655 656 725 757 758 759 761 762 763 858 1048 1050 1052 1053 1055 1056 1057 1058 1059 1173 1481 1660 1877 2148 2149 2150 2151 2152 2153 2154 2155 2377 2378 2613 2977 3020 3068 3069 3117 3160 
53 58 60 61 66 139 146 147 166 168 266 326 328 329 331 476 477 479 572 573 575 688 689 690 787 790 944 945 950 1283 1286 1395 1398 1776 1777 1953 2964 3028 3090 3126 3172 
50 53 62 66 68 116 148 149 164 230 264 332 398 399 428 480 558 576 685 686 2017 3016 3103 3209 3238 
