66 97 99 100 101 140 209 210 211 213 302 343 344 460 462 463 502 634 644 726 728 729 752 1080 1187 1188 1189 1191 1506 1507 1509 1513 1674 1678 1892 1893 1894 1896 2175 2179 2253 2255 2449 3107 3133 3135 3200 3201 3204 3231 3233 3249 3251 
66 91 93 94 97 98 99 100 101 102 103 104 105 140 195 209 210 211 214 215 216 217 218 219 220 221 222 302 343 344 358 366 367 368 369 370 371 451 460 461 462 463 496 503 504 505 506 627 634 647 648 721 726 727 728 729 753 754 755 756 1020 1021 1023 1079 1090 1091 1092 1093 1096 1097 1161 1187 1188 1189 1212 1213 1214 1215 1216 1217 1218 1219 1220 1221 1448 1506 1507 1509 1532 1534 1536 1538 1539 1540 1542 1544 1545 1546 1548 1619 1622 1649 1674 1689 1690 1692 1695 1697 1855 1892 1893 1894 1908 1909 1910 1911 1912 1913 1914 1915 1916 2119 2120 2121 2122 2175 2196 2197 2198 2212 2217 2220 2253 2325 2326 2327 2328 2338 2339 2340 2341 2342 2372 2387 2388 2435 2439 2440 2449 2485 2519 2522 2572 2574 2609 2675 2676 2684 2685 2710 2752 2817 2822 2897 2931 2936 2939 2954 2981 3004 3008 3047 3061 3066 3115 3133 3154 3155 3159 3188 3200 3201 3224 3229 3231 3244 3249 3270 3275 3287 3302 3307 3312 3331 3335 3358 3363 3368 3376 3391 3407 3418 3423 3437 3444 3452 3461 3462 3471 3472 3479 3482 3488 3494 3500 3501 3504 3507 3509 
52 54 67 69 117 127 128 129 130 145 150 151 204 235 236 337 347 354 391 410 411 484 485 490 491 545 546 578 582 583 643 744 748 860 861 1061 1340 1350 1388 1492 1884 2028 2156 2379 2380 2498 2588 2690 2829 2830 2877 2978 3040 3067 3116 
52 67 69 117 118 127 128 129 130 145 150 151 203 204 227 232 235 236 335 337 347 354 391 402 410 411 485 490 491 545 546 577 582 583 643 744 748 860 861 920 1061 1071 1340 1350 1388 1492 1884 2028 2379 2978 3040 3067 3116 
66 97 98 99 100 102 140 208 210 211 213 302 341 343 344 358 460 461 462 463 502 503 634 644 726 727 728 729 752 753 1076 1077 1078 1079 1080 1186 1188 1189 1191 1503 1507 1509 1513 1678 1891 1893 1894 1896 2169 2170 2171 2172 2173 2175 2253 2382 2449 3109 3132 3133 3200 3201 3210 3231 3248 3249 3279 
66 97 99 100 101 140 209 210 211 212 213 302 343 344 345 460 461 462 463 502 634 644 726 727 728 729 752 1079 1080 1187 1188 1189 1190 1191 1506 1507 1509 1511 1513 1674 1678 1892 1893 1894 1895 1896 2175 2253 2256 2449 3108 3133 3136 3200 3201 3206 3231 3234 3249 3252 
97 98 101 209 212 213 460 502 634 644 726 752 1079 1080 1187 1190 1191 1506 1512 1513 1674 1677 1678 1892 1895 1896 2175 2177 2253 2254 2255 2256 2449 2450 2451 3108 3133 3134 3135 3136 3200 3201 3203 3205 3206 3231 3234 3249 3250 3251 3252 
47 66 78 80 134 138 181 182 244 270 294 419 439 552 553 567 708 828 829 999 1000 1001 1316 1317 1423 1424 1748 1834 1947 2023 2052 3017 3023 3077 3079 3104 3166 3167 3194 
53 62 66 75 148 149 186 277 327 436 480 564 576 686 833 952 953 1008 1275 1321 1428 1833 2017 2067 2086 2348 2445 2688 2826 2827 2828 2876 3016 3070 3190 
47 53 78 88 89 133 134 138 140 182 192 244 270 294 304 419 439 464 474 552 567 641 642 708 732 733 829 1000 1001 1017 1157 1317 1424 1441 1646 1849 1947 2052 2258 2454 2644 2762 2763 2842 2885 3023 3079 3167 
50 71 136 692 953 1275 3070 3101 3161 3190 
54 118 227 920 1350 1388 3040 3041 3067 3116 
1 
96 
52 54 67 69 118 127 128 129 130 150 151 227 235 236 347 354 410 411 490 491 545 546 582 583 744 860 861 920 1061 1340 1350 1388 1492 1884 2028 2379 2978 3040 3067 3116 
66 98 99 100 101 140 209 210 211 302 343 344 461 462 463 502 644 727 728 729 752 1079 1187 1188 1189 1506 1507 1509 1674 1892 1893 1894 2175 2253 2449 3133 3200 3201 3231 3249 
47 48 49 53 66 75 76 77 78 80 81 94 97 102 103 104 105 133 134 138 169 170 171 172 173 174 175 176 177 195 215 222 244 270 277 278 281 282 283 284 285 286 288 419 420 421 422 423 436 437 438 439 451 460 505 552 553 554 555 556 564 565 566 567 627 634 647 696 698 699 700 701 702 721 726 755 814 815 816 817 818 819 820 821 822 823 974 975 976 978 979 980 981 982 983 984 987 988 989 990 1089 1090 1091 1092 1147 1150 1161 1213 1220 1304 1306 1307 1308 1310 1311 1312 1411 1412 1413 1414 1415 1416 1417 1418 1419 1448 1534 1548 1603 1649 1690 1697 1795 1816 1817 1818 1855 1909 1916 1970 1971 1972 1973 1983 1984 1985 1986 1987 2019 2020 2021 2035 2039 2040 2119 2192 2193 2194 2195 2202 2284 2287 2385 2405 2406 2414 2415 2523 2631 2655 2660 2661 2711 2729 2796 2800 2801 2851 2852 2870 2892 2920 2921 2925 2950 2968 2990 2995 3034 3051 3055 3111 3141 3146 3184 3214 3218 3240 3257 3261 3283 3292 3296 3308 3317 3322 3345 3352 3364 3369 3385 3386 3399 3402 3412 3420 3431 3448 3449 3456 3466 3474 3485 3489 3492 3495 3498 3502 
