52 79 83 131 384 388 536 540 547 548 549 550 551 596 600 734 735 736 737 837 838 843 844 1071 1322 1323 1328 1329 1350 1388 1465 1468 1865 1866 1867 1868 1869 2026 2145 2146 2376 2379 2380 2498 2716 2856 2857 2878 2904 2943 2978 3040 3041 3067 3116 
50 68 71 102 104 105 116 135 155 156 160 215 225 228 256 260 393 395 424 504 505 557 613 646 647 680 681 754 755 940 1089 1090 1091 1092 1213 1276 1534 1690 1909 2066 2192 2193 2194 2195 2349 2350 2385 2446 2523 2631 2692 2729 2833 2834 2835 2879 2891 2959 3013 3071 3118 3162 
50 68 71 76 104 116 135 155 156 160 175 215 225 228 256 260 278 393 395 424 437 505 557 565 613 647 680 681 755 820 940 986 1213 1276 1310 1417 1534 1690 1801 1909 2066 2085 2192 2349 2350 2446 2523 2692 2833 2834 2835 2879 2891 2959 3013 3071 3118 3162 
66 69 86 87 90 106 140 151 191 304 348 447 464 473 474 494 584 623 641 642 717 732 733 835 1016 1017 1018 1019 1156 1438 1446 1604 1645 1848 1852 1853 2024 2095 2112 2113 2114 2257 2473 2548 2643 2696 2756 2761 2838 2841 2884 
48 49 53 80 133 178 181 553 554 556 704 705 706 825 828 992 998 1313 1316 1420 1423 1748 1828 1829 1989 2042 2088 2363 2595 2693 3074 3077 3163 3191 3194 
47 53 76 78 81 133 180 185 278 279 437 438 553 554 565 566 706 707 708 709 710 827 832 996 1006 1151 1315 1320 1422 1427 1833 1834 1835 1836 1837 1993 2023 2093 2369 2447 2973 3017 3076 3165 3193 
47 48 49 69 70 76 78 80 81 86 106 134 140 151 178 182 185 244 278 279 294 304 348 419 437 438 464 494 552 556 565 566 584 639 704 705 706 707 708 709 710 730 825 829 832 835 992 1000 1006 1019 1124 1313 1320 1420 1424 1427 1604 1828 1829 1833 1834 1835 1836 1837 1838 1839 1840 1852 1853 1947 1989 2023 2024 2042 2088 2095 2363 2548 2595 2693 2696 2756 2838 2969 2973 3017 3023 3074 3078 3120 3163 3167 3191 
69 70 86 88 90 106 151 191 193 348 447 473 474 494 584 623 639 641 642 717 730 732 733 835 1016 1017 1019 1124 1156 1158 1438 1443 1446 1604 1645 1647 1848 1850 1852 1853 2024 2095 2112 2113 2114 2257 2259 2455 2473 2548 2643 2645 2696 2756 2761 2764 2765 2838 2841 2843 2884 2886 
69 86 87 90 98 100 106 151 191 210 212 302 304 348 447 461 462 463 464 473 474 494 584 623 635 636 637 641 642 717 727 728 729 732 733 835 1016 1017 1018 1019 1078 1079 1156 1188 1190 1438 1446 1508 1511 1604 1645 1675 1677 1848 1852 1853 1893 1895 2024 2095 2112 2113 2114 2177 2178 2254 2257 2473 2548 2643 2696 2756 2761 2838 2841 2884 3106 3134 3202 3232 3250 
66 87 89 90 140 191 192 304 315 447 464 471 473 623 639 641 717 730 732 1016 1017 1018 1124 1156 1157 1438 1440 1441 1446 1645 1646 1848 1849 2112 2113 2114 2115 2116 2257 2258 2473 2474 2643 2644 2761 2763 2841 2842 2884 2885 
47 66 76 78 81 134 180 182 185 244 278 279 294 419 437 438 552 553 554 565 566 706 707 708 709 710 827 829 832 996 1000 1006 1151 1315 1320 1422 1424 1427 1833 1834 1835 1836 1837 1838 1839 1840 1947 1993 2023 2093 2369 2447 2969 2973 3017 3023 3076 3078 3120 3165 3167 3193 
66 87 89 90 140 191 192 304 447 464 471 474 623 639 642 717 730 733 1016 1018 1124 1156 1157 1438 1441 1446 1645 1646 1848 1849 2112 2113 2114 2257 2258 2454 2473 2643 2644 2761 2762 2763 2841 2842 2884 2885 
47 48 49 50 68 71 76 78 80 81 104 116 135 155 156 160 175 215 225 228 256 260 278 279 393 395 424 437 438 505 557 565 566 613 647 680 681 694 695 696 697 698 699 700 701 755 820 940 986 1213 1276 1310 1417 1534 1690 1792 1793 1794 1801 1802 1803 1804 1805 1909 2018 2020 2085 2192 2349 2350 2358 2446 2464 2523 2692 2833 2834 2835 2879 3013 3071 3118 3162 
66 69 84 86 87 88 89 91 92 93 94 140 144 151 191 195 196 197 198 199 200 201 202 300 304 320 324 348 441 447 448 449 450 451 464 471 472 473 474 494 584 623 624 626 627 639 641 642 717 718 719 720 721 730 731 732 733 836 1016 1017 1018 1021 1022 1023 1024 1025 1026 1027 1124 1156 1161 1162 1163 1164 1165 1166 1167 1168 1438 1446 1449 1450 1452 1455 1457 1459 1460 1462 1464 1606 1608 1645 1649 1650 1652 1653 1654 1656 1848 1855 1856 1857 1858 1859 1860 1861 1862 1864 1994 1996 2025 2112 2113 2114 2118 2126 2127 2128 2129 2130 2131 2132 2136 2137 2138 2141 2142 2143 2257 2298 2299 2300 2301 2306 2307 2308 2309 2310 2373 2374 2375 2422 2423 2424 2473 2491 2493 2559 2566 2568 2610 2643 2664 2665 2670 2671 2750 2761 2805 2810 2811 2841 2884 2927 2929 2930 2952 2998 2999 3002 3036 3057 3059 3113 3149 3153 3186 3220 3222 3223 3242 3265 3266 3269 3285 3298 3300 3310 3325 3329 3341 3354 3356 3357 3366 3374 3389 3406 3414 3421 3432 3442 3451 3457 3458 3468 3469 3477 3481 3487 3497 3505 3506 3508 3510 3511 
87 90 98 100 191 210 212 302 304 447 461 462 463 464 471 473 474 623 635 636 637 639 641 642 717 727 728 729 730 732 733 1016 1017 1018 1078 1079 1124 1156 1188 1190 1438 1446 1508 1511 1645 1675 1677 1848 1893 1895 2112 2113 2114 2177 2178 2254 2257 2473 2643 2761 2841 2884 3106 3134 3202 3232 3250 
50 53 60 61 62 104 135 139 146 158 215 225 505 572 573 575 613 647 675 676 677 678 679 681 755 778 932 1213 1278 1390 1534 1690 1749 1750 1751 1752 1753 1909 2015 2066 2192 2349 2446 2523 2692 2833 2834 2835 2879 
50 53 60 61 62 68 71 76 116 139 146 155 156 158 160 175 228 256 260 278 393 395 424 437 557 565 572 573 575 675 676 677 678 679 680 778 820 932 940 986 1276 1278 1310 1390 1417 1749 1750 1751 1752 1753 1801 2015 2066 2085 2349 2446 2692 2833 2834 2835 2879 3071 3072 3118 3162 
53 60 61 62 71 76 135 136 139 146 158 175 225 278 437 565 572 573 575 613 675 676 677 678 679 681 692 778 820 932 986 1278 1310 1390 1417 1749 1750 1751 1752 1753 1801 2015 2066 2085 2349 2445 2446 2692 2833 2834 2835 2876 2879 
50 53 60 61 62 76 135 139 146 158 175 225 278 437 565 572 573 575 613 675 676 677 678 679 681 778 820 932 986 1278 1310 1390 1417 1749 1750 1751 1752 1753 1801 2015 2066 2085 2349 2446 2692 2833 2834 2835 2879 
48 49 53 80 81 133 178 180 181 553 554 556 704 705 825 827 828 992 996 998 1313 1315 1316 1420 1422 1423 1748 1828 1829 1989 2042 2088 2363 2595 2693 3074 3077 3163 3191 3194 
50 68 71 76 98 116 135 155 156 160 175 220 225 228 256 260 278 393 395 424 437 461 557 565 613 635 680 681 727 820 940 986 1218 1276 1310 1417 1544 1695 1801 1914 2066 2085 2202 2349 2350 2446 2523 2692 2833 2834 2835 2879 2891 2959 3013 3071 3118 3162 
47 48 49 50 68 71 76 78 80 81 98 116 135 155 156 160 175 220 225 228 256 260 278 279 393 395 424 437 438 461 557 565 566 613 635 680 681 694 695 696 697 698 699 700 701 727 820 940 986 1218 1276 1310 1417 1544 1695 1792 1793 1794 1801 1802 1803 1804 1805 1914 2018 2020 2085 2202 2349 2350 2358 2446 2464 2523 2692 2833 2834 2835 2879 3013 3071 3118 3162 
47 66 75 76 78 80 81 134 138 180 182 186 244 270 279 294 298 419 436 438 552 554 564 566 706 707 708 709 710 711 827 829 833 996 1000 1008 1009 1151 1315 1321 1422 1424 1428 1833 1834 1835 1836 1837 1838 1839 1840 1947 1950 1993 2023 2055 2093 2369 2447 2969 2973 3017 3023 3026 3076 3078 3084 3085 3120 3123 3165 3167 3170 3193 
47 66 75 78 80 81 134 138 180 182 186 244 270 278 279 294 298 419 436 437 438 552 554 564 565 566 706 707 708 709 710 711 827 829 833 996 1000 1008 1009 1151 1315 1321 1422 1424 1428 1833 1834 1835 1836 1837 1838 1839 1840 1947 1950 1993 2023 2055 2093 2369 2447 2969 2973 3017 3023 3026 3076 3078 3084 3085 3120 3123 3165 3167 3170 3193 
50 53 61 68 71 76 98 116 135 146 155 156 158 160 175 220 225 228 256 260 278 393 395 424 437 461 557 565 575 613 635 680 681 727 778 820 932 940 986 1218 1276 1278 1310 1390 1417 1544 1695 1749 1801 1914 2066 2085 2202 2349 2350 2446 2523 2692 2833 2834 2835 2879 3013 3071 3118 3162 
47 48 49 66 76 78 81 134 178 179 182 185 244 278 279 294 419 437 438 552 555 556 565 566 704 705 707 708 709 710 825 826 829 832 992 994 1000 1006 1313 1314 1320 1420 1421 1424 1427 1828 1829 1833 1834 1835 1836 1837 1838 1839 1840 1947 1989 2023 2042 2088 2363 2595 2693 2969 2973 3017 3023 3074 3078 3120 3163 3167 3191 
47 48 49 66 76 78 80 134 178 182 185 244 278 279 294 419 437 438 552 554 556 565 566 704 705 706 707 708 709 710 825 829 832 992 1000 1006 1313 1320 1420 1424 1427 1828 1829 1833 1834 1835 1836 1837 1838 1839 1840 1947 1989 2023 2042 2088 2363 2595 2693 2969 2973 3017 3023 3074 3078 3120 3163 3167 3191 
47 48 49 66 76 78 81 134 178 182 185 244 278 279 294 419 437 438 552 553 556 565 566 704 705 706 707 708 709 710 825 829 832 992 1000 1006 1313 1320 1420 1424 1427 1828 1829 1833 1834 1835 1836 1837 1838 1839 1840 1947 1989 2023 2042 2088 2363 2595 2693 2969 2973 3017 3023 3074 3078 3120 3163 3167 3191 
49 50 53 60 61 62 98 133 135 139 146 158 169 220 225 461 556 572 573 575 613 635 675 676 677 678 679 681 727 778 814 932 974 1218 1278 1304 1390 1411 1544 1695 1749 1750 1751 1752 1753 1791 1914 2015 2066 2085 2202 2349 2446 2523 2692 2833 2834 2835 2879 
47 66 76 78 80 81 134 180 182 185 244 278 279 294 419 437 438 552 554 565 566 706 707 708 709 710 827 829 832 996 1000 1006 1151 1315 1320 1422 1424 1427 1833 1834 1835 1836 1837 1838 1839 1840 1947 1993 2023 2093 2369 2447 2969 2973 3017 3023 3076 3078 3120 3165 3167 3193 
66 88 90 140 191 193 304 447 464 471 473 474 623 639 641 642 717 730 732 733 1016 1017 1124 1156 1158 1438 1443 1446 1645 1647 1848 1850 2112 2113 2114 2257 2259 2455 2473 2643 2645 2761 2764 2765 2841 2843 2884 2886 
69 70 86 87 90 106 151 191 348 447 473 474 494 584 623 639 641 642 717 730 732 733 835 1016 1017 1018 1019 1124 1156 1438 1446 1604 1645 1848 1852 1853 2024 2095 2112 2113 2114 2257 2473 2548 2643 2696 2756 2761 2838 2841 2884 
52 79 83 104 131 362 384 388 500 517 536 540 547 548 549 550 551 589 596 600 657 734 735 736 737 764 837 838 843 844 856 1071 1171 1322 1323 1328 1329 1350 1388 1465 1468 1477 1658 1865 1866 1867 1868 1869 1875 2026 2145 2146 2147 2376 2379 2380 2497 2498 2716 2856 2857 2878 2904 2943 2978 3040 3041 3067 3116 
66 87 90 140 191 304 447 464 471 473 474 623 639 641 642 717 730 732 733 1016 1017 1018 1124 1156 1438 1446 1645 1848 2112 2113 2114 2257 2473 2643 2761 2841 2884 
67 69 104 137 153 269 362 377 434 500 517 535 563 589 595 657 764 845 846 856 1037 1038 1071 1171 1330 1331 1350 1388 1469 1477 1658 1869 1875 2145 2147 2156 2379 2380 2497 2498 2589 2716 2856 2857 2878 2904 2943 2978 3040 3041 3067 3116 
12 
16 
26 
27 
42 
74 
10 111 
52 54 69 127 129 150 227 336 350 487 542 543 544 545 546 579 743 744 745 746 747 749 868 869 920 1348 1349 1496 1883 1884 1885 1886 1887 2028 2379 2943 2978 3040 3041 3067 3116 
53 80 81 133 180 553 554 706 827 834 996 1151 1315 1422 1992 1993 2092 2093 2368 2369 2447 2470 2592 3076 3165 3193 
66 87 90 92 93 97 98 99 100 101 102 103 104 105 140 214 215 216 217 218 219 220 221 222 302 304 358 364 367 368 372 448 451 460 461 462 463 464 471 473 474 496 502 503 504 505 506 624 627 635 636 639 641 642 645 646 647 718 721 726 727 728 729 730 732 733 752 753 754 755 756 1020 1021 1022 1023 1024 1025 1026 1027 1090 1091 1092 1093 1094 1095 1096 1097 1124 1212 1213 1214 1215 1216 1217 1218 1219 1220 1221 1462 1532 1534 1537 1538 1539 1540 1541 1543 1544 1546 1548 1549 1622 1690 1691 1692 1693 1694 1695 1696 1697 1908 1909 1910 1911 1912 1913 1914 1915 1916 2006 2120 2121 2122 2129 2130 2131 2132 2196 2197 2198 2201 2217 2218 2219 2220 2325 2326 2327 2328 2338 2339 2340 2341 2342 2372 2374 2386 2387 2388 2435 2439 2440 2519 2572 2573 2582 2583 2584 2585 2610 2675 2676 2683 2684 2685 2686 2709 2752 2779 2816 2822 2874 2895 2897 2931 2935 2939 2954 2981 3004 3008 3047 3061 3066 3155 3159 3224 3229 3270 3271 3275 3287 3302 3307 3330 3335 3343 3358 3363 3376 3391 3407 3418 3419 3423 3437 3444 3452 3462 3471 3472 3479 3482 3488 3494 3500 3501 3504 3507 3509 
