48 49 53 58 59 66 80 81 101 134 146 167 168 178 209 244 254 267 328 423 476 477 502 556 572 573 644 690 703 704 705 706 752 789 790 825 948 950 992 1187 1286 1313 1397 1398 1420 1505 1674 1821 1822 1823 1824 1892 1951 1955 2022 2086 2169 2359 2465 2499 2858 2859 2860 2905 2966 2985 3030 3045 3086 3093 3124 3128 3174 
48 49 50 53 59 60 61 62 66 68 71 80 81 101 116 134 135 139 146 147 148 149 155 156 157 158 159 160 161 168 170 178 209 217 225 228 244 253 254 255 257 326 328 329 330 331 332 389 392 394 404 422 423 424 425 426 476 477 478 479 480 502 555 556 557 572 573 574 575 576 601 615 616 644 670 676 677 678 679 680 683 694 695 696 697 703 704 705 706 752 777 778 779 780 781 783 784 790 815 825 923 930 932 934 935 936 939 950 976 992 1136 1137 1140 1187 1215 1278 1279 1280 1281 1286 1305 1313 1389 1390 1391 1392 1393 1398 1412 1420 1505 1538 1598 1674 1692 1749 1758 1759 1760 1766 1791 1792 1793 1794 1821 1822 1823 1824 1892 1911 1951 1957 1963 1964 1965 1966 1967 2016 2018 2022 2031 2032 2063 2085 2086 2169 2202 2263 2264 2271 2272 2349 2350 2358 2359 2396 2402 2403 2404 2446 2464 2465 2499 2523 2550 2552 2593 2649 2744 2768 2791 2794 2848 2849 2850 2858 2859 2860 2866 2868 2879 2891 2905 2919 2938 2949 2961 2962 2985 2988 2989 3015 3032 3045 3046 3049 3086 3099 3100 3124 3130 3131 3139 3181 3182 3212 3235 3256 3290 3315 3316 3337 3350 3382 3397 3410 3427 3446 3454 3464 3473 3484 3490 3499 3503 
66 76 77 102 103 104 138 140 184 185 206 278 279 296 297 358 505 506 565 566 647 648 755 756 831 832 1004 1006 1072 1073 1074 1075 1184 1426 1427 1499 1671 1843 1889 1949 1950 2054 2157 2158 2159 2160 2381 2499 2615 2717 2861 2862 2906 2972 3025 3026 3082 3083 3084 3122 3123 3169 3170 
48 49 58 70 80 81 87 101 134 140 147 168 178 194 209 244 254 304 317 326 328 423 472 476 502 556 572 644 703 704 705 706 731 752 790 825 950 992 1124 1159 1187 1286 1313 1398 1420 1444 1446 1505 1674 1821 1822 1823 1824 1851 1892 1951 2022 2086 2169 2260 2359 2465 2476 2499 2646 2766 2844 2858 2859 2860 2887 2905 2985 3045 3086 3124 
48 49 58 66 80 81 134 147 168 179 244 253 326 328 422 476 555 572 703 704 705 706 790 826 950 994 1286 1314 1398 1421 1821 1822 1823 1824 1951 2022 2086 2359 2465 2858 2859 2860 2905 2985 3045 3086 3124 
48 49 58 70 75 80 81 87 101 134 140 147 168 178 186 194 209 244 254 277 304 317 326 328 423 436 472 476 502 556 564 572 644 703 704 705 706 731 752 790 825 833 950 992 1009 1124 1159 1187 1286 1313 1321 1398 1420 1428 1444 1446 1505 1674 1821 1822 1823 1824 1851 1892 1946 1951 2022 2051 2169 2260 2359 2465 2476 2499 2646 2766 2844 2858 2859 2860 2887 2905 2906 2984 2985 3042 3043 3045 3073 3086 3119 3124 
75 76 185 186 270 277 278 297 436 437 564 565 711 832 833 1006 1009 1321 1427 1428 1946 1950 2051 2972 2984 3026 3042 3043 3073 3084 3119 3123 3170 
48 49 58 66 80 81 101 134 147 168 179 209 244 253 326 328 422 476 502 555 572 644 703 704 705 706 752 790 826 950 994 1187 1286 1314 1398 1421 1505 1674 1821 1822 1823 1824 1892 1951 2022 2086 2169 2359 2465 2499 2858 2859 2860 2905 2985 3045 3086 3124 
66 75 77 138 184 185 186 277 278 279 296 297 436 564 565 566 710 711 831 832 833 1004 1006 1009 1321 1426 1427 1428 1946 1949 1950 2051 2054 2972 2984 3025 3026 3042 3043 3073 3082 3083 3084 3119 3122 3123 3169 3170 
48 49 58 66 80 81 104 134 147 168 179 206 244 253 326 328 422 476 505 555 572 647 703 704 705 706 755 790 826 950 994 1184 1286 1314 1398 1421 1499 1671 1821 1822 1823 1824 1889 1951 2022 2086 2157 2359 2465 2499 2858 2859 2860 2905 2985 3045 3086 3124 
53 58 59 66 115 139 146 147 168 326 328 330 390 429 476 478 572 574 689 690 788 790 946 950 1286 1396 1398 1778 1954 2965 3029 3091 3127 3173 
48 49 58 66 78 80 81 104 134 138 147 168 179 183 206 244 253 280 295 326 328 422 476 505 555 567 572 647 703 704 705 706 755 790 826 830 950 994 1002 1003 1184 1286 1314 1318 1398 1421 1425 1499 1671 1821 1822 1823 1824 1833 1889 1951 2022 2086 2157 2359 2465 2499 2858 2859 2860 2905 2985 3045 3086 3124 
70 75 76 87 138 140 185 186 194 277 278 297 304 317 436 472 564 565 711 731 832 833 1006 1009 1124 1159 1321 1427 1428 1444 1446 1851 1946 1950 2051 2260 2476 2646 2766 2844 2887 2972 2984 3026 3042 3043 3073 3084 3119 3123 3170 
114 126 224 
119 123 223 
46 119 123 223 
8 
13 
26 
37 
60 115 
3 46 119 223 
44 126 224 
66 76 102 103 104 138 140 185 206 277 278 297 358 436 505 506 564 565 647 648 711 755 756 832 1006 1072 1073 1074 1075 1184 1427 1499 1671 1889 1950 2157 2158 2159 2160 2381 2499 2615 2717 2861 2862 2906 2972 3026 3084 3123 3170 
