66 90 92 94 97 140 187 189 190 213 300 312 313 346 441 451 453 460 623 624 625 627 634 717 718 719 721 726 1014 1015 1152 1154 1155 1160 1191 1431 1434 1436 1513 1641 1844 1846 1847 1896 2062 2099 2105 2252 2290 2292 2370 2371 2419 2448 2479 2481 2597 2604 2607 2705 2707 2758 2759 2778 2881 2882 2883 2893 2894 2958 3010 3011 3012 3018 3110 3175 3176 3195 3230 
53 58 62 115 139 146 148 165 168 572 573 575 576 687 688 689 690 786 790 942 951 1282 1286 1394 1398 1773 1774 1775 1951 1952 2056 2963 2985 3027 3044 3045 3086 3088 3124 3125 3171 
75 97 98 99 102 103 104 105 138 140 186 205 211 212 270 298 302 344 436 453 461 506 564 635 636 648 727 728 756 833 1008 1072 1073 1074 1075 1079 1080 1183 1189 1190 1428 1497 1509 1511 1670 1677 1888 1894 1895 1946 2157 2158 2159 2160 2179 2255 2381 2499 2615 2717 2861 2862 2906 2984 3042 3073 3107 3119 3135 3204 3233 3251 
87 88 90 92 93 94 106 187 188 193 194 300 304 441 450 451 464 473 623 626 627 641 717 720 721 732 1012 1013 1015 1018 1152 1153 1158 1159 1431 1432 1442 1445 1641 1642 1647 1648 1844 1845 1850 1851 2100 2101 2102 2259 2260 2288 2371 2417 2455 2456 2476 2548 2599 2645 2646 2697 2701 2756 2757 2765 2766 2767 2778 2838 2844 2880 2886 2887 3009 
76 77 90 92 93 94 138 140 184 185 187 188 270 278 296 300 437 438 441 450 451 565 566 623 626 627 710 717 720 721 831 832 1004 1005 1006 1012 1013 1015 1152 1153 1319 1320 1426 1427 1431 1432 1641 1642 1843 1844 1845 1949 2100 2101 2102 2288 2371 2417 2599 2701 2757 2778 2880 2971 3009 3025 3083 3122 3169 
47 59 75 76 77 115 133 138 139 146 147 182 184 185 270 278 280 296 326 329 330 390 437 438 439 477 478 552 565 566 567 573 574 689 708 709 710 711 788 829 831 832 946 1000 1004 1005 1006 1284 1317 1319 1320 1396 1424 1426 1427 1838 1839 1840 1843 1947 1949 1954 2059 2969 2971 3023 3025 3029 3079 3083 3092 3120 3122 3167 3169 3173 
47 53 69 73 75 76 77 78 79 81 82 83 133 153 154 181 182 185 278 377 378 379 380 381 382 383 384 385 386 387 388 437 531 532 533 536 537 540 552 553 565 592 593 594 595 596 597 598 599 600 612 707 710 711 828 829 832 902 903 904 905 906 907 908 909 910 999 1000 1006 1126 1128 1129 1255 1256 1316 1317 1320 1364 1366 1367 1385 1386 1423 1424 1427 1581 1582 1583 1639 1640 1833 1834 1835 1836 1837 1937 1944 2009 2010 2023 2049 2050 2244 2250 2251 2343 2393 2394 2542 2543 2687 2789 2864 2913 2973 3017 3022 3096 3104 3166 3194 
47 53 66 69 73 75 76 77 78 79 81 82 83 133 138 153 154 181 185 270 278 279 280 377 378 379 380 381 382 383 384 385 386 387 388 437 438 439 531 532 533 536 537 540 553 565 566 567 592 593 594 595 596 597 598 599 600 612 707 708 709 710 711 828 832 902 903 904 905 906 907 908 909 910 999 1006 1126 1128 1129 1255 1256 1316 1320 1364 1366 1367 1385 1386 1423 1427 1581 1582 1583 1639 1640 1833 1834 1835 1836 1837 1937 1944 2009 2010 2023 2049 2050 2244 2250 2251 2343 2393 2394 2542 2543 2687 2789 2864 2913 2973 3017 3022 3096 3104 3166 3194 
47 48 49 66 75 76 80 134 138 170 178 181 182 185 244 251 253 254 270 278 279 280 420 422 423 437 438 439 552 553 555 556 565 566 567 704 708 709 710 711 815 825 828 829 832 977 992 998 1000 1006 1305 1313 1316 1317 1320 1420 1423 1424 1427 1748 1838 1839 1840 1947 1989 2042 2363 2467 2595 2693 2969 3023 3077 3079 3104 3120 3163 3167 3191 3194 
47 66 75 76 81 134 138 180 182 185 244 251 252 270 278 279 280 292 420 421 437 438 439 552 553 554 565 566 567 706 707 708 709 710 711 827 829 832 996 997 1000 1006 1151 1315 1317 1320 1422 1424 1427 1833 1834 1835 1836 1837 1838 1839 1840 1947 1993 2023 2093 2369 2447 2969 2973 3017 3023 3076 3079 3120 3165 3167 3193 
47 66 75 80 81 134 138 180 181 182 186 244 251 252 270 277 278 279 280 292 420 421 436 437 438 439 552 553 554 564 565 566 567 706 708 709 710 711 827 828 829 833 996 997 998 1000 1008 1151 1315 1316 1317 1321 1422 1423 1424 1428 1748 1838 1839 1840 1947 1993 2093 2369 2447 2969 3023 3076 3077 3079 3120 3165 3167 3193 3194 
47 66 76 80 81 134 138 180 181 182 185 244 251 252 270 277 278 279 280 292 420 421 436 437 438 439 552 553 554 564 565 566 567 706 708 709 710 711 827 828 829 832 996 997 998 1000 1006 1151 1315 1316 1317 1320 1422 1423 1424 1427 1748 1838 1839 1840 1947 1993 2093 2369 2447 2969 3023 3076 3077 3079 3120 3165 3167 3193 3194 
47 59 60 66 75 133 138 139 146 147 182 186 270 277 278 279 280 326 329 330 390 436 437 438 439 477 478 552 564 565 566 567 573 574 689 708 709 710 711 788 829 833 946 1000 1008 1284 1317 1321 1396 1424 1428 1838 1839 1840 1947 1954 2059 2969 3023 3029 3079 3092 3120 3167 3173 
47 59 60 66 76 133 138 139 146 147 182 185 270 277 278 279 280 326 329 330 390 436 437 438 439 477 478 552 564 565 566 567 573 574 689 708 709 710 711 788 829 832 946 1000 1006 1284 1317 1320 1396 1424 1427 1838 1839 1840 1947 1954 2059 2969 3023 3029 3079 3092 3120 3167 3173 
66 90 93 94 140 187 188 300 441 450 451 623 626 627 717 720 721 1012 1015 1152 1153 1431 1432 1641 1642 1844 1845 2100 2101 2102 2288 2371 2417 2599 2701 2757 2778 2880 3009 
66 90 92 93 140 188 189 190 300 312 313 441 450 623 624 625 626 717 718 719 720 1014 1015 1153 1154 1155 1432 1434 1436 1642 1845 1846 1847 2062 2105 2290 2371 2419 2479 2604 2758 2778 2881 2883 2893 2958 3010 3012 
66 98 100 140 210 211 212 302 344 453 461 463 635 636 637 727 728 729 1078 1079 1188 1189 1190 1508 1509 1511 1675 1677 1893 1894 1895 2179 2254 2255 2450 3107 3134 3135 3202 3203 3204 3232 3233 3250 3251 
53 66 69 73 75 76 77 78 79 81 82 83 133 138 153 154 181 185 270 278 279 280 377 378 379 380 381 382 383 384 385 386 387 388 437 438 439 531 532 533 536 537 540 552 553 565 566 567 592 593 594 595 596 597 598 599 600 612 707 708 709 710 711 828 832 902 903 904 905 906 907 908 909 910 999 1006 1126 1128 1129 1255 1256 1316 1320 1364 1366 1367 1385 1386 1423 1427 1581 1582 1583 1639 1640 1833 1834 1835 1836 1837 1937 1944 2009 2010 2023 2049 2050 2244 2250 2251 2343 2393 2394 2542 2543 2687 2789 2864 2913 2973 3017 3022 3096 3104 3166 3194 
47 53 66 75 76 77 133 138 182 184 185 270 278 279 280 437 438 439 552 565 566 567 708 709 711 829 831 832 1000 1005 1006 1317 1319 1320 1424 1426 1427 1838 1839 1840 1947 1949 2054 2969 3023 3025 3079 3082 3083 3120 3122 3167 3169 
77 78 90 92 93 94 138 140 183 187 188 270 280 300 438 439 441 450 451 566 567 623 626 627 709 717 720 721 830 1003 1012 1013 1015 1152 1153 1318 1425 1431 1432 1641 1642 1844 1845 1948 2053 2100 2101 2102 2288 2371 2417 2599 2701 2757 2778 2880 3009 3024 3080 3081 3121 3168 
53 58 62 146 148 165 168 572 573 574 575 576 687 688 689 690 786 790 942 951 1282 1286 1394 1398 1773 1774 1775 1951 1952 2056 2963 2985 3027 3044 3045 3086 3088 3124 3125 3171 
53 62 115 139 146 148 165 390 572 573 574 575 576 687 688 689 690 786 788 942 946 1282 1284 1394 1396 1773 1774 1775 1952 2963 3027 3088 3125 3171 
47 66 75 76 80 81 134 138 180 181 182 185 244 251 252 270 278 279 280 292 420 421 437 438 439 552 553 554 565 566 567 706 708 709 710 711 827 828 829 832 996 997 998 1000 1006 1151 1315 1316 1317 1320 1422 1423 1424 1427 1748 1838 1839 1840 1947 1993 2093 2369 2447 2969 3023 3076 3077 3079 3120 3165 3167 3193 3194 
49 50 53 58 59 60 61 68 71 80 116 133 135 139 146 148 155 156 157 158 159 160 161 165 169 225 228 255 256 260 389 390 392 393 394 395 404 424 426 554 555 556 557 572 573 574 575 576 670 675 676 677 678 679 683 687 688 689 690 694 695 696 697 777 778 779 780 781 783 784 786 788 814 923 931 933 934 937 939 942 946 974 1136 1137 1138 1140 1277 1278 1279 1280 1281 1282 1284 1304 1389 1390 1391 1392 1393 1394 1396 1411 1597 1599 1727 1750 1751 1752 1753 1758 1759 1760 1764 1765 1766 1773 1774 1775 1791 1792 1793 1794 1952 1957 1963 1964 1965 1966 1967 2015 2016 2018 2031 2032 2085 2264 2270 2272 2350 2358 2402 2403 2464 2550 2649 2650 2745 2794 2795 2848 2849 2850 2866 2868 2891 2919 2938 2962 2963 2988 3015 3027 3032 3046 3049 3088 3125 3130 3139 3140 3171 3181 3182 3212 3255 3281 3290 3315 3316 3337 3350 3382 3397 3410 3426 3446 3454 3464 3465 3473 3484 3491 3496 3499 3503 
69 70 87 88 97 98 99 151 193 194 211 212 302 304 344 453 461 464 473 584 635 636 641 727 728 732 835 1018 1079 1080 1124 1158 1159 1189 1190 1442 1445 1509 1511 1604 1647 1648 1677 1850 1851 1853 1894 1895 2024 2095 2179 2255 2259 2260 2455 2456 2476 2645 2646 2765 2766 2767 2844 2886 2887 3107 3135 3204 3233 3251 
69 70 87 88 90 91 151 190 193 194 300 304 313 441 464 473 584 623 624 641 717 718 732 835 1015 1018 1124 1155 1158 1159 1436 1442 1445 1604 1647 1648 1847 1850 1851 1853 2024 2062 2095 2259 2260 2371 2455 2456 2476 2645 2646 2765 2766 2767 2778 2844 2883 2886 2887 2893 2958 3012 
47 59 60 75 76 77 78 133 138 139 146 147 182 183 185 270 278 280 326 329 330 390 437 438 439 477 478 552 565 566 567 573 574 689 708 709 710 711 788 829 830 832 946 1000 1003 1006 1284 1317 1318 1320 1396 1424 1425 1427 1838 1839 1840 1947 1948 1954 2053 2059 2969 3023 3024 3029 3079 3080 3081 3092 3120 3121 3167 3168 3173 
56 58 59 61 62 63 64 65 70 86 106 150 151 347 348 349 350 351 352 353 354 355 356 489 491 494 579 580 581 582 583 584 607 608 609 750 835 870 871 872 873 874 875 876 928 929 1081 1082 1083 1085 1124 1211 1351 1352 1354 1516 1517 1518 1604 1852 1899 1906 2024 2095 2184 2190 2191 2383 2384 2512 2513 2548 2674 2697 2756 2786 2838 2863 2907 3022 3096 
66 90 91 140 190 300 313 441 623 624 717 718 1015 1155 1436 1847 2062 2371 2778 2883 2893 2958 3012 
66 90 92 93 94 140 187 188 300 441 450 451 623 626 627 717 720 721 1012 1013 1015 1152 1153 1431 1432 1641 1642 1844 1845 2100 2101 2102 2288 2371 2417 2599 2701 2757 2778 2880 3009 
66 97 99 140 211 213 302 344 346 453 461 634 635 636 726 727 728 1079 1080 1189 1191 1509 1513 1894 1896 2179 2252 2255 2448 3107 3110 3135 3175 3176 3195 3204 3230 3233 3251 
66 98 99 140 211 212 302 344 453 461 635 636 727 728 1079 1189 1190 1509 1511 1677 1894 1895 2179 2255 3107 3135 3204 3233 3251 
87 88 97 98 99 106 193 194 211 212 302 304 344 453 461 464 473 635 636 641 727 728 732 1018 1079 1080 1158 1159 1189 1190 1442 1445 1509 1511 1647 1648 1677 1850 1851 1894 1895 2179 2255 2259 2260 2455 2456 2476 2548 2645 2646 2697 2756 2765 2766 2767 2838 2844 2886 2887 3107 3135 3204 3233 3251 
47 48 49 53 66 75 76 77 78 80 81 102 103 104 105 133 138 169 170 171 172 173 174 175 176 177 215 270 277 278 279 280 436 437 438 439 505 552 553 554 555 556 564 565 566 567 647 695 696 697 698 699 700 701 702 755 814 815 816 817 818 819 820 821 822 974 977 979 980 983 985 986 988 990 1089 1090 1091 1092 1148 1150 1213 1304 1305 1306 1307 1308 1309 1310 1311 1312 1411 1412 1413 1414 1415 1416 1417 1418 1419 1534 1602 1603 1690 1798 1799 1800 1802 1803 1804 1805 1810 1811 1812 1816 1817 1818 1909 1974 1975 1976 1977 1983 1984 1985 1986 1987 2019 2020 2021 2036 2039 2040 2082 2192 2193 2194 2195 2279 2284 2285 2286 2287 2385 2407 2408 2414 2415 2523 2631 2657 2660 2661 2729 2797 2800 2801 2851 2852 2870 2892 2922 2923 2925 2951 2991 2994 3034 3053 3055 3112 3142 3146 3215 3218 3241 3258 3262 3294 3296 3318 3322 3347 3348 3352 3365 3370 3385 3386 3399 3401 3402 3403 3404 3412 3420 3430 3448 3456 3466 3467 3474 3485 3489 3495 3498 3502 
47 53 75 76 77 78 133 182 183 184 185 278 295 296 437 552 565 708 709 710 711 829 830 831 832 1000 1002 1003 1004 1005 1006 1317 1318 1319 1320 1424 1425 1426 1427 1838 1839 1840 1841 1842 1843 1947 1948 1949 2969 2970 2971 3023 3024 3025 3079 3081 3083 3120 3121 3122 3167 3168 3169 
47 53 66 75 76 133 138 182 186 270 277 279 280 436 438 439 552 564 566 567 708 709 710 711 829 833 1000 1008 1317 1321 1424 1428 1838 1839 1840 1947 2969 3023 3079 3120 3167 
47 53 66 75 76 78 133 138 182 183 185 270 278 279 295 437 438 552 565 566 708 709 710 711 829 830 832 1000 1002 1003 1006 1317 1318 1320 1424 1425 1427 1838 1839 1840 1841 1842 1947 1948 2969 2970 3023 3024 3079 3081 3120 3121 3167 3168 
76 77 90 91 138 140 184 185 190 270 278 296 300 313 437 438 441 565 566 623 624 710 717 718 831 832 1004 1005 1006 1015 1155 1319 1320 1426 1427 1436 1843 1847 1949 2062 2371 2778 2883 2893 2958 2971 3012 3025 3083 3122 3169 
77 78 97 98 99 138 140 183 211 212 270 280 302 344 438 439 453 461 566 567 635 636 709 727 728 830 1003 1079 1080 1189 1190 1318 1425 1509 1511 1677 1894 1895 1948 2053 2179 2255 3024 3080 3081 3107 3121 3135 3168 3204 3233 3251 
77 78 90 91 138 140 183 190 270 280 300 313 438 439 441 566 567 623 624 709 717 718 830 1003 1015 1155 1318 1425 1436 1847 1948 2053 2062 2371 2778 2883 2893 2958 3012 3024 3080 3081 3121 3168 
52 65 69 80 127 131 150 347 352 385 489 537 544 548 581 597 851 852 864 865 1336 1337 1344 1345 1472 1494 1865 1883 2145 2156 2589 2691 2831 2832 2877 2878 
91 92 93 94 187 451 627 721 1012 1013 1014 1152 1431 1641 1844 2062 2100 2101 2102 2103 2104 2288 2289 2417 2418 2478 2599 2601 2602 2701 2702 2757 2776 2839 2880 2883 2893 2955 2958 3009 3012 
47 59 60 66 75 76 133 138 139 146 147 182 185 270 278 279 280 326 329 330 390 437 438 439 477 478 552 565 566 567 573 574 689 708 709 710 711 788 829 832 946 1000 1006 1284 1317 1320 1396 1424 1427 1838 1839 1840 1947 1954 2059 2969 3023 3029 3079 3092 3120 3167 3173 
60 62 66 139 147 149 165 326 327 328 330 331 332 390 476 478 479 480 572 574 575 576 687 688 690 786 788 942 946 1282 1284 1394 1396 1773 1774 1775 1952 2963 3027 3088 3125 3171 
76 273 381 432 533 561 593 849 850 1334 1335 1471 1869 2145 2588 2589 2691 2831 2832 2877 2878 
47 53 66 75 133 138 182 186 270 277 278 279 280 436 437 438 439 552 564 565 566 567 708 709 710 711 829 833 1000 1008 1317 1321 1424 1428 1838 1839 1840 1947 2969 3023 3079 3120 3167 
77 78 91 92 93 94 138 140 183 187 190 270 280 300 313 438 439 441 451 566 567 624 627 709 718 721 830 1003 1012 1013 1014 1152 1155 1318 1425 1431 1436 1641 1844 1847 1948 2053 2062 2103 2104 2289 2418 2478 2601 2602 2702 2776 2839 2883 2955 2958 3009 3012 3024 3080 3081 3121 3168 
47 53 75 76 77 133 182 184 185 278 280 296 437 439 552 565 567 708 709 710 711 829 831 832 1000 1004 1005 1006 1317 1319 1320 1424 1426 1427 1838 1839 1840 1843 1947 1949 2969 2971 3023 3025 3079 3083 3120 3122 3167 3169 
47 53 76 78 133 182 183 185 278 280 437 439 552 565 567 708 710 829 830 832 1000 1003 1006 1317 1318 1320 1424 1425 1427 1838 1839 1840 1947 1948 2053 2969 3023 3024 3079 3080 3081 3120 3121 3167 3168 
47 53 75 78 102 103 104 105 133 182 183 206 278 280 437 439 505 552 565 567 647 708 710 711 755 829 830 1000 1003 1072 1073 1074 1075 1184 1317 1318 1424 1425 1499 1671 1838 1839 1840 1889 1947 1948 2053 2157 2158 2159 2160 2381 2499 2615 2717 2861 2862 2906 2969 3023 3024 3079 3080 3081 3120 3121 3167 3168 
52 65 69 104 127 150 347 352 362 489 500 517 544 581 589 657 764 856 864 865 1171 1344 1345 1477 1494 1658 1875 1883 2147 2156 2497 2589 2691 2831 2832 2877 2878 
69 73 75 76 77 78 79 80 81 82 83 153 154 377 378 379 380 381 382 383 384 385 386 387 388 531 532 533 536 537 540 592 593 594 595 596 597 598 599 600 612 902 903 904 905 906 907 908 909 910 1126 1128 1129 1255 1256 1364 1366 1367 1385 1386 1581 1582 1583 1639 1640 1937 1944 2009 2010 2049 2050 2244 2250 2251 2343 2393 2394 2542 2543 2687 2789 2864 2913 3022 3096 
52 80 104 131 362 385 500 517 537 548 549 550 551 589 597 657 734 735 736 737 764 851 852 856 1171 1336 1337 1472 1477 1658 1865 1866 1867 1868 1875 2026 2145 2146 2147 2376 2497 2589 2691 2831 2832 2877 2878 
47 53 75 76 78 133 182 183 185 278 280 437 439 552 565 567 708 710 711 829 830 832 1000 1003 1006 1317 1318 1320 1424 1425 1427 1838 1839 1840 1947 1948 2053 2969 3023 3024 3079 3080 3081 3120 3121 3167 3168 
52 65 69 80 104 127 131 150 347 352 362 385 489 500 517 537 544 548 581 589 597 657 764 851 852 856 864 865 1171 1336 1337 1344 1345 1472 1477 1494 1658 1865 1875 1883 2145 2147 2156 2497 2589 2691 2831 2832 2877 2878 
65 67 69 76 128 150 235 238 273 347 352 381 409 432 489 533 544 561 581 593 849 850 864 865 1334 1335 1344 1345 1471 1494 1869 1883 2145 2156 2589 2691 2831 2832 2877 2878 
52 76 80 131 273 381 385 432 533 537 548 549 550 551 561 593 597 734 735 736 737 849 850 851 852 1334 1335 1336 1337 1471 1472 1865 1866 1867 1868 1869 2026 2145 2146 2376 2589 2691 2831 2832 2877 2878 
52 65 69 76 127 150 273 347 352 381 432 489 533 544 561 581 593 849 850 864 865 1334 1335 1344 1345 1471 1494 1869 1883 2145 2156 2589 2691 2831 2832 2877 2878 
10 113 3129 3177 
46 119 123 223 
1 
15 
17 
18 
23 
31 
42 
57 
2 107 
66 97 98 99 140 211 212 302 344 453 461 635 636 727 728 1079 1080 1189 1190 1509 1511 1677 1894 1895 2179 2255 3107 3135 3204 3233 3251 
3 123 
66 90 91 92 93 140 188 189 190 300 312 313 441 450 623 624 625 626 717 718 719 720 1015 1153 1154 1155 1432 1434 1436 1642 1845 1846 1847 2106 2290 2371 2419 2479 2604 2758 2778 2881 3010 
66 90 91 92 93 94 140 187 188 300 441 450 451 623 626 627 717 720 721 1012 1013 1014 1015 1152 1153 1431 1432 1641 1642 1844 1845 2100 2101 2102 2288 2371 2417 2599 2701 2757 2778 2880 3009 
52 55 65 69 72 76 104 117 118 127 129 145 150 227 273 336 347 352 362 381 432 489 500 517 533 542 543 544 545 546 561 581 589 593 657 743 744 745 746 747 749 764 849 850 856 864 865 920 1171 1334 1335 1344 1345 1471 1477 1494 1658 1869 1875 1883 1884 1885 1886 1887 2028 2145 2147 2156 2380 2497 2498 2589 2691 2831 2832 2878 
56 58 59 61 62 63 64 65 69 150 151 347 348 349 350 351 352 353 354 355 356 489 491 579 580 581 582 583 607 608 609 750 870 871 872 873 874 875 876 928 929 1081 1082 1083 1085 1211 1351 1352 1354 1516 1517 1518 1899 1906 2184 2190 2191 2383 2384 2512 2513 2674 2786 2863 2907 3022 3096 
53 60 62 139 146 148 165 390 572 573 574 575 576 687 688 689 690 786 788 942 946 1282 1284 1394 1396 1773 1774 1775 1952 2963 3027 3088 3125 3171 
41 112 3129 3177 
66 90 91 92 93 97 98 99 100 101 102 103 104 105 140 196 214 215 216 217 218 219 220 221 222 300 302 358 366 367 369 371 372 441 450 451 453 461 463 496 505 506 623 626 627 634 635 636 637 644 645 646 647 648 717 720 721 726 727 728 729 752 753 754 755 756 1020 1021 1022 1023 1024 1090 1091 1092 1093 1094 1095 1096 1097 1162 1212 1213 1214 1215 1216 1217 1218 1219 1220 1450 1532 1534 1536 1538 1541 1542 1544 1546 1548 1620 1622 1650 1689 1690 1693 1695 1856 1908 1909 1910 1911 1912 1913 1914 1915 1916 2005 2006 2119 2120 2121 2122 2199 2200 2201 2202 2203 2204 2205 2206 2211 2212 2213 2217 2218 2219 2329 2330 2331 2332 2338 2339 2340 2341 2342 2372 2374 2386 2387 2388 2436 2439 2440 2485 2518 2576 2582 2583 2609 2610 2630 2677 2678 2684 2685 2710 2779 2787 2819 2822 2823 2897 2912 2932 2935 2936 2939 2954 2981 3005 3006 3008 3039 3062 3065 3115 3156 3159 3189 3225 3228 3229 3244 3272 3273 3275 3288 3303 3307 3312 3333 3335 3344 3359 3362 3368 3378 3391 3395 3408 3418 3419 3423 3436 3437 3438 3439 3444 3452 3461 3471 3479 3482 3483 3488 3494 3500 3504 3507 3509 
