69 86 88 90 106 125 151 191 193 348 447 472 474 494 584 623 640 642 717 731 733 835 1016 1017 1018 1156 1158 1439 1443 1446 1604 1645 1647 1848 1850 1853 2024 2095 2112 2113 2114 2117 2257 2258 2259 2260 2454 2456 2473 2475 2548 2643 2644 2645 2646 2696 2760 2762 2763 2764 2766 2767 2838 2841 2842 2843 2844 2884 2885 2886 2887 
67 78 137 275 383 434 535 563 595 845 846 1071 1330 1331 1350 1388 1469 1869 2145 2156 2379 2380 2498 2589 2716 2856 2857 2878 2904 2943 2978 3040 3041 3067 3116 
53 59 87 89 90 115 139 140 146 147 191 192 194 304 315 326 390 429 447 472 473 477 478 573 574 623 640 641 689 717 731 732 788 946 1016 1017 1018 1156 1157 1159 1396 1439 1440 1441 1444 1645 1646 1648 1848 1849 1851 1954 2059 2112 2113 2114 2115 2116 2257 2258 2454 2473 2474 2643 2644 2760 2762 2763 2841 2842 2884 2885 3029 3091 3092 3127 3173 
53 59 87 89 90 115 139 140 146 147 191 192 194 304 315 326 390 429 447 472 473 474 477 478 573 574 623 640 641 689 717 731 732 733 788 946 1016 1017 1018 1156 1157 1159 1396 1439 1440 1441 1444 1645 1646 1648 1848 1849 1851 1954 2059 2112 2113 2114 2115 2116 2257 2258 2454 2473 2474 2643 2644 2760 2762 2763 2841 2842 2884 2885 3029 3091 3092 3127 3173 
53 59 87 89 90 115 139 140 146 147 191 192 194 304 315 326 390 429 447 472 473 477 478 573 574 623 640 641 642 689 717 731 732 733 788 946 1016 1017 1018 1156 1157 1159 1396 1439 1440 1441 1444 1645 1646 1648 1848 1849 1851 1954 2059 2112 2113 2114 2115 2116 2257 2258 2454 2473 2474 2643 2644 2760 2762 2763 2841 2842 2884 2885 3029 3091 3092 3127 3173 
87 89 90 102 103 191 192 194 207 208 304 315 340 341 358 447 472 473 503 504 623 640 641 717 731 732 753 754 1016 1017 1018 1156 1157 1159 1185 1186 1192 1439 1440 1441 1444 1501 1503 1515 1645 1646 1648 1848 1849 1851 1890 1891 2112 2113 2114 2115 2116 2257 2258 2319 2454 2473 2474 2504 2643 2644 2722 2755 2760 2762 2763 2841 2842 2884 2885 3198 3247 3248 3278 3279 
87 89 90 102 103 191 192 194 207 208 304 315 340 341 358 447 472 473 474 503 504 623 640 641 717 731 732 733 753 754 1016 1017 1018 1156 1157 1159 1185 1186 1192 1439 1440 1441 1444 1501 1503 1515 1645 1646 1648 1848 1849 1851 1890 1891 2112 2113 2114 2115 2116 2257 2258 2319 2454 2473 2474 2504 2643 2644 2722 2755 2760 2762 2763 2841 2842 2884 2885 3198 3247 3248 3278 3279 
87 89 90 102 103 191 192 194 207 208 304 315 340 341 358 447 472 473 503 504 623 640 641 642 717 731 732 733 753 754 1016 1017 1018 1156 1157 1159 1185 1186 1192 1439 1440 1441 1444 1501 1503 1515 1645 1646 1648 1848 1849 1851 1890 1891 2112 2113 2114 2115 2116 2257 2258 2319 2454 2473 2474 2504 2643 2644 2722 2755 2760 2762 2763 2841 2842 2884 2885 3198 3247 3248 3278 3279 
53 59 87 88 89 90 91 92 115 139 140 146 147 189 191 192 193 194 300 312 326 390 429 441 447 472 477 478 573 574 623 625 640 689 717 719 731 788 946 1016 1017 1018 1154 1156 1157 1158 1159 1160 1396 1434 1439 1441 1443 1444 1447 1645 1646 1647 1648 1846 1848 1849 1850 1851 1954 2059 2108 2117 2258 2259 2292 2371 2454 2475 2481 2644 2645 2705 2759 2762 2763 2764 2778 2842 2843 2882 2885 2886 2893 2957 3011 3029 3091 3092 3127 3173 
87 88 89 90 91 92 102 103 189 191 192 193 194 207 208 300 312 340 341 358 441 447 472 503 504 623 625 640 717 719 731 753 754 1016 1017 1018 1154 1156 1157 1158 1159 1160 1185 1186 1192 1434 1439 1441 1443 1444 1447 1501 1503 1515 1645 1646 1647 1648 1846 1848 1849 1850 1851 1890 1891 2108 2117 2258 2259 2292 2319 2371 2454 2475 2481 2504 2644 2645 2705 2722 2755 2759 2762 2763 2764 2778 2842 2843 2882 2885 2886 2893 2957 3011 3198 3247 3248 3278 3279 
53 60 61 87 89 90 139 140 146 147 166 191 192 194 266 304 315 326 447 472 473 478 479 574 575 623 640 641 688 717 731 732 787 944 1016 1017 1018 1156 1157 1159 1395 1439 1440 1441 1444 1645 1646 1648 1848 1849 1851 1953 2058 2112 2113 2114 2115 2116 2257 2258 2454 2473 2474 2643 2644 2760 2762 2763 2841 2842 2884 2885 3028 3089 3090 3126 3172 
53 60 61 87 89 90 139 140 146 147 166 191 192 194 266 304 315 326 447 472 473 474 478 479 574 575 623 640 641 688 717 731 732 733 787 944 1016 1017 1018 1156 1157 1159 1395 1439 1440 1441 1444 1645 1646 1648 1848 1849 1851 1953 2058 2112 2113 2114 2115 2116 2257 2258 2454 2473 2474 2643 2644 2760 2762 2763 2841 2842 2884 2885 3028 3089 3090 3126 3172 
53 60 61 87 89 90 139 140 146 147 166 191 192 194 266 304 315 326 447 472 473 478 479 574 575 623 640 641 642 688 717 731 732 733 787 944 1016 1017 1018 1156 1157 1159 1395 1439 1440 1441 1444 1645 1646 1648 1848 1849 1851 1953 2058 2112 2113 2114 2115 2116 2257 2258 2454 2473 2474 2643 2644 2760 2762 2763 2841 2842 2884 2885 3028 3089 3090 3126 3172 
87 89 90 91 92 189 191 192 193 194 300 304 312 316 441 447 472 473 474 623 625 640 642 717 719 731 732 733 1017 1018 1154 1156 1157 1158 1159 1160 1434 1439 1441 1442 1444 1447 1645 1646 1648 1846 1848 1849 1850 1851 2108 2112 2113 2114 2117 2257 2258 2259 2292 2371 2454 2473 2475 2481 2643 2644 2645 2705 2759 2760 2762 2763 2764 2778 2841 2842 2843 2882 2884 2885 2886 2893 2957 3011 
87 89 90 91 92 189 191 192 193 194 300 304 312 316 441 472 473 474 625 640 642 719 731 732 733 1015 1016 1017 1018 1154 1156 1157 1158 1159 1160 1434 1439 1441 1442 1444 1447 1645 1646 1648 1846 1848 1849 1850 1851 2112 2113 2114 2117 2257 2258 2259 2292 2371 2454 2473 2475 2481 2643 2644 2645 2705 2759 2760 2762 2763 2764 2778 2841 2842 2843 2882 2884 2885 2886 2893 2957 3011 
87 89 91 190 192 194 313 441 447 448 472 474 623 624 640 642 717 718 731 733 1015 1016 1018 1155 1157 1159 1436 1437 1441 1444 1644 1646 1648 1847 1849 1851 2108 2109 2110 2111 2258 2371 2454 2644 2706 2762 2763 2778 2842 2883 2885 2958 3012 
59 61 115 139 158 330 389 477 478 573 574 575 678 778 779 932 934 940 941 1276 1278 1279 1390 1391 1749 1752 2015 2349 2350 2446 2879 2959 3013 3071 3072 3118 3162 
53 59 69 86 87 88 106 115 125 139 140 146 147 151 193 304 326 348 390 429 473 477 478 494 573 574 584 641 689 732 788 835 946 1018 1158 1396 1443 1446 1604 1647 1850 1853 1954 2024 2059 2095 2117 2259 2260 2456 2475 2548 2645 2646 2696 2764 2766 2767 2838 2843 2844 2886 2887 3029 3091 3092 3127 3173 
69 86 87 88 102 103 106 125 151 193 207 208 304 340 341 348 358 473 494 503 504 584 641 732 753 754 835 1018 1158 1185 1186 1192 1443 1446 1501 1503 1515 1604 1647 1850 1853 1890 1891 2024 2095 2117 2259 2260 2319 2456 2475 2504 2548 2645 2646 2696 2722 2755 2764 2766 2767 2838 2843 2844 2886 2887 3198 3247 3248 3278 3279 
53 59 87 89 90 91 92 115 139 140 146 147 189 191 192 194 300 312 326 390 429 441 447 472 474 477 478 573 574 623 625 640 642 689 717 719 731 733 788 946 1016 1018 1154 1156 1157 1159 1160 1396 1434 1439 1441 1444 1447 1645 1646 1648 1846 1848 1849 1851 1954 2059 2109 2112 2113 2114 2257 2292 2371 2473 2481 2643 2705 2759 2760 2778 2841 2882 2884 2893 2957 3011 3029 3091 3092 3127 3173 
53 59 69 86 88 106 115 125 139 140 146 147 151 193 304 326 348 390 429 472 473 477 478 494 573 574 584 640 641 689 731 732 788 835 946 1018 1158 1396 1443 1446 1604 1647 1850 1853 1954 2024 2059 2095 2117 2259 2260 2456 2475 2548 2645 2646 2696 2764 2766 2767 2838 2843 2844 2886 2887 3029 3091 3092 3127 3173 
69 86 88 102 103 106 125 151 193 207 208 304 340 341 348 358 472 473 494 503 504 584 640 641 731 732 753 754 835 1018 1158 1185 1186 1192 1443 1446 1501 1503 1515 1604 1647 1850 1853 1890 1891 2024 2095 2117 2259 2260 2319 2456 2475 2504 2548 2645 2646 2696 2722 2755 2764 2766 2767 2838 2843 2844 2886 2887 3198 3247 3248 3278 3279 
53 59 87 88 99 100 115 139 140 146 147 193 194 210 302 304 316 326 390 429 453 463 472 473 477 478 573 574 636 637 640 641 689 728 729 731 732 788 946 1078 1158 1159 1188 1396 1442 1443 1444 1507 1647 1648 1675 1850 1851 1893 1954 2059 2117 2254 2259 2450 2455 2475 2645 2764 2765 2843 2886 3029 3091 3092 3127 3134 3173 3203 3250 
97 98 101 102 103 104 206 207 209 339 502 504 505 644 646 752 754 755 1074 1075 1076 1079 1080 1184 1185 1187 1499 1501 1505 1610 1672 1674 1889 1890 1892 2168 2169 2170 2171 2172 2173 2318 2320 2382 2430 2503 2506 2622 2623 2625 2695 2721 2784 2837 3109 3132 3198 3210 3246 3247 3277 3278 
87 88 99 100 102 103 193 194 207 208 210 302 304 316 340 341 358 453 463 472 473 503 504 636 637 640 641 728 729 731 732 753 754 1078 1158 1159 1185 1186 1188 1192 1442 1443 1444 1501 1503 1507 1515 1647 1648 1675 1850 1851 1890 1891 1893 2117 2254 2259 2319 2450 2455 2475 2504 2645 2722 2755 2764 2765 2843 2886 3134 3198 3203 3247 3248 3250 3278 3279 
53 59 87 90 115 139 140 146 147 191 194 304 326 390 429 447 472 473 474 477 478 573 574 623 640 641 642 689 717 731 732 733 788 946 1016 1017 1018 1156 1159 1396 1439 1444 1645 1648 1848 1851 1954 2059 2112 2113 2114 2257 2473 2643 2760 2841 2884 3029 3091 3092 3127 3173 
87 88 97 98 101 103 104 105 193 194 205 206 207 208 209 304 338 339 340 341 358 472 473 502 503 504 505 506 640 641 644 731 732 752 753 754 755 756 1018 1075 1076 1079 1080 1158 1159 1183 1184 1185 1186 1187 1443 1444 1497 1499 1501 1503 1505 1647 1648 1674 1850 1851 1888 1889 1890 1891 1892 2117 2165 2169 2170 2171 2172 2173 2259 2316 2382 2428 2475 2618 2645 2719 2764 2783 2836 2843 2886 3109 3132 3196 3210 3245 3248 3276 3279 
47 75 78 80 81 87 88 134 138 140 180 182 183 193 194 244 278 280 292 304 421 437 439 472 473 552 554 565 567 640 641 706 707 708 710 711 731 732 827 829 830 996 1000 1002 1018 1151 1158 1159 1317 1318 1422 1424 1425 1429 1443 1444 1647 1648 1833 1834 1835 1836 1837 1838 1839 1840 1850 1851 1947 1993 2023 2093 2117 2259 2447 2475 2645 2764 2843 2886 2969 2973 3017 3023 3079 3104 3120 3165 3167 3193 
53 60 61 69 86 87 88 106 125 139 140 146 147 151 166 193 266 304 326 348 473 478 479 494 574 575 584 641 688 732 787 835 944 1018 1158 1395 1443 1446 1604 1647 1850 1853 1953 2024 2058 2095 2117 2259 2260 2456 2475 2548 2645 2646 2696 2764 2766 2767 2838 2843 2844 2886 2887 3028 3089 3090 3126 3172 
53 60 61 87 90 139 140 146 147 166 191 194 266 304 326 447 472 473 474 478 479 574 575 623 640 641 642 688 717 731 732 733 787 944 1016 1017 1018 1156 1159 1395 1439 1444 1645 1648 1848 1851 1953 2058 2112 2113 2114 2257 2473 2643 2760 2841 2884 3028 3089 3090 3126 3172 
53 60 61 87 88 89 90 91 92 139 140 146 147 166 189 191 192 193 194 266 300 312 326 441 447 472 474 478 479 574 575 623 625 640 642 688 717 719 731 733 787 944 1017 1018 1154 1156 1157 1158 1159 1160 1395 1434 1439 1441 1443 1444 1447 1645 1646 1647 1648 1846 1848 1849 1850 1851 1953 2058 2109 2117 2259 2292 2371 2475 2481 2645 2705 2759 2764 2778 2843 2882 2886 2893 2957 3011 3028 3089 3090 3126 3172 
47 66 75 78 80 81 134 138 180 182 183 244 278 280 292 421 437 439 552 554 565 567 706 707 708 710 711 827 829 830 996 1000 1002 1151 1317 1318 1422 1424 1425 1429 1833 1834 1835 1836 1837 1838 1839 1840 1947 1993 2023 2093 2447 2969 2973 3017 3023 3079 3104 3120 3165 3167 3193 
66 97 98 99 100 102 103 104 140 206 211 302 339 344 358 462 502 505 644 728 752 755 1074 1075 1076 1077 1078 1079 1080 1184 1189 1499 1509 1510 1676 1889 1894 2168 2169 2170 2171 2172 2173 2174 2253 2254 2318 2382 2430 2449 2450 2503 2622 2623 2721 2784 2837 3109 3132 3133 3134 3200 3201 3203 3210 3231 3246 3249 3250 3277 
66 102 103 104 140 206 207 339 340 358 503 504 505 753 754 755 1074 1075 1184 1185 1192 1499 1501 1515 1889 1890 2168 2318 2319 2430 2503 2504 2622 2623 2721 2722 2755 2784 2837 3198 3246 3247 3277 3278 
53 60 61 87 88 89 90 91 92 139 140 146 147 166 189 191 192 193 194 266 300 312 326 441 447 472 478 479 574 575 623 625 640 688 717 719 731 787 944 1016 1017 1018 1154 1156 1157 1158 1159 1160 1395 1434 1439 1441 1443 1444 1447 1645 1646 1647 1648 1846 1848 1849 1850 1851 1953 2058 2108 2117 2258 2259 2292 2371 2454 2475 2481 2644 2645 2705 2759 2762 2763 2764 2778 2842 2843 2882 2885 2886 2893 2957 3011 3028 3089 3090 3126 3172 
53 60 61 69 86 88 106 125 139 140 146 147 151 166 193 266 304 326 348 472 473 478 479 494 574 575 584 640 641 688 731 732 787 835 944 1018 1158 1395 1443 1446 1604 1647 1850 1853 1953 2024 2058 2095 2117 2259 2260 2456 2475 2548 2645 2646 2696 2764 2766 2767 2838 2843 2844 2886 2887 3028 3089 3090 3126 3172 
53 60 61 66 139 146 147 166 266 326 478 479 574 575 688 787 944 1395 1953 2058 3028 3089 3090 3126 3172 
53 58 87 88 140 146 147 193 194 304 326 472 473 476 572 640 641 679 731 732 940 941 1018 1158 1159 1276 1443 1444 1647 1648 1749 1753 1850 1851 2015 2117 2259 2349 2350 2446 2475 2645 2764 2843 2879 2886 2959 3013 3071 3072 3118 3162 
53 60 61 87 88 99 100 139 140 146 147 166 193 194 210 266 302 304 316 326 453 463 472 473 478 479 574 575 636 637 640 641 688 728 729 731 732 787 944 1078 1158 1159 1188 1395 1442 1443 1444 1507 1647 1648 1675 1850 1851 1893 1953 2058 2117 2254 2259 2450 2455 2475 2645 2764 2765 2843 2886 3028 3089 3090 3126 3134 3172 3203 3250 
69 86 89 90 106 125 151 191 192 348 447 472 474 494 584 623 640 642 717 731 733 835 1016 1018 1156 1157 1439 1441 1446 1604 1645 1646 1848 1849 1853 2024 2095 2112 2113 2114 2257 2258 2260 2454 2456 2473 2548 2643 2644 2646 2696 2760 2762 2763 2766 2767 2838 2841 2842 2844 2884 2885 2887 
58 59 60 61 62 139 157 165 168 265 677 678 679 687 688 689 690 777 786 790 930 940 941 942 951 1276 1277 1286 1389 1394 1398 1749 1751 1752 1753 1773 1774 1775 1951 1952 2015 2056 2349 2350 2446 2879 2959 2963 2985 3013 3027 3044 3045 3071 3072 3086 3087 3118 3124 3125 3162 3171 
87 89 90 191 192 194 447 472 474 623 640 642 717 731 733 1016 1156 1157 1159 1439 1441 1444 1645 1646 1648 1848 1849 1851 2112 2113 2114 2115 2257 2258 2454 2473 2643 2644 2760 2762 2763 2841 2842 2884 2885 
97 98 101 102 208 209 341 496 502 503 644 645 752 753 1076 1079 1080 1186 1187 1503 1505 1674 1891 1892 2169 2170 2171 2172 2173 2382 3109 3132 3210 3248 3279 
49 53 133 244 254 423 556 694 940 941 1276 2018 2066 2349 2350 2446 2464 2692 2879 2959 3013 3071 3072 3118 3162 
49 61 87 88 133 134 140 146 158 193 194 244 304 423 472 473 556 575 640 641 694 731 732 778 932 940 941 1018 1158 1159 1276 1278 1390 1443 1444 1647 1648 1749 1850 1851 2018 2066 2117 2259 2349 2350 2446 2464 2475 2645 2692 2764 2843 2879 2886 2959 3013 3071 3072 3118 3162 
53 80 81 87 88 133 134 140 180 181 193 194 244 292 293 304 420 421 472 473 553 554 640 641 706 731 732 827 828 996 998 1018 1151 1158 1159 1422 1423 1429 1443 1444 1647 1648 1748 1850 1851 1993 2093 2117 2259 2447 2475 2645 2764 2843 2886 3077 3165 3166 3193 3194 
87 88 102 103 193 194 207 208 304 340 341 358 472 473 503 504 640 641 731 732 753 754 1018 1158 1159 1185 1186 1192 1443 1444 1501 1503 1515 1647 1648 1850 1851 1890 1891 2117 2259 2319 2475 2504 2645 2722 2755 2764 2843 2886 3198 3247 3248 3278 3279 
87 88 97 98 101 102 103 104 193 194 206 209 304 339 358 472 473 502 505 640 641 644 731 732 752 755 1018 1074 1075 1076 1079 1080 1158 1159 1184 1187 1443 1444 1499 1505 1647 1648 1674 1850 1851 1889 1892 2117 2168 2169 2170 2171 2172 2173 2259 2318 2382 2430 2475 2503 2622 2623 2645 2721 2764 2784 2837 2843 2886 3109 3132 3210 3246 3277 
54 55 117 145 204 391 485 578 643 748 1071 1350 1388 2498 2878 3041 3067 3116 
52 54 67 69 78 127 128 137 150 227 235 275 336 347 383 410 434 490 535 545 563 582 595 749 845 846 862 863 920 1063 1064 1330 1331 1342 1343 1469 1493 1869 1883 2145 2156 2498 2588 2690 2829 2830 2877 2878 
48 49 62 87 88 133 134 140 148 157 169 193 194 244 304 422 472 473 555 576 640 641 694 695 731 732 777 814 930 940 941 975 1018 1158 1159 1276 1277 1304 1389 1411 1443 1444 1647 1648 1749 1792 1850 1851 2018 2066 2117 2259 2349 2350 2446 2464 2475 2645 2692 2764 2843 2879 2886 2959 3013 3071 3072 3118 3162 
87 88 97 98 101 102 193 194 208 209 212 302 304 341 358 453 461 472 473 502 503 635 640 641 644 727 731 732 752 753 1018 1076 1079 1080 1158 1159 1186 1187 1190 1443 1444 1503 1505 1511 1647 1648 1674 1677 1850 1851 1891 1892 1895 2117 2169 2170 2171 2172 2173 2259 2382 2475 2645 2764 2843 2886 3109 3132 3210 3248 3279 
88 89 97 98 101 102 192 208 209 304 341 358 473 474 496 502 642 644 645 732 733 752 753 1017 1076 1079 1080 1157 1186 1187 1441 1503 1505 1646 1674 1849 1891 1892 2169 2170 2171 2172 2173 2258 2382 2454 2644 2762 2763 2842 2885 3109 3132 3210 3248 3279 
69 86 87 89 90 106 125 151 191 192 348 447 474 494 584 623 642 717 733 835 1016 1018 1156 1157 1439 1441 1446 1604 1645 1646 1848 1849 1853 2024 2095 2112 2113 2114 2257 2258 2260 2454 2456 2473 2548 2643 2644 2646 2696 2760 2762 2763 2766 2767 2838 2841 2842 2844 2884 2885 2887 
69 86 88 89 106 125 151 192 193 348 472 474 494 584 640 642 731 733 835 1017 1018 1157 1158 1441 1443 1446 1604 1646 1647 1849 1850 1853 2024 2095 2117 2258 2259 2260 2454 2455 2456 2475 2548 2644 2645 2646 2696 2762 2763 2764 2766 2767 2838 2842 2843 2844 2885 2886 2887 
53 59 87 88 115 139 140 146 147 193 194 304 326 390 429 472 473 477 478 573 574 640 641 689 731 732 788 946 1018 1158 1159 1396 1443 1444 1647 1648 1850 1851 1954 2059 2117 2259 2475 2645 2764 2843 2886 3029 3091 3092 3127 3173 
53 60 61 87 88 139 140 146 147 166 193 194 266 304 326 472 473 478 479 574 575 640 641 688 731 732 787 944 1018 1158 1159 1395 1443 1444 1647 1648 1850 1851 1953 2058 2117 2259 2475 2645 2764 2843 2886 3028 3089 3090 3126 3172 
50 53 60 61 62 68 87 88 116 139 140 146 147 148 149 164 165 166 193 194 230 264 265 266 304 326 327 399 472 473 478 479 480 558 574 575 576 640 641 685 688 731 732 786 787 942 944 1018 1158 1159 1394 1395 1443 1444 1647 1648 1770 1850 1851 2017 2117 2259 2475 2645 2764 2843 2886 3016 3101 3103 3179 3209 3239 
52 67 69 78 101 127 128 137 150 235 275 347 359 383 410 434 490 497 514 535 545 563 582 586 595 654 761 845 846 858 862 863 1063 1064 1173 1330 1331 1342 1343 1469 1481 1493 1660 1869 1877 1883 2145 2151 2156 2497 2588 2690 2829 2830 2877 2878 
97 98 100 101 102 208 209 341 496 502 503 644 645 752 753 1076 1077 1079 1080 1186 1187 1503 1505 1674 1891 1892 2169 2170 2171 2172 2173 2382 3109 3132 3210 3248 3279 
66 97 98 100 101 102 103 104 140 206 209 339 358 502 505 644 752 755 1074 1075 1076 1077 1079 1080 1184 1187 1499 1505 1674 1889 1892 2168 2169 2170 2171 2172 2173 2318 2382 2430 2503 2622 2623 2721 2784 2837 3109 3132 3210 3246 3277 
66 103 140 207 208 340 341 358 503 504 753 754 1075 1185 1186 1192 1501 1503 1515 1610 1890 1891 1897 2319 2320 2504 2506 2507 2625 2695 2722 2755 3198 3247 3248 3278 3279 
66 102 103 140 207 208 340 341 358 503 504 753 754 1185 1186 1192 1501 1503 1515 1890 1891 2319 2504 2722 2755 3198 3247 3248 3278 3279 
88 89 99 100 192 210 302 304 453 463 473 474 636 637 642 728 729 732 733 1017 1078 1157 1188 1441 1507 1646 1675 1849 1893 2254 2258 2450 2454 2644 2762 2763 2842 2885 3134 3203 3250 
66 78 138 173 280 439 567 818 940 941 982 1276 1308 1415 1801 2066 2085 2349 2350 2446 2692 2848 2849 2850 2879 2891 2959 3013 3071 3072 3118 3162 
66 88 89 140 192 304 473 474 642 732 733 1017 1157 1441 1646 1849 2258 2454 2644 2762 2763 2842 2885 
87 88 97 98 100 101 102 193 194 208 209 304 341 358 472 473 502 503 640 641 644 731 732 752 753 1018 1076 1077 1079 1080 1158 1159 1186 1187 1443 1444 1503 1505 1647 1648 1674 1850 1851 1891 1892 2117 2169 2170 2171 2172 2173 2259 2382 2475 2645 2764 2843 2886 3109 3132 3210 3248 3279 
87 88 90 191 193 194 447 472 474 623 640 642 717 731 733 1016 1017 1018 1156 1158 1159 1439 1443 1444 1645 1647 1648 1848 1850 1851 2112 2113 2114 2117 2257 2258 2259 2454 2473 2475 2643 2644 2645 2760 2762 2763 2764 2841 2842 2843 2884 2885 2886 
54 55 117 145 204 227 336 391 485 578 643 748 749 920 2156 2380 2498 2588 2690 2829 2830 2877 
52 62 67 69 127 128 129 130 150 235 236 347 354 410 411 490 491 545 546 582 583 744 860 861 1061 1071 1340 1350 1388 1492 1884 2028 2380 2498 2878 3041 3067 3116 
66 78 101 138 173 217 280 439 502 567 644 752 818 940 941 982 1215 1276 1308 1415 1538 1692 1801 1911 2066 2085 2202 2349 2350 2446 2523 2692 2848 2849 2850 2879 2891 2959 3013 3071 3072 3118 3162 
47 53 66 75 78 80 81 133 134 138 180 183 244 278 280 292 421 437 439 554 565 567 706 707 708 710 711 827 830 996 1002 1151 1318 1422 1425 1429 1833 1834 1835 1836 1837 1993 2023 2093 2447 2973 3017 3104 3165 3193 
53 59 146 326 329 477 573 678 940 941 1276 1749 1752 2015 2349 2350 2446 2879 2959 3013 3071 3072 3118 3162 
87 89 90 191 192 194 447 472 474 623 640 642 717 731 733 1016 1018 1156 1157 1159 1439 1441 1444 1645 1646 1648 1848 1849 1851 2112 2113 2114 2257 2258 2454 2473 2643 2644 2760 2762 2763 2841 2842 2884 2885 
53 58 59 60 61 66 139 146 147 158 159 161 258 259 261 326 476 477 478 479 572 573 574 575 677 678 778 780 781 785 932 936 937 938 939 940 941 1139 1276 1280 1281 1390 1392 1393 1749 1754 1958 1959 2016 2029 2030 2265 2266 2349 2350 2398 2399 2446 2647 2648 2792 2793 2867 2879 2918 2959 2986 3013 3031 3048 3071 3072 3118 3138 3162 3211 3254 
49 53 88 89 133 134 140 192 254 304 423 473 474 556 642 694 732 733 940 941 1017 1157 1276 1441 1646 1849 2018 2066 2258 2349 2350 2446 2454 2464 2644 2692 2762 2763 2842 2879 2885 2959 3013 3071 3072 3118 3162 
53 59 115 139 146 330 389 477 478 573 574 678 779 934 940 941 1276 1279 1391 1749 1752 2015 2349 2350 2446 2879 2959 3013 3071 3072 3118 3162 
87 88 89 192 193 194 472 474 640 642 731 733 1017 1018 1157 1158 1159 1441 1443 1444 1646 1647 1648 1849 1850 1851 2117 2258 2259 2454 2475 2644 2645 2762 2763 2764 2842 2843 2885 2886 
50 68 71 116 162 163 164 226 230 263 264 397 399 405 427 558 559 672 685 916 1288 3103 3178 3179 3208 3209 3237 3239 
50 136 226 617 685 691 692 952 953 1275 3070 3101 3103 3161 3179 3190 3209 3239 
68 71 116 135 136 164 226 230 264 399 558 617 681 685 692 2446 2879 3070 3101 3103 3161 3179 3190 3209 3239 
50 68 116 136 164 226 230 264 399 558 617 685 692 3070 3101 3103 3161 3179 3190 3209 3239 
55 72 117 118 145 204 227 391 485 578 643 748 920 1071 1350 1388 2498 2878 3041 3067 3116 
46 119 123 223 
1 
16 
18 
24 
42 
10 111 
60 115 
3 123 
54 55 117 145 204 227 336 391 485 578 643 748 749 920 1071 1350 1388 3041 3067 3116 
66 97 98 100 101 102 140 208 209 341 358 502 503 644 752 753 1076 1077 1079 1080 1186 1187 1503 1505 1674 1891 1892 2169 2170 2171 2172 2173 2382 3109 3132 3210 3248 3279 
