66 97 98 99 100 101 102 140 208 209 211 302 341 342 453 459 462 496 503 633 634 635 636 637 646 647 648 726 727 728 729 753 754 755 756 877 1076 1077 1078 1079 1080 1087 1186 1187 1189 1193 1194 1195 1196 1197 1198 1199 1200 1201 1503 1505 1509 1520 1521 1523 1612 1613 1614 1676 1680 1682 1729 1730 1731 1891 1892 1894 1900 1901 1902 2001 2002 2169 2170 2171 2172 2173 2174 2175 2176 2186 2253 2321 2382 2431 2514 2570 2723 2727 2814 2908 2909 2944 2979 3021 3095 3105 3109 3132 3133 3200 3210 3231 3248 3249 3279 
93 94 97 98 99 100 101 102 188 208 209 210 211 212 213 302 341 342 358 450 459 462 496 502 503 626 633 636 646 647 648 720 728 752 753 754 755 756 877 1011 1012 1076 1077 1078 1079 1080 1087 1153 1186 1187 1188 1189 1190 1191 1193 1194 1195 1196 1197 1198 1199 1200 1201 1432 1503 1505 1507 1509 1511 1513 1520 1521 1523 1612 1613 1614 1642 1675 1676 1677 1678 1680 1682 1729 1730 1731 1845 1891 1892 1893 1894 1895 1896 1900 1901 1902 2001 2002 2096 2097 2098 2099 2169 2170 2171 2172 2173 2174 2175 2176 2177 2178 2186 2252 2253 2254 2256 2321 2370 2382 2431 2471 2514 2570 2597 2707 2723 2727 2814 2894 2908 2909 2944 2974 2979 3018 3021 3095 3105 3106 3108 3109 3110 3132 3133 3134 3136 3176 3195 3200 3203 3207 3210 3230 3231 3232 3234 3248 3249 3250 3252 3279 
66 97 98 99 140 211 213 302 344 346 358 453 459 496 502 503 633 634 635 637 644 645 646 647 648 726 727 729 752 753 754 755 756 877 1079 1080 1087 1189 1191 1193 1194 1195 1196 1197 1198 1199 1200 1201 1509 1513 1520 1521 1523 1612 1613 1614 1680 1682 1729 1730 1731 1894 1896 1900 1901 1902 2001 2002 2179 2186 2252 2255 2321 2431 2448 2514 2570 2723 2727 2814 2908 2909 2944 2979 3021 3095 3107 3110 3135 3175 3176 3195 3204 3230 3233 3251 
66 97 98 99 100 101 140 209 211 302 342 358 453 459 462 496 503 633 634 635 636 637 645 646 647 648 726 727 728 729 753 754 755 756 877 1077 1078 1079 1080 1087 1187 1189 1193 1194 1195 1196 1197 1198 1199 1200 1201 1505 1509 1520 1521 1523 1612 1613 1614 1676 1680 1682 1729 1730 1731 1892 1894 1900 1901 1902 2001 2002 2174 2175 2176 2186 2253 2321 2431 2514 2570 2723 2727 2814 2908 2909 2944 2979 3021 3095 3105 3133 3200 3231 3249 
53 58 59 61 66 115 139 146 147 166 168 266 328 330 331 390 429 476 477 478 479 572 573 574 575 688 689 690 787 788 790 944 945 946 950 1283 1286 1395 1396 1398 1776 1777 1953 1954 2059 2964 3028 3029 3090 3091 3092 3126 3127 3172 3173 
48 53 58 61 66 80 81 93 99 115 134 139 146 147 166 181 188 211 244 251 254 266 326 329 331 420 423 450 462 477 479 553 556 573 575 626 636 688 689 690 703 704 705 706 720 728 787 828 944 945 998 1153 1189 1283 1316 1395 1423 1432 1509 1642 1676 1776 1777 1821 1822 1823 1824 1845 1894 1953 2022 2086 2096 2169 2359 2465 2499 2699 2858 2859 2860 2905 2964 3028 3090 3126 3172 
53 58 61 66 115 139 146 147 166 168 266 326 328 330 331 390 429 476 478 479 572 574 575 688 690 787 788 790 944 945 946 950 1283 1286 1395 1396 1398 1776 1777 1953 1954 2059 2964 3028 3029 3090 3091 3092 3126 3127 3172 3173 
53 58 59 61 66 115 139 146 147 166 167 168 266 326 328 329 331 476 477 479 572 573 575 688 689 787 789 790 944 945 949 950 1283 1285 1286 1395 1397 1398 1776 1777 1953 1955 2060 2964 3028 3030 3090 3093 3094 3126 3128 3172 3174 
75 97 98 99 100 101 105 186 209 211 270 277 298 342 436 462 496 502 564 636 648 728 752 756 833 1008 1072 1077 1078 1079 1080 1187 1189 1428 1505 1509 1676 1892 1894 1946 2051 2174 2175 2176 2253 2381 2717 2906 2984 3042 3043 3073 3105 3119 3133 3200 3231 3249 
66 75 97 98 99 100 101 105 138 186 209 211 277 298 342 462 496 502 564 636 648 728 752 756 833 1008 1072 1077 1078 1079 1080 1187 1189 1428 1505 1509 1676 1892 1894 1946 2051 2174 2175 2176 2253 2381 2717 2906 2984 3042 3043 3073 3105 3119 3133 3200 3231 3249 
48 53 58 59 60 61 66 80 81 93 97 98 99 100 101 134 139 140 146 147 166 167 181 188 209 211 244 251 254 266 267 331 342 358 420 423 450 462 479 502 553 556 575 626 636 688 689 690 703 704 705 706 720 728 752 787 789 828 944 945 948 949 998 1077 1078 1079 1080 1153 1187 1189 1283 1285 1316 1395 1397 1423 1432 1505 1509 1642 1676 1776 1777 1821 1822 1823 1824 1845 1892 1894 1953 1955 2022 2086 2096 2169 2174 2175 2176 2253 2359 2465 2499 2699 2858 2859 2860 2905 2964 2966 3028 3030 3090 3094 3105 3126 3128 3133 3172 3174 3200 3231 3249 
47 48 49 53 66 76 77 78 80 81 105 133 134 138 140 169 170 171 172 173 174 175 176 177 186 244 250 251 252 253 254 270 277 278 279 280 283 289 298 358 419 420 421 422 423 437 438 439 496 552 553 554 555 556 564 565 566 567 648 695 696 697 698 699 700 701 702 756 814 815 816 817 818 819 820 821 822 824 833 975 976 978 980 983 984 987 988 990 991 1008 1072 1089 1148 1304 1305 1307 1308 1309 1310 1311 1312 1411 1412 1413 1414 1415 1416 1417 1418 1419 1428 1602 1798 1799 1800 1801 1802 1803 1804 1805 1806 1807 1808 1809 1813 1814 1815 1818 1946 1974 1975 1976 1977 1978 1979 1980 1981 1982 2019 2020 2021 2036 2037 2038 2051 2080 2279 2280 2281 2357 2381 2385 2407 2408 2410 2411 2412 2553 2594 2657 2658 2717 2729 2775 2797 2798 2869 2892 2906 2922 2923 2924 2951 2968 2984 2991 2993 3042 3043 3053 3054 3073 3112 3119 3142 3144 3215 3217 3241 3258 3259 3260 3282 3293 3294 3295 3309 3318 3320 3338 3348 3351 3365 3370 3384 3398 3401 3402 3403 3404 3411 3420 3428 3447 3449 3455 3467 3485 3489 3498 3502 
53 58 61 88 89 106 115 139 140 146 147 166 168 192 193 266 304 326 328 329 331 464 473 474 476 477 479 572 573 575 641 642 688 689 690 732 733 787 790 944 945 950 1157 1158 1283 1286 1395 1398 1440 1443 1646 1647 1776 1777 1849 1850 1953 2258 2260 2454 2456 2474 2476 2548 2644 2646 2697 2756 2763 2767 2838 2885 2887 2964 3028 3090 3126 3172 
75 88 89 97 98 99 100 101 102 105 106 138 140 186 192 193 208 211 277 298 304 341 462 464 473 474 496 503 564 636 641 642 648 728 732 733 753 756 833 1008 1072 1076 1077 1078 1079 1080 1157 1158 1186 1189 1428 1440 1443 1503 1509 1646 1647 1676 1849 1850 1891 1894 1946 2051 2169 2170 2171 2172 2173 2258 2260 2381 2382 2454 2456 2474 2476 2548 2644 2646 2697 2717 2756 2763 2767 2838 2885 2887 2906 2984 3042 3043 3073 3109 3119 3132 3210 3248 3279 
53 58 61 66 146 147 166 168 266 326 328 329 330 331 390 429 476 477 478 479 572 573 574 575 688 689 690 787 788 790 944 945 946 947 950 1283 1284 1286 1395 1396 1398 1776 1777 1778 1953 1954 2964 2965 3028 3029 3090 3092 3126 3127 3172 3173 
53 58 60 62 66 139 146 147 148 149 165 166 168 265 266 326 328 329 331 332 476 477 479 480 572 573 575 576 687 688 689 690 786 787 790 942 943 944 945 950 1282 1283 1286 1394 1395 1398 1773 1774 1775 1776 1777 1952 1953 2963 2964 3027 3028 3088 3090 3125 3126 3171 3172 
53 58 61 66 115 139 146 147 166 168 266 326 328 329 331 476 477 479 572 573 575 688 689 690 787 790 944 945 950 1283 1286 1395 1398 1776 1777 1953 2964 3028 3090 3126 3172 
48 53 60 61 80 81 93 97 98 99 100 101 134 139 140 146 147 166 181 188 209 211 244 251 254 266 326 328 329 331 342 358 420 423 450 462 476 477 479 502 553 556 572 573 575 626 636 688 689 690 703 704 705 706 720 728 752 787 828 944 945 998 1077 1078 1079 1080 1153 1187 1189 1283 1316 1395 1423 1432 1505 1509 1642 1676 1776 1777 1821 1822 1823 1824 1845 1892 1894 1951 1953 2022 2056 2086 2096 2169 2174 2175 2176 2253 2359 2465 2499 2699 2858 2859 2860 2905 2964 2985 3028 3044 3086 3090 3105 3124 3126 3133 3172 3200 3231 3249 
53 66 146 147 148 149 326 327 328 329 330 331 332 333 334 475 476 477 478 479 480 481 482 572 573 574 575 576 591 602 603 673 791 792 793 794 795 797 925 957 959 960 961 1145 1289 1291 1292 1293 1400 1401 1402 1409 1779 1785 2068 2351 2457 2651 2769 2770 2845 2888 3021 3095 
53 58 60 61 62 66 139 147 148 149 165 166 168 265 266 326 328 329 332 476 477 480 572 573 576 687 688 689 690 786 787 790 942 943 944 945 950 1282 1283 1286 1394 1395 1398 1773 1774 1775 1776 1777 1952 1953 2963 2964 3027 3028 3088 3090 3125 3126 3171 3172 
48 53 58 59 60 61 75 76 77 80 81 93 97 98 99 100 101 134 138 139 140 146 147 166 167 181 184 185 188 209 211 244 251 254 266 267 270 278 296 331 342 358 420 423 437 438 450 462 479 502 553 556 565 566 575 626 636 688 689 690 703 704 705 706 711 720 728 752 787 789 828 831 832 944 945 948 949 998 1004 1007 1077 1078 1079 1080 1153 1187 1189 1283 1285 1316 1320 1395 1397 1423 1426 1427 1432 1505 1509 1642 1676 1776 1777 1821 1822 1823 1824 1845 1892 1894 1949 1950 1953 1955 2022 2054 2058 2086 2096 2169 2174 2175 2176 2253 2359 2465 2499 2699 2858 2859 2860 2905 2964 2966 2971 2972 3025 3026 3028 3030 3082 3083 3084 3090 3094 3105 3122 3123 3126 3128 3133 3169 3170 3172 3174 3200 3231 3249 
53 58 60 61 75 76 77 138 139 146 147 166 168 184 185 266 270 278 296 326 328 329 331 437 438 476 477 479 565 566 572 573 575 688 689 690 711 787 790 831 832 944 945 950 1004 1007 1283 1286 1320 1395 1398 1426 1427 1776 1777 1949 1950 1953 2054 2964 2971 2972 3025 3026 3028 3082 3083 3084 3090 3122 3123 3126 3169 3170 3172 
48 53 58 59 60 61 80 81 93 97 98 99 100 101 134 139 140 146 166 167 168 181 188 209 211 244 251 254 266 267 268 326 331 342 358 420 423 450 462 476 479 502 553 556 572 575 626 636 688 689 690 703 704 705 706 720 728 752 787 789 790 828 944 945 948 949 950 998 1077 1078 1079 1080 1153 1187 1189 1283 1285 1316 1395 1397 1398 1423 1432 1505 1509 1642 1676 1776 1777 1821 1822 1823 1824 1845 1892 1894 1951 1953 1955 2022 2086 2096 2169 2174 2175 2176 2253 2359 2465 2499 2699 2858 2859 2860 2905 2964 2966 2985 3028 3030 3044 3086 3090 3094 3105 3124 3126 3128 3133 3172 3174 3200 3231 3249 
53 58 60 61 76 77 97 98 99 100 101 105 138 139 146 147 166 168 184 185 209 211 266 270 278 296 326 328 329 331 342 437 438 462 476 477 479 496 502 565 566 572 573 575 636 648 688 689 690 728 752 756 787 790 831 832 944 945 950 1004 1007 1072 1077 1078 1079 1080 1187 1189 1283 1286 1320 1395 1398 1426 1427 1505 1509 1676 1776 1777 1843 1892 1894 1946 1949 1950 1953 2051 2054 2174 2175 2176 2253 2381 2717 2906 2964 2972 2984 3025 3026 3028 3042 3043 3073 3082 3083 3084 3090 3105 3119 3122 3123 3126 3133 3169 3170 3172 3200 3231 3249 
53 97 98 99 100 101 140 146 147 148 149 209 211 326 327 328 329 330 331 332 333 334 342 358 462 475 476 477 478 479 480 481 482 502 572 573 574 575 576 591 602 603 636 673 728 752 791 792 793 794 795 797 925 957 959 960 961 1077 1078 1079 1080 1145 1187 1189 1289 1291 1292 1293 1400 1401 1402 1409 1505 1509 1676 1779 1785 1892 1894 2068 2174 2175 2176 2253 2351 2457 2651 2769 2770 2845 2888 3021 3095 3105 3133 3200 3231 3249 
58 60 61 66 139 147 166 168 266 326 328 329 331 390 476 477 479 572 573 574 575 688 689 690 787 788 790 944 945 946 950 1283 1284 1286 1395 1396 1398 1776 1777 1778 1953 1954 2964 2965 3028 3029 3090 3092 3126 3127 3172 3173 
66 140 302 358 453 459 462 496 502 503 633 634 635 636 637 644 645 646 647 648 726 727 728 729 752 753 754 755 756 877 1087 1193 1194 1195 1196 1197 1198 1199 1200 1201 1520 1521 1523 1612 1613 1614 1680 1682 1729 1730 1731 1900 1901 1902 2001 2002 2186 2321 2431 2514 2570 2723 2727 2814 2908 2909 2944 2979 3021 3095 
53 58 60 61 97 98 99 100 101 139 140 146 147 166 168 209 211 266 326 328 329 331 342 358 462 476 477 479 502 572 573 575 636 688 689 690 728 752 787 790 944 945 950 1077 1078 1079 1080 1187 1189 1283 1286 1395 1398 1505 1509 1676 1776 1777 1892 1894 1953 2174 2175 2176 2253 2964 3028 3090 3105 3126 3133 3172 3200 3231 3249 
75 76 185 278 437 565 711 832 1007 1320 1427 1946 1950 2051 2972 2984 3026 3042 3043 3073 3084 3119 3123 3170 
24 
25 
66 75 105 138 140 186 277 298 358 496 564 648 756 833 1008 1072 1428 1946 2051 2381 2717 2906 2984 3042 3043 3073 3119 
53 58 60 61 66 139 146 147 166 168 266 326 328 329 331 476 477 479 572 573 575 688 689 690 787 790 944 945 950 1283 1286 1395 1398 1776 1777 1953 2964 3028 3090 3126 3172 
