52 69 127 150 235 347 407 487 542 579 747 1071 1350 1388 1883 1887 2028 2379 2380 2498 2877 2943 2978 3040 3041 3067 3116 
52 66 67 70 106 127 128 140 150 151 235 304 347 407 471 487 542 579 584 730 747 835 1019 1071 1124 1350 1388 1604 1852 1853 1883 1887 2024 2028 2095 2379 2380 2498 2548 2696 2756 2838 2877 2943 2978 3040 3041 3067 3116 
54 72 118 203 227 232 402 483 577 748 749 920 2156 2380 2498 2589 2691 2831 2832 2878 
52 54 67 69 127 128 129 130 150 151 227 235 236 336 347 354 410 411 490 491 545 546 582 583 744 749 860 861 920 1061 1071 1340 1350 1388 1492 1884 2028 2380 2498 2877 3041 3067 3116 
54 72 118 203 232 402 483 577 748 1071 1350 1388 2498 2877 3041 3067 3116 
54 72 118 203 232 402 483 577 748 2156 2589 2691 2831 2832 2877 2878 
67 69 137 153 273 381 432 533 561 593 849 850 1334 1335 1471 1869 2145 2588 2589 2691 2831 2832 2877 2878 
52 54 67 69 72 118 127 128 137 150 153 203 227 232 235 273 336 347 381 402 410 432 483 490 533 545 561 577 582 593 748 749 849 850 862 863 920 1063 1064 1334 1335 1342 1343 1471 1493 1869 1883 2145 2156 2380 2498 2589 2691 2831 2832 2878 
66 89 90 91 92 140 189 190 191 304 312 313 441 449 474 624 718 719 733 1015 1016 1154 1155 1156 1160 1434 1436 1437 1439 1447 1644 1645 1846 1847 1848 2062 2257 2292 2371 2453 2481 2643 2705 2759 2760 2761 2778 2841 2882 2883 2884 2893 2957 3011 3012 
66 90 91 92 93 140 188 300 311 441 447 448 450 624 717 718 720 1013 1014 1015 1153 1160 1432 1433 1447 1642 1845 2105 2106 2290 2292 2371 2419 2481 2604 2703 2705 2758 2759 2778 2881 2882 2893 2956 2957 3010 3011 
66 69 70 84 86 87 88 89 90 91 93 94 140 144 151 189 195 196 197 198 199 200 201 202 300 304 312 318 319 320 321 322 324 441 447 448 449 450 451 471 472 473 474 494 584 624 641 717 718 719 720 721 730 731 732 733 836 1015 1021 1022 1024 1025 1027 1028 1124 1154 1160 1161 1162 1163 1164 1165 1166 1167 1168 1169 1434 1447 1448 1449 1450 1451 1452 1453 1454 1455 1456 1457 1459 1460 1461 1462 1464 1606 1607 1649 1650 1651 1652 1653 1654 1655 1656 1846 1855 1856 1857 1858 1859 1860 1861 1862 1863 1996 2118 2141 2292 2294 2295 2296 2297 2306 2308 2309 2310 2371 2373 2374 2375 2421 2423 2424 2481 2490 2556 2557 2565 2566 2567 2568 2662 2663 2670 2671 2705 2749 2759 2778 2803 2810 2882 2893 2926 2930 2952 2957 2996 2997 3002 3011 3035 3056 3060 3113 3147 3153 3185 3219 3222 3242 3264 3269 3297 3301 3324 3329 3353 3357 3372 3389 3405 3414 3415 3421 3433 3442 3451 3458 3468 3469 3477 3481 3487 3497 3505 3506 3508 3510 3511 
66 90 92 140 189 190 300 312 441 447 448 449 624 717 718 719 1015 1154 1155 1160 1434 1436 1447 1644 1846 1847 2062 2292 2371 2481 2705 2759 2778 2882 2883 2893 2957 3011 3012 
66 91 92 140 189 190 300 312 441 448 449 624 718 719 1154 1155 1160 1434 1437 1447 1644 1846 1847 2292 2481 2705 2759 2882 2957 2958 3011 3012 
90 91 92 97 98 189 212 213 300 302 312 345 447 449 453 460 634 635 717 719 726 727 1015 1080 1154 1160 1190 1191 1434 1447 1511 1513 1678 1846 1895 1896 2256 2292 2371 2481 2705 2759 2778 2882 2893 2957 3011 3108 3136 3206 3234 3252 
52 67 69 127 128 137 150 153 235 273 347 381 410 432 490 533 545 561 582 593 849 850 862 863 1063 1064 1334 1335 1342 1343 1471 1493 1869 1883 2145 2156 2589 2691 2831 2832 2877 2878 
55 72 117 118 145 203 232 336 402 483 577 748 749 920 1071 1350 1388 2498 2877 3041 3067 3116 
8 
18 
29 
37 
66 90 91 92 140 189 300 312 447 449 717 719 1015 1154 1160 1434 1447 1846 2292 2371 2481 2705 2759 2778 2882 2893 2957 3011 
54 72 118 203 227 232 336 402 483 577 748 749 920 1071 1350 1388 3041 3067 3116 
