50 53 59 61 62 66 136 146 147 166 167 226 266 267 326 477 479 573 575 617 686 687 689 692 787 789 944 948 949 1285 1395 1397 1768 1769 1770 1771 1772 1953 1954 2017 2058 2059 2967 3016 3028 3029 3070 3089 3090 3091 3092 3126 3127 3161 3172 3173 3190 
53 59 61 66 115 139 146 147 166 266 326 390 477 479 573 575 688 689 787 788 944 947 1284 1395 1396 1953 1954 2058 2059 3028 3029 3089 3090 3091 3092 3126 3127 3172 3173 
50 53 59 61 62 66 115 136 139 146 147 167 226 267 326 390 429 477 478 573 574 617 686 687 688 692 788 789 946 947 948 949 1284 1285 1396 1397 1768 1769 1770 1771 1772 1953 2017 2058 2967 3016 3028 3070 3089 3090 3126 3161 3172 3190 
49 53 58 61 66 115 133 134 139 146 166 168 244 266 328 423 476 478 479 556 572 574 575 688 703 787 790 944 951 1286 1395 1398 1951 1953 2022 2056 2058 2465 2905 2985 3028 3044 3045 3086 3089 3090 3124 3126 3172 
49 53 58 61 66 115 133 134 139 147 166 168 244 266 326 423 478 479 556 572 574 575 688 703 787 790 944 951 1286 1395 1398 1951 1953 2022 2056 2058 2465 2905 2985 3028 3044 3045 3086 3089 3090 3124 3126 3172 
53 59 61 66 146 147 166 266 326 390 429 477 478 479 573 574 575 688 689 787 788 944 946 1395 1396 1953 1954 2058 2059 3028 3029 3089 3090 3091 3092 3126 3127 3172 3173 
49 50 53 58 59 60 62 66 68 71 115 116 133 134 135 139 146 147 148 149 155 156 157 158 159 160 161 166 225 228 229 244 256 257 258 259 260 261 266 326 327 389 393 395 403 404 423 424 425 476 477 478 479 480 556 557 572 573 574 575 576 601 615 616 669 670 676 677 678 682 683 684 688 694 777 778 779 780 781 782 783 784 785 787 921 922 923 930 932 933 934 935 936 937 938 939 944 1134 1136 1137 1139 1278 1279 1280 1281 1371 1389 1390 1391 1392 1393 1395 1596 1598 1953 1956 1957 1958 1959 1960 1961 1962 2016 2018 2029 2030 2058 2261 2262 2263 2264 2265 2266 2267 2395 2396 2398 2399 2464 2549 2550 2647 2648 2742 2744 2790 2791 2792 2793 2865 2866 2867 2891 2918 2937 2938 2948 2949 2960 2961 2962 2986 3014 3015 3028 3031 3046 3048 3089 3090 3099 3100 3126 3130 3131 3138 3172 3182 3211 3254 3289 3313 3314 3336 3349 3380 3396 3409 3425 3445 3453 3465 3473 3484 3490 3496 3499 3503 
66 97 98 99 100 102 140 208 210 211 302 341 343 344 462 463 496 502 503 644 645 728 729 752 753 1076 1077 1078 1079 1080 1186 1188 1189 1503 1507 1509 1510 1676 1891 1893 1894 2169 2170 2171 2172 2173 2174 2253 2382 2449 3109 3132 3133 3200 3201 3210 3231 3248 3249 3279 
53 61 66 115 139 146 147 166 266 326 478 479 574 575 688 787 944 1395 1953 2058 3028 3089 3090 3126 3172 
47 60 61 66 75 78 133 138 139 146 147 166 182 183 266 278 280 326 437 439 478 479 552 565 567 574 575 688 708 710 711 787 829 830 944 1000 1002 1317 1318 1395 1424 1425 1838 1839 1840 1947 1953 2058 2969 3023 3028 3079 3089 3090 3120 3126 3167 3172 
87 88 102 103 193 194 207 208 304 340 341 358 472 473 503 504 640 641 731 732 753 754 1018 1158 1159 1185 1186 1192 1443 1444 1501 1503 1515 1647 1648 1850 1851 1890 1891 2117 2259 2319 2475 2504 2645 2722 2755 2764 2843 2886 3198 3247 3248 3278 3279 
87 88 97 98 101 103 193 194 207 208 209 304 340 341 358 472 473 502 503 504 640 641 644 731 732 752 753 754 1018 1075 1076 1079 1080 1158 1159 1185 1186 1187 1443 1444 1501 1503 1505 1610 1647 1648 1674 1850 1851 1890 1891 1892 1897 2117 2169 2170 2171 2172 2173 2259 2320 2382 2475 2506 2507 2625 2645 2695 2764 2843 2886 3109 3132 3198 3210 3247 3248 3278 3279 
87 88 97 98 101 102 103 104 193 194 206 209 304 339 358 472 473 502 505 640 641 644 731 732 752 755 1018 1074 1075 1076 1079 1080 1158 1159 1184 1187 1443 1444 1499 1505 1647 1648 1674 1850 1851 1889 1892 2117 2168 2169 2170 2171 2172 2173 2259 2318 2382 2430 2475 2503 2622 2623 2645 2721 2764 2784 2837 2843 2886 3109 3132 3210 3246 3277 
66 97 98 101 102 103 104 140 206 209 339 358 502 505 644 752 755 1074 1075 1076 1079 1080 1184 1187 1499 1505 1674 1889 1892 2168 2169 2170 2171 2172 2173 2318 2382 2430 2503 2622 2623 2721 2784 2837 3109 3132 3210 3246 3277 
66 102 103 104 140 206 207 339 340 358 503 504 505 753 754 755 1074 1075 1184 1185 1192 1499 1501 1515 1889 1890 2168 2318 2319 2430 2503 2504 2622 2623 2721 2722 2755 2784 2837 3198 3246 3247 3277 3278 
66 103 140 207 208 340 341 358 503 504 753 754 1075 1185 1186 1192 1501 1503 1515 1610 1890 1891 1897 2319 2320 2504 2506 2507 2625 2695 2722 2755 3198 3247 3248 3278 3279 
66 87 88 102 103 140 193 194 207 208 304 340 341 358 472 473 503 504 640 641 731 732 753 754 1018 1158 1159 1185 1186 1192 1443 1444 1501 1503 1515 1647 1648 1850 1851 1890 1891 2117 2259 2319 2475 2504 2645 2722 2755 2764 2843 2886 3198 3247 3248 3278 3279 
97 98 101 102 208 209 341 496 502 503 644 645 752 753 1076 1079 1080 1186 1187 1503 1505 1674 1891 1892 2169 2170 2171 2172 2173 2382 3109 3132 3210 3248 3279 
53 60 61 87 88 139 140 146 147 166 193 194 266 304 326 472 473 478 479 574 575 640 641 688 731 732 787 944 1018 1158 1159 1395 1443 1444 1647 1648 1850 1851 1953 2058 2117 2259 2475 2645 2764 2843 2886 3028 3089 3090 3126 3172 
52 67 69 78 127 128 137 150 235 275 347 383 410 434 490 535 545 563 582 595 845 846 862 863 1063 1064 1330 1331 1342 1343 1469 1493 1869 1883 2145 2156 2588 2690 2829 2830 2877 2878 
87 88 97 98 101 102 193 194 208 209 304 341 358 472 473 502 503 640 641 644 731 732 752 753 1018 1076 1079 1080 1158 1159 1186 1187 1443 1444 1503 1505 1647 1648 1674 1850 1851 1891 1892 2117 2169 2170 2171 2172 2173 2259 2382 2475 2645 2764 2843 2886 3109 3132 3210 3248 3279 
87 88 97 100 101 102 193 194 208 209 304 341 358 472 473 502 503 640 641 644 731 732 752 753 1018 1076 1077 1080 1158 1159 1186 1187 1443 1444 1503 1505 1647 1648 1674 1850 1851 1891 1892 2117 2169 2170 2171 2172 2173 2259 2382 2475 2645 2764 2843 2886 3109 3132 3210 3248 3279 
87 88 98 100 101 102 193 194 208 209 304 341 358 472 473 502 503 640 641 644 731 732 752 753 1018 1076 1077 1079 1158 1159 1186 1187 1443 1444 1503 1505 1647 1648 1674 1850 1851 1891 1892 2117 2169 2170 2171 2172 2173 2259 2382 2475 2645 2764 2843 2886 3109 3132 3210 3248 3279 
53 60 61 66 139 146 147 166 266 326 478 479 574 575 688 787 944 1395 1953 2058 3028 3089 3090 3126 3172 
87 88 97 98 100 101 102 193 194 208 209 304 341 358 472 473 502 503 640 641 644 731 732 752 753 1018 1076 1077 1079 1080 1158 1159 1186 1187 1443 1444 1503 1505 1647 1648 1674 1850 1851 1891 1892 2117 2169 2170 2171 2172 2173 2259 2382 2475 2645 2764 2843 2886 3109 3132 3210 3248 3279 
54 55 117 145 204 227 336 391 485 578 643 748 749 920 2156 2380 2498 2588 2690 2829 2830 2877 
52 62 67 69 127 128 129 130 150 235 236 347 354 410 411 490 491 545 546 582 583 744 860 861 1061 1071 1340 1350 1388 1492 1884 2028 2380 2498 2878 3041 3067 3116 
55 72 117 118 145 204 227 391 485 578 643 748 920 1071 1350 1388 2498 2878 3041 3067 3116 
3238 3239 
46 119 123 223 
1 
16 
24 
42 
10 111 
3 123 
54 55 117 145 204 227 336 391 485 578 643 748 749 920 1071 1350 1388 3041 3067 3116 
66 97 98 100 101 102 140 208 209 341 358 502 503 644 752 753 1076 1077 1079 1080 1186 1187 1503 1505 1674 1891 1892 2169 2170 2171 2172 2173 2382 3109 3132 3210 3248 3279 
