66 102 103 105 140 205 207 208 341 358 496 503 504 505 506 646 647 648 753 754 755 756 1073 1074 1183 1185 1186 1192 1498 1502 1503 1504 1515 1610 1670 1672 1673 1888 1890 1891 1897 2061 2164 2165 2316 2319 2320 2428 2501 2504 2506 2507 2618 2619 2625 2695 2719 2722 2755 2783 2836 3198 3199 3210 3245 3247 3276 3278 3279 
66 91 93 97 98 99 100 101 102 103 104 105 140 196 207 208 214 215 216 217 218 219 220 221 222 302 341 358 366 368 370 371 450 451 453 460 461 462 463 496 502 503 505 506 626 627 634 636 644 647 648 720 721 726 727 728 729 752 753 755 756 1020 1021 1023 1075 1091 1092 1093 1094 1095 1096 1097 1162 1185 1186 1212 1213 1214 1215 1216 1217 1218 1219 1220 1450 1502 1503 1504 1533 1535 1536 1537 1538 1540 1542 1544 1545 1546 1547 1548 1610 1620 1622 1650 1672 1673 1689 1690 1691 1692 1694 1695 1696 1697 1856 1890 1891 1897 1908 1909 1910 1911 1912 1913 1914 1915 1916 2006 2061 2119 2120 2121 2122 2199 2203 2204 2205 2206 2211 2212 2213 2217 2218 2320 2329 2330 2331 2332 2338 2339 2340 2341 2342 2372 2386 2387 2388 2436 2439 2440 2485 2506 2507 2575 2576 2577 2609 2625 2630 2677 2678 2684 2685 2686 2695 2710 2818 2822 2823 2875 2897 2932 2936 2939 2981 3006 3008 3047 3062 3065 3066 3115 3157 3159 3198 3199 3225 3229 3244 3247 3273 3275 3278 3279 3303 3307 3312 3332 3333 3335 3344 3359 3363 3368 3377 3391 3395 3408 3419 3423 3436 3444 3452 3461 3471 3479 3482 3483 3488 3494 3501 3504 3507 3509 
66 97 99 100 101 102 103 140 207 208 209 211 213 302 342 453 460 462 504 634 636 644 646 726 728 752 754 1075 1076 1077 1078 1080 1185 1186 1187 1189 1191 1502 1504 1505 1509 1513 1610 1672 1673 1676 1678 1890 1891 1892 1894 1896 1897 2169 2170 2171 2172 2173 2174 2175 2176 2253 2320 2382 2506 2507 2625 2695 3105 3109 3132 3133 3198 3200 3210 3231 3247 3248 3249 3278 3279 
66 102 104 140 206 208 341 358 496 503 504 505 646 647 753 754 755 1074 1075 1184 1186 1500 1503 1504 1610 1671 1673 1889 1891 1897 2061 2168 2318 2320 2430 2503 2506 2507 2622 2623 2625 2695 2721 2784 2837 3198 3199 3210 3246 3247 3277 3278 3279 
66 103 140 207 208 341 358 496 503 504 646 753 754 1075 1185 1186 1192 1502 1503 1515 1610 1672 1890 1891 1897 2319 2320 2504 2506 2507 2625 2695 2722 2755 3198 3247 3248 3278 3279 
69 70 86 102 103 106 125 151 207 208 304 341 358 464 494 496 503 504 584 639 646 730 753 754 835 1019 1075 1124 1185 1186 1502 1503 1504 1604 1610 1672 1673 1852 1890 1891 1897 2061 2095 2320 2506 2507 2548 2625 2695 2696 2838 3198 3199 3247 3278 3279 
52 67 69 76 101 131 132 137 154 243 273 359 378 381 418 432 497 514 533 540 551 561 586 593 600 654 734 761 849 850 858 1173 1334 1335 1471 1481 1660 1869 1877 2026 2145 2151 2376 2497 2588 2589 2690 2829 2830 2877 2878 
8 
21 
39 
54 72 118 203 227 232 336 402 483 577 748 749 920 2156 2380 2498 2588 2690 2829 2830 2877 
66 102 103 140 207 358 496 503 504 646 753 754 1075 1185 1192 1502 1515 1610 1672 1890 1897 2319 2320 2504 2506 2507 2625 2695 2722 2755 3198 3247 3278 
