48 49 53 66 80 133 134 178 179 181 244 290 291 293 420 422 423 553 555 556 704 706 825 826 828 992 993 994 998 1313 1420 1421 1423 1748 1828 1829 1989 1991 2042 2044 2088 2363 2366 2469 2595 2596 2693 2694 3074 3075 3077 3104 3163 3164 3166 3191 3192 3194 
48 53 66 80 81 133 134 179 180 181 244 291 293 420 422 553 555 705 706 826 827 828 994 997 998 1151 1315 1421 1422 1423 1429 1748 1991 1993 2044 2093 2366 2447 2469 2596 2694 3075 3077 3104 3164 3165 3166 3192 3193 3194 
48 49 53 66 80 81 133 134 178 181 244 290 293 420 421 423 553 554 556 704 705 706 825 828 992 993 998 1313 1420 1423 1748 1828 1829 1989 1991 2042 2044 2088 2363 2366 2469 2595 2596 2693 2694 3074 3075 3077 3104 3163 3164 3166 3191 3192 3194 
47 48 53 66 75 77 78 80 81 133 138 179 181 186 251 270 278 291 298 420 421 422 436 437 553 554 555 564 565 705 707 708 709 710 711 826 828 833 994 998 1008 1316 1421 1423 1428 1834 1835 1836 1837 1946 1991 2023 2044 2051 2366 2469 2596 2694 2973 2984 3017 3042 3043 3073 3075 3077 3119 3164 3166 3192 3194 
48 53 66 80 133 134 179 180 181 244 291 292 293 420 421 422 553 554 555 705 706 826 827 828 994 996 998 1151 1421 1422 1423 1429 1748 1991 1993 2044 2093 2366 2447 2469 2596 2694 3075 3077 3104 3164 3165 3166 3192 3193 3194 
47 48 66 75 77 78 81 134 138 179 182 186 244 270 278 291 298 421 422 436 437 552 554 555 564 565 705 707 708 709 710 711 826 829 833 994 1000 1008 1317 1421 1424 1428 1834 1835 1836 1837 1838 1839 1840 1946 1947 1991 2023 2044 2051 2366 2469 2596 2694 2969 2973 2984 3017 3023 3042 3043 3073 3075 3079 3119 3120 3164 3167 3192 
47 49 53 66 75 76 77 78 80 81 102 103 104 105 133 134 138 169 170 171 172 173 174 175 176 177 179 181 215 244 270 278 281 282 283 284 285 286 288 289 291 293 419 420 421 422 423 436 437 438 439 505 552 553 554 555 556 564 565 566 567 647 695 696 697 698 699 700 701 702 705 755 814 815 816 817 818 819 820 821 822 826 828 974 975 976 977 978 979 980 982 984 987 988 990 994 998 1089 1090 1091 1092 1148 1150 1213 1304 1305 1306 1310 1411 1412 1413 1414 1415 1416 1417 1418 1419 1421 1423 1534 1603 1690 1748 1802 1803 1804 1805 1810 1811 1812 1816 1817 1818 1909 1974 1975 1976 1977 1983 1984 1985 1986 1987 1991 2019 2020 2021 2036 2039 2040 2044 2082 2084 2192 2193 2194 2195 2278 2279 2285 2287 2357 2366 2385 2407 2414 2415 2469 2523 2596 2631 2657 2660 2661 2694 2729 2747 2797 2800 2801 2851 2852 2870 2892 2923 2925 2951 2968 2991 2994 3034 3052 3055 3075 3077 3104 3112 3142 3145 3146 3164 3166 3184 3192 3194 3216 3218 3258 3261 3283 3294 3296 3318 3321 3322 3339 3348 3352 3370 3385 3399 3401 3412 3420 3430 3431 3448 3449 3456 3466 3474 3485 3489 3492 3495 3498 3502 
66 89 90 91 92 140 189 190 191 304 312 313 441 449 474 624 718 719 733 1015 1016 1154 1155 1156 1160 1434 1436 1437 1439 1447 1644 1645 1846 1847 1848 2062 2257 2292 2371 2453 2481 2643 2705 2759 2760 2761 2778 2841 2882 2883 2884 2893 2957 3011 3012 
66 90 91 92 93 140 188 300 311 441 447 448 450 624 717 718 720 1013 1014 1015 1153 1160 1432 1433 1447 1642 1845 2105 2106 2290 2292 2371 2419 2481 2604 2703 2705 2758 2759 2778 2881 2882 2893 2956 2957 3010 3011 
66 69 70 84 86 87 88 89 90 91 93 94 140 144 151 189 195 196 197 198 199 200 201 202 300 304 312 318 319 320 321 322 324 441 447 448 449 450 451 471 472 473 474 494 584 624 641 717 718 719 720 721 730 731 732 733 836 1015 1021 1022 1024 1025 1027 1028 1124 1154 1160 1161 1162 1163 1164 1165 1166 1167 1168 1169 1434 1447 1448 1449 1450 1451 1452 1453 1454 1455 1456 1457 1459 1460 1461 1462 1464 1606 1607 1649 1650 1651 1652 1653 1654 1655 1656 1846 1855 1856 1857 1858 1859 1860 1861 1862 1863 1996 2118 2141 2292 2294 2295 2296 2297 2306 2308 2309 2310 2371 2373 2374 2375 2421 2423 2424 2481 2490 2556 2557 2565 2566 2567 2568 2662 2663 2670 2671 2705 2749 2759 2778 2803 2810 2882 2893 2926 2930 2952 2957 2996 2997 3002 3011 3035 3056 3060 3113 3147 3153 3185 3219 3222 3242 3264 3269 3297 3301 3324 3329 3353 3357 3372 3389 3405 3414 3415 3421 3433 3442 3451 3458 3468 3469 3477 3481 3487 3497 3505 3506 3508 3510 3511 
66 90 92 140 189 190 300 312 441 447 448 449 624 717 718 719 1015 1154 1155 1160 1434 1436 1447 1644 1846 1847 2062 2292 2371 2481 2705 2759 2778 2882 2883 2893 2957 3011 3012 
54 72 118 203 227 232 336 402 483 577 748 749 920 2156 2380 2498 2589 2691 2831 2832 2878 
52 66 67 70 106 127 128 140 150 151 235 304 347 407 471 487 542 579 584 730 747 835 1019 1071 1124 1350 1388 1604 1852 1853 1883 1887 2024 2028 2095 2379 2380 2498 2548 2696 2756 2838 2877 2943 2978 3040 3041 3067 3116 
66 91 92 140 189 190 300 312 441 448 449 624 718 719 1154 1155 1160 1434 1437 1447 1644 1846 1847 2292 2481 2705 2759 2882 2957 2958 3011 3012 
47 48 53 75 77 78 81 97 98 102 103 104 105 133 134 140 179 206 212 213 244 278 291 302 345 421 422 437 453 460 505 554 555 565 634 635 647 705 707 708 709 710 711 726 727 755 826 994 1072 1073 1074 1075 1080 1184 1190 1191 1421 1499 1511 1513 1671 1678 1834 1835 1836 1837 1889 1895 1896 1991 2023 2044 2157 2158 2159 2160 2256 2366 2381 2469 2499 2596 2615 2694 2717 2861 2862 2906 2973 3017 3075 3108 3136 3164 3192 3206 3234 3252 
69 86 87 88 89 90 91 92 151 189 192 193 194 300 304 312 447 449 473 474 494 584 641 642 717 719 732 733 1015 1018 1154 1157 1158 1159 1160 1434 1441 1443 1445 1446 1447 1646 1647 1648 1846 1849 1850 1851 2115 2258 2260 2292 2371 2454 2476 2481 2644 2646 2705 2759 2762 2763 2766 2778 2842 2844 2882 2885 2887 2893 2957 3011 
90 91 92 97 98 189 212 213 300 302 312 345 447 449 453 460 634 635 717 719 726 727 1015 1080 1154 1160 1190 1191 1434 1447 1511 1513 1678 1846 1895 1896 2256 2292 2371 2481 2705 2759 2778 2882 2893 2957 3011 3108 3136 3206 3234 3252 
52 67 69 127 128 137 150 153 235 273 347 381 410 432 490 533 545 561 582 593 849 850 862 863 1063 1064 1334 1335 1342 1343 1471 1493 1869 1883 2145 2156 2589 2691 2831 2832 2877 2878 
55 72 117 118 145 203 232 336 402 483 577 748 749 920 1071 1350 1388 2498 2877 3041 3067 3116 
8 
18 
29 
37 
66 90 91 92 140 189 300 312 447 449 717 719 1015 1154 1160 1434 1447 1846 2292 2371 2481 2705 2759 2778 2882 2893 2957 3011 
54 72 118 203 227 232 336 402 483 577 748 749 920 1071 1350 1388 3041 3067 3116 
48 53 66 81 133 134 179 244 291 421 422 554 555 705 826 994 1421 1990 1991 2043 2044 2089 2364 2365 2366 2468 2469 2591 2596 2694 3075 3164 3192 
