69 87 89 90 93 94 97 106 151 188 194 213 300 302 304 317 346 449 450 453 472 473 584 625 626 634 641 719 720 726 731 732 835 1011 1012 1013 1015 1016 1017 1018 1019 1153 1159 1191 1432 1444 1446 1513 1514 1604 1642 1678 1845 1851 1852 1853 1896 2024 2095 2097 2098 2099 2108 2109 2110 2111 2252 2260 2370 2371 2476 2548 2646 2696 2706 2756 2766 2778 2838 2844 2887 2894 2974 3018 3110 3176 3195 3230 
69 87 89 90 93 94 106 151 187 188 194 300 304 310 317 441 449 450 472 473 584 625 626 627 641 719 720 721 731 732 835 1012 1013 1015 1016 1017 1018 1019 1152 1153 1159 1430 1432 1444 1446 1604 1642 1844 1845 1851 1852 1853 2024 2095 2103 2104 2108 2109 2110 2111 2260 2289 2371 2418 2476 2478 2548 2601 2602 2646 2696 2702 2706 2756 2766 2776 2778 2838 2839 2844 2887 2893 2955 3009 
69 87 89 91 106 151 190 194 300 304 313 317 441 447 472 473 584 623 624 641 717 718 731 732 835 1015 1016 1017 1018 1019 1155 1159 1436 1437 1444 1446 1604 1644 1847 1851 1852 1853 2024 2095 2108 2109 2110 2111 2260 2371 2476 2548 2646 2696 2706 2756 2766 2778 2838 2844 2883 2887 2958 3012 
69 87 90 91 106 151 190 191 194 300 304 313 317 441 447 472 473 584 623 624 641 717 718 731 732 835 1015 1017 1018 1019 1155 1156 1159 1436 1437 1438 1444 1446 1604 1644 1645 1847 1848 1851 1852 1853 2024 2095 2108 2109 2110 2111 2260 2371 2476 2548 2646 2696 2706 2756 2766 2778 2838 2844 2883 2887 2958 3012 
53 58 59 69 87 106 115 139 140 146 147 151 167 194 304 317 326 329 330 390 429 472 477 478 573 574 584 689 690 731 788 789 835 946 948 1019 1159 1285 1396 1397 1444 1446 1604 1778 1851 1852 1853 1954 2024 2095 2260 2476 2548 2646 2696 2756 2766 2838 2844 2887 2965 3029 3091 3127 3173 
87 88 89 90 91 190 191 193 194 300 304 313 314 317 441 447 472 473 624 641 717 718 731 732 1015 1016 1017 1018 1155 1156 1158 1159 1436 1437 1438 1443 1444 1644 1647 1847 1848 1850 1851 2108 2109 2110 2111 2112 2113 2114 2117 2257 2259 2371 2455 2473 2643 2645 2706 2760 2764 2765 2778 2841 2843 2883 2884 2886 2958 3012 
87 88 89 90 91 190 193 194 300 304 313 317 441 472 473 624 641 718 731 732 1015 1016 1017 1018 1155 1158 1159 1436 1437 1443 1444 1644 1647 1847 1850 1851 2108 2109 2110 2111 2117 2259 2260 2371 2455 2476 2645 2646 2706 2764 2765 2766 2778 2843 2844 2883 2886 2887 2958 3012 
87 89 90 91 99 100 190 194 210 300 302 304 313 317 441 453 462 463 472 473 624 637 640 641 718 728 729 731 732 1015 1016 1017 1018 1078 1155 1159 1188 1436 1437 1444 1508 1644 1648 1675 1847 1851 1893 2108 2109 2110 2111 2254 2260 2371 2450 2456 2706 2766 2767 2778 2844 2883 2887 2958 3012 3134 3202 3203 3232 3250 
87 88 89 90 91 190 191 193 194 300 304 313 314 317 441 447 472 473 624 641 717 718 731 732 1015 1016 1017 1018 1155 1156 1158 1159 1436 1437 1438 1443 1444 1644 1647 1847 1848 1850 1851 2108 2109 2110 2111 2112 2113 2114 2117 2257 2259 2371 2455 2456 2473 2476 2643 2645 2646 2706 2760 2764 2765 2766 2767 2778 2841 2843 2844 2883 2884 2886 2887 2958 3012 
88 89 90 91 190 191 193 313 314 441 447 473 624 641 717 718 732 1015 1016 1017 1155 1156 1158 1436 1437 1438 1443 1644 1647 1847 1848 1850 2108 2109 2110 2111 2112 2113 2114 2117 2257 2259 2260 2371 2455 2456 2473 2643 2645 2646 2706 2760 2764 2765 2767 2778 2841 2843 2883 2884 2886 2887 2958 3012 
69 88 89 90 91 106 151 190 191 193 313 314 441 447 473 584 624 641 717 718 732 835 1015 1016 1017 1019 1155 1156 1158 1436 1437 1438 1443 1446 1604 1644 1647 1847 1848 1850 1852 1853 2024 2095 2108 2109 2110 2111 2112 2113 2114 2257 2259 2371 2455 2473 2548 2643 2645 2696 2706 2756 2760 2764 2765 2778 2838 2841 2843 2883 2884 2886 2958 3012 
87 88 89 90 91 190 191 193 313 314 441 447 473 624 641 717 718 732 1015 1016 1017 1018 1155 1156 1158 1436 1437 1438 1443 1644 1647 1847 1848 1850 2108 2109 2110 2111 2112 2113 2114 2117 2257 2259 2260 2371 2455 2456 2473 2643 2645 2646 2706 2760 2764 2765 2767 2778 2841 2843 2883 2884 2886 2887 2958 3012 
48 49 58 80 81 101 102 134 140 147 168 179 208 209 244 253 326 328 358 422 461 476 496 502 503 555 572 635 644 645 703 704 705 706 727 752 753 790 826 950 994 1076 1079 1186 1187 1286 1314 1398 1421 1503 1505 1673 1674 1821 1822 1823 1824 1891 1892 1951 2022 2086 2169 2170 2171 2172 2173 2359 2382 2465 2499 2858 2859 2860 2905 2985 3045 3086 3109 3124 3132 3199 3248 3279 
53 58 59 101 102 115 139 140 146 147 168 208 209 326 328 330 358 390 429 461 476 478 496 502 503 572 574 635 644 645 689 690 727 752 753 788 790 946 950 1076 1079 1186 1187 1286 1396 1398 1503 1505 1673 1674 1778 1891 1892 1954 2169 2170 2171 2172 2173 2382 2965 3029 3091 3109 3127 3132 3173 3199 3248 3279 
69 87 89 90 91 106 151 190 191 313 314 441 447 473 584 624 641 717 718 732 835 1015 1016 1017 1018 1019 1155 1156 1436 1437 1438 1446 1604 1644 1847 1848 1852 1853 2024 2095 2108 2109 2110 2111 2112 2113 2114 2257 2371 2473 2548 2643 2696 2706 2756 2760 2778 2838 2841 2883 2884 2958 3012 
66 70 87 89 90 93 97 98 99 100 101 102 103 104 105 140 187 188 214 215 216 217 218 219 220 221 222 300 302 310 358 368 371 372 441 450 453 461 462 473 496 502 504 505 506 626 627 634 635 636 637 641 644 645 646 647 648 720 721 726 727 728 729 732 752 753 754 755 756 1012 1015 1016 1017 1018 1020 1024 1025 1026 1027 1090 1091 1092 1093 1094 1096 1097 1124 1152 1153 1212 1213 1214 1215 1216 1217 1218 1219 1220 1222 1430 1432 1446 1462 1533 1534 1536 1538 1540 1541 1543 1545 1546 1548 1549 1620 1621 1642 1689 1690 1691 1692 1693 1694 1695 1697 1844 1845 1908 1909 1910 1911 1912 1913 1914 1915 1916 2005 2103 2104 2108 2109 2110 2111 2129 2130 2131 2132 2199 2200 2201 2202 2203 2204 2205 2206 2215 2219 2289 2329 2330 2331 2332 2333 2334 2335 2336 2337 2371 2372 2374 2386 2387 2388 2418 2436 2437 2438 2478 2518 2521 2576 2577 2578 2579 2601 2602 2610 2630 2677 2678 2680 2681 2702 2706 2709 2776 2778 2779 2787 2819 2820 2821 2839 2881 2897 2912 2932 2933 2934 2953 2955 2956 2981 3005 3006 3007 3009 3010 3039 3062 3063 3114 3156 3158 3189 3225 3227 3273 3274 3303 3304 3305 3311 3332 3333 3334 3344 3359 3361 3367 3378 3390 3395 3408 3416 3422 3436 3437 3438 3439 3443 3452 3460 3472 3478 3483 3494 3500 3507 3509 
66 70 87 89 90 91 94 97 140 190 213 300 302 313 346 449 450 453 473 625 626 634 641 719 720 726 732 1011 1012 1013 1014 1015 1016 1017 1018 1124 1155 1191 1436 1437 1446 1513 1514 1644 1678 1847 1896 2097 2098 2099 2108 2109 2110 2111 2252 2370 2371 2706 2778 2883 2894 2958 2974 3012 3018 3110 3176 3195 3230 
66 70 87 89 90 91 92 94 140 187 189 300 310 441 449 450 473 624 625 626 627 641 718 719 720 721 732 1012 1013 1014 1015 1016 1017 1018 1124 1152 1154 1430 1435 1446 1643 1844 1846 2103 2104 2107 2108 2109 2110 2111 2289 2291 2371 2418 2420 2478 2601 2602 2605 2702 2704 2706 2776 2777 2778 2839 2840 2881 2955 2956 3009 3010 
66 70 87 89 90 91 93 140 188 190 191 300 313 314 447 449 450 473 625 626 641 717 719 720 732 1013 1014 1015 1016 1017 1018 1124 1153 1155 1156 1432 1436 1437 1438 1446 1642 1644 1845 1847 1848 2107 2108 2109 2110 2111 2112 2113 2114 2257 2291 2371 2420 2473 2480 2606 2643 2706 2760 2777 2778 2840 2841 2881 2883 2884 2956 2958 3010 3012 
66 70 87 89 90 93 140 188 190 300 313 441 449 450 473 624 625 626 641 718 719 720 732 1013 1014 1015 1016 1017 1018 1124 1153 1155 1432 1436 1437 1446 1642 1644 1845 1847 2107 2108 2109 2110 2111 2291 2371 2420 2480 2606 2706 2777 2778 2840 2881 2883 2956 2958 3010 3012 
66 91 92 94 140 187 189 190 300 310 313 441 449 450 624 625 626 627 718 719 720 721 1012 1013 1014 1152 1154 1155 1430 1435 1436 1437 1643 1644 1844 1846 1847 2100 2101 2102 2105 2107 2288 2290 2291 2417 2419 2420 2479 2599 2603 2604 2605 2701 2703 2704 2757 2758 2777 2840 2880 2881 2883 2956 2958 3009 3010 3012 
66 70 87 89 90 94 97 140 190 213 300 302 313 346 441 449 450 453 473 624 625 626 634 641 718 719 720 726 732 1011 1012 1013 1014 1015 1016 1017 1018 1124 1155 1191 1436 1437 1446 1513 1514 1644 1678 1847 1896 2097 2098 2099 2108 2109 2110 2111 2252 2370 2371 2706 2778 2883 2894 2958 2974 3012 3018 3110 3176 3195 3230 
66 76 77 138 184 185 277 278 279 296 297 436 564 565 566 711 831 832 1004 1006 1426 1427 1949 1950 2054 2971 2972 3025 3026 3082 3083 3084 3122 3123 3169 3170 
70 87 89 90 91 190 313 441 448 473 624 641 718 732 1015 1016 1017 1018 1124 1155 1436 1437 1446 1644 1847 2108 2109 2110 2111 2371 2706 2778 2883 2958 3012 
66 70 87 89 90 91 93 97 98 99 100 101 102 103 104 105 140 187 188 190 214 215 216 217 218 219 220 221 222 300 302 310 313 358 368 371 372 441 450 453 461 462 473 496 502 504 505 506 624 626 627 634 635 636 637 641 644 645 646 647 648 718 720 721 726 727 728 729 732 752 753 754 755 756 1012 1020 1024 1025 1026 1027 1090 1091 1092 1093 1094 1096 1097 1124 1152 1153 1155 1212 1213 1214 1215 1216 1217 1218 1219 1220 1222 1430 1432 1436 1437 1462 1533 1534 1536 1538 1540 1541 1543 1545 1546 1548 1549 1620 1621 1642 1644 1689 1690 1691 1692 1693 1694 1695 1697 1844 1845 1847 1908 1909 1910 1911 1912 1913 1914 1915 1916 2005 2100 2101 2102 2129 2130 2131 2132 2199 2200 2201 2202 2203 2204 2205 2206 2215 2219 2288 2329 2330 2331 2332 2333 2334 2335 2336 2337 2372 2374 2386 2387 2388 2417 2436 2437 2438 2518 2521 2576 2577 2578 2579 2599 2610 2630 2677 2678 2680 2681 2701 2709 2757 2779 2787 2819 2820 2821 2880 2883 2897 2912 2932 2933 2934 2953 2958 2981 3005 3006 3007 3009 3012 3039 3062 3063 3114 3156 3158 3189 3225 3227 3273 3274 3303 3304 3305 3311 3332 3333 3334 3344 3359 3361 3367 3378 3390 3395 3408 3416 3422 3436 3437 3438 3439 3443 3452 3460 3472 3478 3483 3494 3500 3507 3509 
66 91 92 94 140 187 189 190 300 310 313 441 449 450 624 625 626 627 718 719 720 721 1012 1013 1014 1152 1154 1155 1430 1435 1436 1437 1643 1644 1844 1846 1847 2100 2101 2102 2105 2288 2290 2417 2419 2479 2599 2603 2604 2701 2703 2757 2758 2880 2881 2883 2893 2956 2958 3009 3010 3012 
66 91 92 93 94 140 187 189 190 300 310 313 441 449 624 625 627 718 719 721 1012 1013 1014 1152 1154 1155 1430 1435 1436 1437 1643 1644 1844 1846 1847 2100 2101 2102 2105 2288 2290 2417 2419 2479 2599 2603 2604 2701 2703 2757 2758 2880 2881 2883 2893 2956 2958 3009 3010 3012 
70 87 90 91 92 189 190 191 312 313 314 441 447 449 473 623 624 641 717 718 719 732 1015 1017 1018 1124 1154 1155 1156 1160 1434 1435 1436 1437 1438 1446 1643 1644 1645 1846 1847 1848 2108 2109 2110 2111 2112 2113 2114 2257 2292 2371 2453 2473 2481 2607 2643 2705 2706 2759 2760 2761 2778 2841 2882 2883 2884 2958 3011 3012 
66 70 87 89 90 91 92 93 94 140 187 189 300 310 441 449 473 624 625 627 641 718 719 721 732 1012 1013 1014 1015 1016 1017 1018 1124 1152 1154 1430 1435 1446 1643 1844 1846 2103 2104 2107 2108 2109 2110 2111 2289 2291 2371 2418 2420 2478 2601 2602 2605 2702 2704 2706 2776 2777 2778 2839 2840 2881 2893 2955 2956 3009 3010 
66 70 87 89 90 93 97 98 99 100 101 102 103 104 105 140 187 188 214 215 216 217 218 219 220 221 222 300 302 310 358 368 371 372 441 450 453 461 462 473 496 502 504 505 506 626 627 634 635 636 637 641 644 645 646 647 648 720 721 726 727 728 729 732 752 753 754 755 756 1012 1015 1016 1017 1018 1020 1024 1025 1026 1027 1090 1091 1092 1093 1094 1096 1097 1124 1152 1153 1212 1213 1214 1215 1216 1217 1218 1219 1220 1222 1430 1432 1446 1462 1533 1534 1536 1538 1540 1541 1543 1545 1546 1548 1549 1620 1621 1642 1689 1690 1691 1692 1693 1694 1695 1697 1844 1845 1908 1909 1910 1911 1912 1913 1914 1915 1916 2005 2103 2104 2108 2109 2110 2111 2129 2130 2131 2132 2199 2200 2201 2202 2203 2204 2205 2206 2215 2219 2289 2329 2330 2331 2332 2333 2334 2335 2336 2337 2371 2372 2374 2386 2387 2388 2418 2436 2437 2438 2478 2518 2521 2576 2577 2578 2579 2601 2602 2610 2630 2677 2678 2680 2681 2702 2706 2709 2776 2778 2779 2787 2819 2820 2821 2839 2893 2897 2912 2932 2933 2934 2953 2955 2981 3005 3006 3007 3009 3039 3062 3063 3114 3156 3158 3189 3225 3227 3273 3274 3303 3304 3305 3311 3332 3333 3334 3344 3359 3361 3367 3378 3390 3395 3408 3416 3422 3436 3437 3438 3439 3443 3452 3460 3472 3478 3483 3494 3500 3507 3509 
48 49 50 53 58 59 60 61 62 66 68 71 80 81 101 104 116 134 135 139 146 147 148 149 155 156 157 158 159 160 161 168 169 178 209 215 225 228 244 254 255 257 261 326 329 330 331 332 389 392 394 404 423 424 425 426 477 478 479 480 502 505 556 557 573 574 575 576 601 615 616 644 647 670 676 677 678 679 680 683 694 695 697 703 704 705 706 752 755 777 778 779 780 781 783 784 790 814 825 923 930 932 934 935 936 938 950 974 992 1136 1137 1140 1187 1213 1278 1279 1280 1286 1304 1313 1389 1390 1391 1392 1393 1398 1411 1420 1505 1534 1598 1674 1690 1749 1758 1759 1760 1766 1791 1792 1793 1794 1821 1822 1823 1824 1892 1909 1951 1957 1963 1964 1965 1966 1967 2016 2018 2022 2031 2032 2063 2085 2086 2169 2192 2263 2264 2271 2272 2349 2350 2358 2359 2396 2402 2403 2404 2446 2464 2465 2499 2523 2550 2552 2593 2649 2744 2768 2791 2794 2848 2849 2850 2858 2859 2860 2866 2868 2879 2891 2905 2919 2938 2949 2961 2962 2985 2988 2989 3015 3032 3045 3046 3049 3086 3099 3100 3124 3130 3131 3139 3181 3182 3212 3235 3256 3290 3315 3316 3337 3350 3382 3397 3410 3427 3446 3454 3464 3473 3484 3490 3499 3503 
66 70 87 89 90 91 92 94 140 187 189 300 310 441 449 450 473 624 625 626 627 641 718 719 720 721 732 1012 1013 1014 1015 1016 1017 1018 1124 1152 1154 1430 1435 1446 1643 1844 1846 2103 2104 2107 2108 2109 2110 2111 2289 2291 2371 2418 2420 2478 2601 2602 2605 2702 2704 2706 2776 2777 2778 2839 2840 2881 2893 2955 2956 3009 3010 
48 49 58 66 78 80 81 104 138 147 168 181 183 206 280 295 326 328 476 505 567 572 647 703 704 705 706 708 755 790 828 830 834 950 998 1002 1003 1184 1286 1316 1318 1398 1423 1425 1499 1671 1748 1821 1822 1823 1824 1831 1833 1834 1889 1947 1951 1990 1992 2022 2023 2043 2052 2086 2089 2091 2157 2359 2364 2365 2368 2465 2468 2470 2499 2591 2592 2858 2859 2860 2905 2985 3017 3023 3045 3075 3076 3077 3079 3086 3104 3124 3164 3167 3192 3193 3194 
48 58 66 80 81 104 134 147 168 179 206 244 253 254 326 328 422 423 476 505 555 556 572 647 703 704 705 706 755 790 826 950 994 1184 1286 1314 1398 1421 1499 1671 1821 1822 1823 1824 1889 1951 2022 2086 2157 2359 2465 2499 2858 2859 2860 2905 2985 3045 3086 3124 
49 58 66 80 81 104 134 147 168 178 206 244 253 254 326 328 422 423 476 505 555 556 572 647 703 704 705 706 755 790 825 950 992 1184 1286 1313 1398 1420 1499 1671 1821 1822 1823 1824 1889 1951 2022 2086 2157 2359 2465 2499 2858 2859 2860 2905 2985 3045 3086 3124 
66 70 87 89 90 92 140 189 190 300 313 441 449 473 624 625 641 718 719 732 1014 1015 1016 1017 1018 1124 1154 1155 1435 1436 1437 1446 1605 1643 1644 1846 1847 1854 2108 2109 2110 2111 2293 2371 2483 2698 2706 2778 2883 2893 2957 2958 3011 3012 
48 49 53 58 59 66 80 81 101 115 134 139 146 147 178 209 244 254 330 390 423 429 478 502 556 574 644 689 690 703 704 705 706 752 788 825 946 992 1187 1313 1396 1420 1505 1674 1778 1821 1822 1823 1824 1892 1954 2022 2059 2086 2169 2359 2465 2499 2858 2859 2860 2905 2965 3029 3091 3127 3173 
48 49 58 66 80 104 134 147 168 178 206 244 254 326 328 423 476 505 556 572 647 703 704 706 755 790 825 950 992 1184 1286 1313 1398 1420 1499 1671 1821 1822 1823 1824 1889 1951 2022 2086 2157 2359 2465 2499 2858 2859 2860 2905 2985 3045 3086 3124 
48 49 58 66 81 104 134 147 168 178 206 244 254 326 328 423 476 505 556 572 647 703 704 705 755 790 825 950 992 1184 1286 1313 1398 1420 1499 1671 1821 1822 1823 1824 1889 1951 2022 2086 2157 2359 2465 2499 2858 2859 2860 2905 2985 3045 3086 3124 
53 59 66 115 139 146 147 167 326 328 329 330 390 429 476 477 478 572 573 574 689 690 788 789 946 948 1285 1396 1397 1778 1954 2965 3029 3091 3127 3173 
56 58 59 61 62 63 64 65 69 70 73 75 76 77 78 79 80 81 82 83 85 86 87 88 89 91 92 93 94 95 97 98 99 100 101 102 103 104 105 142 150 151 153 154 190 191 313 314 348 349 350 351 352 353 354 355 356 373 374 375 376 378 379 380 381 382 383 384 385 386 387 388 441 447 473 486 487 488 490 491 492 493 507 508 509 514 515 516 517 519 520 522 523 525 529 530 533 534 536 537 538 539 540 579 580 581 582 583 592 593 594 595 596 597 598 599 600 607 608 609 612 624 641 649 650 651 652 653 654 655 656 657 658 659 660 661 662 663 664 665 666 667 668 717 718 732 757 758 759 760 761 762 763 764 765 768 769 770 771 772 773 774 775 776 870 871 872 873 874 902 903 904 905 906 907 908 909 910 911 912 913 928 929 1015 1016 1017 1018 1082 1084 1124 1125 1126 1129 1131 1133 1155 1156 1211 1258 1259 1260 1261 1262 1263 1264 1265 1266 1267 1268 1269 1270 1271 1272 1273 1274 1351 1353 1354 1355 1364 1365 1366 1367 1369 1384 1385 1386 1387 1436 1437 1438 1446 1516 1517 1518 1531 1581 1582 1583 1584 1586 1588 1590 1591 1592 1593 1631 1632 1638 1639 1640 1644 1718 1720 1722 1723 1724 1740 1741 1742 1743 1744 1745 1747 1847 1848 1898 1906 1936 1937 1939 1940 1941 1942 1943 1945 2011 2012 2013 2014 2049 2050 2108 2109 2110 2111 2112 2113 2114 2184 2242 2246 2249 2251 2257 2343 2345 2371 2383 2442 2443 2444 2473 2512 2537 2541 2543 2544 2546 2547 2586 2587 2641 2642 2643 2674 2687 2706 2737 2738 2740 2741 2760 2778 2786 2789 2824 2825 2841 2883 2884 2907 2913 2914 2917 2946 2958 2982 2983 3012 3022 3096 
48 49 53 58 59 66 80 81 101 134 146 167 168 178 209 244 254 267 328 423 476 477 502 556 572 573 644 690 703 704 705 706 752 789 790 825 948 950 992 1187 1286 1313 1397 1398 1420 1505 1674 1821 1822 1823 1824 1892 1951 1955 2022 2086 2169 2359 2465 2499 2858 2859 2860 2905 2966 2985 3030 3045 3086 3093 3124 3128 3174 
48 49 50 53 59 60 61 62 66 68 71 80 81 101 116 134 135 139 146 147 148 149 155 156 157 158 159 160 161 168 169 178 209 217 225 228 244 254 255 257 326 328 329 330 331 332 389 392 394 404 423 424 425 426 476 477 478 479 480 502 556 557 572 573 574 575 576 601 615 616 644 670 676 677 678 679 680 683 694 695 696 697 703 704 705 706 752 777 778 779 780 781 783 784 790 814 825 923 930 932 934 935 936 939 950 974 992 1136 1137 1140 1187 1215 1278 1279 1280 1281 1286 1304 1313 1389 1390 1391 1392 1393 1398 1411 1420 1505 1538 1598 1674 1692 1749 1758 1759 1760 1766 1791 1792 1793 1794 1821 1822 1823 1824 1892 1911 1951 1957 1963 1964 1965 1966 1967 2016 2018 2022 2031 2032 2063 2085 2086 2169 2202 2263 2264 2271 2272 2349 2350 2358 2359 2396 2402 2403 2404 2446 2464 2465 2499 2523 2550 2552 2593 2649 2744 2768 2791 2794 2848 2849 2850 2858 2859 2860 2866 2868 2879 2891 2905 2919 2938 2949 2961 2962 2985 2988 2989 3015 3032 3045 3046 3049 3086 3099 3100 3124 3130 3131 3139 3181 3182 3212 3235 3256 3290 3315 3316 3337 3350 3382 3397 3410 3427 3446 3454 3464 3473 3484 3490 3499 3503 
66 70 87 90 91 140 190 191 192 304 313 314 315 441 447 464 473 624 641 642 717 718 732 733 1015 1016 1017 1018 1124 1155 1156 1157 1436 1437 1438 1440 1441 1446 1644 1646 1847 1848 1849 2108 2109 2110 2111 2112 2113 2114 2115 2116 2257 2258 2371 2473 2474 2643 2644 2706 2760 2763 2778 2841 2842 2883 2884 2885 2958 3012 
66 93 94 97 140 188 213 300 302 346 450 453 626 634 720 726 1011 1012 1153 1191 1432 1513 1514 1642 1678 1845 1896 2096 2097 2098 2099 2252 2370 2471 2597 2707 2894 2974 3018 3110 3176 3195 3230 
66 70 88 89 90 93 94 140 187 188 193 300 310 441 449 450 473 625 626 627 641 719 720 721 732 1012 1013 1015 1016 1017 1124 1152 1153 1158 1430 1432 1443 1446 1642 1647 1844 1845 1850 2103 2104 2108 2109 2110 2111 2259 2289 2371 2418 2455 2478 2601 2602 2645 2702 2706 2764 2765 2776 2778 2839 2843 2886 2893 2955 3009 
70 87 89 90 91 93 94 187 188 190 191 310 313 314 441 447 449 450 473 624 625 626 627 641 717 718 719 720 721 732 1012 1013 1016 1017 1018 1124 1152 1153 1155 1156 1430 1432 1436 1437 1438 1446 1642 1644 1844 1845 1847 1848 2100 2101 2102 2112 2113 2114 2257 2288 2417 2473 2599 2643 2701 2757 2760 2841 2880 2883 2884 2958 3009 3012 
66 70 87 89 90 93 94 97 140 188 191 213 302 314 346 447 449 450 453 473 625 626 634 641 717 719 720 726 732 1011 1012 1013 1015 1016 1017 1018 1124 1153 1156 1191 1432 1438 1446 1513 1514 1642 1678 1845 1848 1896 2097 2098 2099 2108 2109 2110 2111 2112 2113 2114 2252 2257 2370 2371 2473 2643 2706 2760 2778 2841 2884 2894 2974 3018 3110 3176 3195 3230 
66 70 87 91 93 94 140 187 188 190 194 300 304 310 313 317 441 450 472 624 626 627 718 720 721 731 1012 1124 1152 1153 1155 1159 1430 1432 1436 1437 1444 1446 1642 1644 1844 1845 1847 1851 2100 2101 2102 2260 2288 2417 2476 2599 2646 2701 2757 2766 2844 2880 2883 2887 2958 3009 3012 
66 70 87 89 90 93 94 97 140 188 213 300 302 346 450 453 473 626 634 641 720 726 732 1011 1012 1015 1016 1017 1018 1124 1153 1191 1432 1446 1513 1514 1642 1678 1845 1896 2097 2098 2099 2108 2109 2110 2111 2252 2370 2371 2706 2778 2894 2974 3018 3110 3176 3195 3230 
70 87 89 90 91 92 189 190 191 313 314 447 449 473 625 641 717 719 732 1014 1015 1016 1017 1018 1124 1154 1155 1156 1435 1436 1437 1438 1446 1605 1643 1644 1846 1847 1848 1854 2108 2109 2110 2111 2112 2113 2114 2257 2293 2371 2473 2483 2643 2698 2706 2760 2778 2841 2883 2884 2893 2957 2958 3011 3012 
66 70 87 89 90 91 140 190 191 192 304 313 314 315 441 447 464 624 642 717 718 733 1015 1016 1018 1124 1155 1156 1157 1436 1437 1438 1440 1446 1644 1847 1848 1849 2108 2109 2110 2111 2112 2113 2114 2257 2258 2371 2454 2473 2643 2644 2706 2760 2762 2763 2778 2841 2842 2883 2884 2885 2958 3012 
66 70 89 90 93 94 97 140 188 213 300 302 304 346 449 450 453 472 473 625 626 634 640 641 719 720 726 731 732 1011 1012 1013 1015 1016 1017 1018 1124 1153 1191 1432 1446 1513 1514 1642 1678 1845 1896 2097 2098 2099 2108 2109 2110 2111 2252 2370 2371 2706 2778 2894 2974 3018 3110 3176 3195 3230 
70 88 89 90 91 190 191 193 313 314 441 447 473 624 641 717 718 732 1015 1016 1017 1124 1155 1156 1158 1436 1437 1438 1443 1446 1644 1647 1847 1848 1850 2108 2109 2110 2111 2112 2113 2114 2257 2259 2371 2455 2473 2643 2645 2706 2760 2764 2765 2778 2841 2843 2883 2884 2886 2958 3012 
70 75 88 89 90 91 105 186 190 193 277 300 313 358 436 441 473 506 564 624 641 718 732 756 833 1009 1015 1016 1017 1072 1124 1155 1158 1321 1428 1436 1437 1443 1446 1644 1647 1847 1850 1946 2051 2108 2109 2110 2111 2259 2371 2381 2455 2645 2706 2717 2764 2765 2778 2843 2883 2886 2906 2958 2984 3012 3042 3043 3073 3119 
70 87 89 90 93 94 97 101 102 188 194 208 209 213 300 302 304 317 346 358 449 450 453 461 472 473 496 502 503 625 626 634 635 641 644 645 719 720 726 727 731 732 752 753 1011 1012 1013 1015 1016 1017 1018 1076 1079 1124 1153 1159 1186 1187 1191 1432 1444 1446 1503 1505 1513 1514 1642 1673 1674 1678 1845 1851 1891 1892 1896 2097 2098 2099 2108 2109 2110 2111 2169 2170 2171 2172 2173 2252 2260 2370 2371 2382 2476 2646 2706 2766 2778 2844 2887 2894 2974 3018 3109 3110 3132 3176 3195 3199 3230 3248 3279 
66 87 89 90 93 94 97 140 188 194 213 300 302 304 346 449 450 453 472 473 625 626 634 640 641 719 720 726 731 732 1011 1012 1013 1015 1016 1017 1018 1153 1159 1191 1432 1444 1513 1514 1642 1648 1678 1845 1851 1896 2097 2098 2099 2108 2109 2110 2111 2252 2370 2371 2706 2778 2894 2974 3018 3110 3176 3195 3230 
87 88 89 90 91 190 193 194 300 304 313 317 441 472 473 624 641 718 731 732 1015 1016 1017 1018 1155 1158 1159 1436 1437 1443 1444 1644 1647 1847 1850 1851 2108 2109 2110 2111 2117 2259 2260 2371 2455 2456 2476 2645 2646 2706 2764 2765 2766 2767 2778 2843 2844 2883 2886 2887 2958 3012 
58 59 61 62 67 77 128 235 237 239 274 350 351 353 354 382 408 410 433 487 488 490 491 534 543 545 562 579 580 582 583 594 743 744 746 747 847 848 862 863 866 867 1332 1333 1342 1343 1346 1347 1470 1493 1495 1869 1883 1884 1885 1886 1887 2028 2145 2156 2379 2380 2498 2589 2691 2831 2832 2878 2943 2978 3041 3116 
75 77 105 138 140 184 185 186 277 278 279 296 297 358 436 506 564 565 566 710 711 756 831 832 833 1004 1006 1009 1072 1321 1426 1427 1428 1946 1949 1950 2051 2054 2381 2717 2906 2972 2984 3025 3026 3042 3043 3073 3082 3083 3084 3119 3122 3123 3169 3170 
75 76 77 78 105 138 140 183 184 185 186 277 278 279 280 295 296 297 358 436 506 564 565 566 567 756 830 831 832 833 1002 1003 1004 1006 1009 1072 1318 1321 1425 1426 1427 1428 1842 1946 1948 1950 2051 2053 2381 2717 2906 2972 2984 3024 3026 3042 3043 3073 3081 3084 3119 3123 3168 3170 
48 49 58 75 76 77 80 81 101 134 138 147 168 179 184 186 209 244 253 277 279 326 328 422 436 438 476 502 555 564 566 572 644 703 704 705 706 710 711 752 790 826 831 833 950 994 1004 1009 1187 1286 1314 1319 1321 1398 1421 1426 1428 1505 1674 1821 1822 1823 1824 1843 1892 1946 1949 1951 2022 2051 2169 2359 2465 2499 2858 2859 2860 2905 2906 2971 2984 2985 3025 3042 3043 3045 3073 3083 3086 3119 3122 3124 3169 
66 87 89 90 91 140 190 191 194 304 313 314 441 447 472 473 624 640 641 717 718 731 732 1015 1016 1017 1018 1155 1156 1159 1436 1437 1438 1444 1644 1648 1847 1848 1851 2108 2109 2110 2111 2112 2113 2114 2257 2371 2473 2643 2706 2760 2778 2841 2883 2884 2958 3012 
66 75 77 138 184 185 186 277 278 279 296 297 436 564 565 566 710 711 831 832 833 1004 1006 1009 1321 1426 1427 1428 1946 1949 1950 2051 2054 2972 2984 3025 3026 3042 3043 3073 3082 3083 3084 3119 3122 3123 3169 3170 
66 76 77 102 103 104 138 140 184 185 206 278 279 296 297 358 505 506 565 566 647 648 755 756 831 832 1004 1006 1072 1073 1074 1075 1184 1426 1427 1499 1671 1843 1889 1949 1950 2054 2157 2158 2159 2160 2381 2499 2615 2717 2861 2862 2906 2972 3025 3026 3082 3083 3084 3122 3123 3169 3170 
48 49 58 66 80 81 134 147 168 178 244 254 326 328 423 476 556 572 703 704 705 706 790 825 950 992 1286 1313 1398 1420 1821 1822 1823 1824 1951 2022 2086 2359 2465 2858 2859 2860 2905 2985 3045 3086 3124 
66 91 93 94 101 102 140 187 188 190 208 209 300 310 313 358 441 449 450 461 496 502 503 624 625 626 627 635 644 645 718 719 720 721 727 752 753 1012 1013 1076 1079 1152 1153 1155 1186 1187 1430 1432 1436 1437 1503 1505 1642 1644 1673 1674 1844 1845 1847 1891 1892 2100 2101 2102 2169 2170 2171 2172 2173 2288 2382 2417 2599 2701 2757 2880 2883 2958 3009 3012 3109 3132 3199 3248 3279 
48 49 58 78 80 81 101 102 134 138 140 147 168 179 183 208 209 244 253 280 295 326 328 358 422 461 476 496 502 503 555 567 572 635 644 645 703 704 705 706 727 752 753 790 826 830 950 994 1002 1003 1076 1079 1186 1187 1286 1314 1318 1398 1421 1425 1503 1505 1673 1674 1821 1822 1823 1824 1833 1891 1892 1951 2022 2086 2169 2170 2171 2172 2173 2359 2382 2465 2499 2858 2859 2860 2905 2985 3045 3086 3109 3124 3132 3199 3248 3279 
70 88 89 90 91 101 102 190 193 208 209 300 313 358 441 461 473 496 502 503 624 635 641 644 645 718 727 732 752 753 1015 1016 1017 1076 1079 1124 1155 1158 1186 1187 1436 1437 1443 1446 1503 1505 1644 1647 1673 1674 1847 1850 1891 1892 2108 2109 2110 2111 2169 2170 2171 2172 2173 2259 2371 2382 2455 2645 2706 2764 2765 2778 2843 2883 2886 2958 3012 3109 3132 3199 3248 3279 
87 89 90 91 101 102 190 194 208 209 300 304 313 358 441 461 472 473 496 502 503 624 635 640 641 644 645 718 727 731 732 752 753 1015 1016 1017 1018 1076 1079 1155 1159 1186 1187 1436 1437 1444 1503 1505 1644 1648 1673 1674 1847 1851 1891 1892 2108 2109 2110 2111 2169 2170 2171 2172 2173 2371 2382 2706 2778 2883 2958 3012 3109 3132 3199 3248 3279 
69 87 89 90 91 106 151 190 194 300 304 313 317 441 472 473 584 624 641 718 731 732 835 1015 1016 1017 1018 1019 1155 1159 1436 1437 1444 1446 1604 1644 1847 1851 1852 1853 2024 2095 2108 2109 2110 2111 2260 2371 2476 2548 2646 2696 2706 2756 2766 2778 2838 2844 2883 2887 2958 3012 
66 87 89 90 91 140 190 191 300 313 441 447 473 623 624 641 717 718 732 1015 1016 1017 1018 1155 1156 1436 1437 1438 1644 1645 1847 1848 2108 2109 2110 2111 2371 2706 2778 2883 2958 3012 
66 70 88 89 90 91 140 190 193 300 313 441 473 624 641 718 732 1015 1016 1017 1124 1155 1158 1436 1437 1443 1446 1644 1647 1847 1850 2108 2109 2110 2111 2259 2371 2455 2645 2706 2764 2765 2778 2843 2883 2886 2958 3012 
48 49 58 70 80 81 87 104 134 140 147 168 178 179 194 206 244 253 254 304 317 326 328 422 423 472 476 505 555 556 572 647 703 704 705 706 731 755 790 825 826 950 992 994 1124 1159 1184 1286 1313 1314 1398 1420 1421 1444 1446 1499 1671 1821 1822 1823 1824 1851 1889 1951 2022 2086 2157 2260 2359 2465 2476 2499 2646 2766 2844 2858 2859 2860 2887 2905 2985 3045 3086 3124 
70 87 91 93 94 187 188 190 194 300 304 310 313 317 441 449 450 472 624 625 626 627 718 719 720 721 731 1012 1013 1124 1152 1153 1155 1159 1430 1432 1436 1437 1444 1446 1642 1644 1844 1845 1847 1851 2100 2101 2102 2260 2288 2417 2476 2599 2646 2701 2757 2766 2844 2880 2883 2887 2958 3009 3012 
66 70 87 89 90 93 94 97 140 188 213 300 302 346 449 450 453 473 625 626 634 641 719 720 726 732 1011 1012 1013 1015 1016 1017 1018 1124 1153 1191 1432 1446 1513 1514 1642 1678 1845 1896 2097 2098 2099 2108 2109 2110 2111 2252 2370 2371 2706 2778 2894 2974 3018 3110 3176 3195 3230 
48 49 58 70 75 80 81 87 104 134 140 147 168 178 186 194 206 244 254 277 304 317 326 328 423 436 472 476 505 556 564 572 647 703 704 705 706 731 755 790 825 833 950 992 1009 1124 1159 1184 1286 1313 1321 1398 1420 1428 1444 1446 1499 1671 1821 1822 1823 1824 1851 1889 1946 1951 2022 2051 2157 2260 2359 2465 2476 2499 2646 2766 2844 2858 2859 2860 2887 2905 2906 2984 2985 3042 3043 3045 3073 3086 3119 3124 
70 87 89 90 91 190 191 313 314 441 447 473 624 641 717 718 732 1015 1016 1017 1018 1124 1155 1156 1436 1437 1438 1446 1644 1847 1848 2108 2109 2110 2111 2112 2113 2114 2257 2371 2473 2643 2706 2760 2778 2841 2883 2884 2958 3012 
70 87 89 90 93 94 187 188 194 300 304 310 317 441 449 450 472 473 625 626 627 641 719 720 721 731 732 1012 1013 1015 1016 1017 1018 1124 1152 1153 1159 1430 1432 1444 1446 1642 1844 1845 1851 2103 2104 2108 2109 2110 2111 2260 2289 2371 2418 2476 2478 2601 2602 2646 2702 2706 2766 2776 2778 2839 2844 2887 2893 2955 3009 
70 87 89 91 190 194 300 304 313 317 441 447 472 473 623 624 641 717 718 731 732 1015 1016 1017 1018 1124 1155 1159 1436 1437 1444 1446 1644 1847 1851 2108 2109 2110 2111 2260 2371 2476 2646 2706 2766 2778 2844 2883 2887 2958 3012 
75 76 185 186 270 277 278 297 436 437 564 565 711 832 833 1006 1009 1321 1427 1428 1946 1950 2051 2972 2984 3026 3042 3043 3073 3084 3119 3123 3170 
70 87 90 91 190 191 194 300 304 313 317 441 447 472 473 623 624 641 717 718 731 732 1015 1017 1018 1124 1155 1156 1159 1436 1437 1438 1444 1446 1644 1645 1847 1848 1851 2108 2109 2110 2111 2260 2371 2476 2646 2706 2766 2778 2844 2883 2887 2958 3012 
75 76 105 138 140 185 186 277 278 297 358 436 506 564 565 711 756 832 833 1006 1009 1072 1321 1427 1428 1946 1950 2051 2381 2717 2906 2972 2984 3026 3042 3043 3073 3084 3119 3123 3170 
75 76 87 138 140 185 186 194 277 278 297 304 317 436 471 472 564 565 639 711 730 731 832 833 1006 1009 1124 1159 1321 1427 1428 1444 1446 1851 1946 1950 2051 2260 2476 2646 2766 2844 2887 2972 2984 3026 3042 3043 3073 3084 3119 3123 3170 
48 49 58 66 80 81 104 134 147 168 179 206 244 253 326 328 422 476 505 555 572 647 703 704 705 706 755 790 826 950 994 1184 1286 1314 1398 1421 1499 1671 1821 1822 1823 1824 1889 1951 2022 2086 2157 2359 2465 2499 2858 2859 2860 2905 2985 3045 3086 3124 
53 58 59 66 115 139 146 147 168 326 328 330 390 429 476 478 572 574 689 690 788 790 946 950 1286 1396 1398 1778 1954 2965 3029 3091 3127 3173 
70 87 89 90 91 190 194 300 304 313 317 441 472 473 624 641 718 731 732 1015 1016 1017 1018 1124 1155 1159 1436 1437 1444 1446 1644 1847 1851 2108 2109 2110 2111 2260 2371 2476 2646 2706 2766 2778 2844 2883 2887 2958 3012 
54 72 118 227 920 1350 1388 3040 3041 3067 3116 
66 75 76 138 185 186 277 278 297 436 564 565 711 832 833 1006 1009 1321 1427 1428 1946 1950 2051 2055 2972 2984 3026 3042 3043 3073 3084 3119 3123 3170 
66 76 102 103 104 138 140 185 206 277 278 297 358 436 505 506 564 565 647 648 711 755 756 832 1006 1072 1073 1074 1075 1184 1427 1499 1671 1889 1950 2157 2158 2159 2160 2381 2499 2615 2717 2861 2862 2906 2972 3026 3084 3123 3170 
48 49 58 66 78 80 81 104 134 138 147 168 179 183 206 244 253 280 295 326 328 422 476 505 555 567 572 647 703 704 705 706 755 790 826 830 950 994 1002 1003 1184 1286 1314 1318 1398 1421 1425 1499 1671 1821 1822 1823 1824 1833 1889 1951 2022 2086 2157 2359 2465 2499 2858 2859 2860 2905 2985 3045 3086 3124 
70 75 76 87 138 140 185 186 194 277 278 297 304 317 436 472 564 565 711 731 832 833 1006 1009 1124 1159 1321 1427 1428 1444 1446 1851 1946 1950 2051 2260 2476 2646 2766 2844 2887 2972 2984 3026 3042 3043 3073 3084 3119 3123 3170 
114 126 224 
119 123 223 
46 119 123 223 
6 
8 
13 
26 
29 
37 
96 
60 115 
3 46 119 223 
44 126 224 
54 58 59 61 62 67 72 118 128 227 235 237 239 350 351 353 354 408 410 487 488 490 491 543 545 579 580 582 583 743 744 746 747 862 863 866 867 920 1342 1343 1346 1347 1493 1495 1883 1884 1885 1886 1887 2028 2379 2943 2978 3041 3116 
66 69 70 84 87 88 89 90 91 92 93 94 140 144 151 195 196 197 198 199 200 201 202 300 304 318 322 325 441 447 449 450 464 472 473 584 623 624 625 626 627 640 641 642 717 718 719 720 721 731 732 733 836 1021 1022 1023 1024 1025 1026 1027 1124 1161 1162 1163 1164 1165 1166 1167 1168 1448 1450 1453 1454 1456 1459 1460 1462 1463 1464 1606 1608 1650 1651 1652 1654 1655 1656 1855 1856 1857 1858 1859 1860 1861 1862 1864 1996 2025 2118 2126 2127 2128 2129 2130 2131 2132 2136 2137 2138 2141 2142 2143 2298 2299 2300 2301 2306 2307 2308 2309 2310 2373 2374 2375 2422 2423 2424 2493 2560 2566 2664 2665 2670 2671 2750 2804 2810 2811 2872 2927 2929 2930 2952 2998 2999 3002 3036 3057 3059 3113 3150 3153 3186 3220 3222 3223 3242 3265 3269 3285 3298 3301 3310 3325 3326 3329 3341 3354 3357 3366 3374 3389 3393 3406 3414 3421 3432 3433 3434 3435 3442 3451 3457 3458 3468 3469 3477 3481 3487 3497 3505 3510 3511 
