66 69 70 84 86 87 88 89 90 91 92 93 94 140 144 151 191 195 196 197 198 199 200 201 202 300 304 319 320 321 322 324 348 441 448 449 450 451 471 472 473 474 494 584 624 627 641 718 719 720 721 730 731 732 733 836 1016 1024 1025 1028 1124 1156 1161 1162 1163 1164 1165 1166 1167 1168 1169 1439 1448 1450 1452 1454 1455 1456 1457 1459 1460 1462 1464 1606 1607 1645 1649 1652 1653 1654 1656 1848 1855 1856 1857 1858 1859 1860 1861 1862 1863 1864 1996 2025 2118 2125 2142 2143 2144 2257 2294 2295 2296 2297 2306 2308 2309 2310 2374 2375 2421 2423 2424 2453 2493 2556 2566 2567 2643 2662 2663 2669 2671 2672 2749 2750 2760 2761 2803 2810 2811 2841 2884 2926 2930 2996 2997 3002 3035 3056 3060 3147 3153 3185 3219 3223 3263 3264 3269 3284 3297 3300 3301 3310 3324 3329 3340 3353 3357 3366 3371 3389 3392 3405 3414 3421 3433 3442 3451 3458 3477 3481 3487 3493 3497 3506 3508 3510 3511 
69 86 87 88 89 90 92 93 106 125 151 188 189 191 192 193 300 304 311 312 348 447 449 450 473 474 494 584 623 641 642 717 719 720 732 733 835 1016 1018 1153 1154 1156 1157 1158 1432 1434 1439 1441 1443 1446 1604 1645 1646 1647 1845 1846 1848 1849 1850 1853 2024 2062 2095 2106 2108 2116 2117 2258 2259 2290 2371 2419 2454 2475 2479 2548 2603 2604 2644 2645 2696 2703 2758 2762 2763 2764 2778 2838 2842 2843 2881 2883 2885 2886 2893 2956 3010 3012 
69 86 87 88 89 90 92 93 106 125 151 188 189 191 192 193 300 304 311 312 348 449 450 473 474 494 584 641 642 719 720 732 733 835 1015 1016 1018 1153 1154 1156 1157 1158 1432 1434 1439 1441 1443 1446 1604 1645 1646 1647 1845 1846 1848 1849 1850 1853 2024 2062 2095 2106 2116 2117 2257 2258 2259 2290 2371 2419 2453 2454 2475 2479 2548 2603 2604 2643 2644 2645 2696 2703 2758 2760 2761 2762 2763 2764 2778 2838 2841 2842 2843 2881 2883 2884 2885 2886 2893 2956 3010 3012 
66 89 90 92 93 140 188 189 191 300 304 311 312 441 448 449 450 474 624 718 719 720 733 1014 1015 1016 1153 1154 1156 1432 1434 1439 1605 1645 1845 1846 1848 1854 2062 2106 2257 2290 2293 2371 2419 2453 2479 2483 2603 2604 2643 2698 2703 2758 2760 2761 2778 2841 2881 2883 2884 2956 2957 3010 3011 3012 
66 69 86 87 88 90 91 93 106 125 140 151 188 190 191 193 300 311 348 447 450 473 494 584 623 641 717 720 732 835 1014 1015 1017 1018 1153 1155 1156 1158 1432 1437 1439 1443 1446 1604 1605 1644 1645 1647 1845 1847 1848 1850 1853 2024 2095 2107 2108 2109 2110 2111 2116 2117 2257 2258 2259 2291 2293 2371 2420 2453 2454 2475 2484 2548 2605 2608 2643 2644 2645 2696 2698 2704 2706 2760 2761 2762 2763 2764 2777 2778 2838 2840 2841 2842 2843 2881 2884 2885 2886 2893 2956 2957 2958 3010 3011 3012 
69 86 87 88 89 90 91 93 106 125 151 188 190 191 192 193 300 304 311 348 441 447 448 450 473 474 494 584 623 624 641 642 717 718 720 732 733 835 1016 1018 1153 1155 1156 1157 1158 1160 1432 1437 1439 1441 1443 1446 1604 1644 1645 1646 1647 1845 1847 1848 1849 1850 1853 2024 2095 2106 2108 2116 2117 2258 2259 2290 2292 2371 2419 2454 2475 2479 2481 2548 2603 2604 2607 2644 2645 2696 2703 2705 2758 2759 2762 2763 2764 2778 2838 2842 2843 2881 2882 2885 2886 2956 2958 3010 3011 3012 
69 86 87 88 89 90 91 93 106 125 151 188 190 191 192 193 300 304 311 348 441 448 450 473 474 494 584 624 641 642 718 720 732 733 835 1015 1016 1018 1153 1155 1156 1157 1158 1160 1432 1437 1439 1441 1443 1446 1604 1644 1645 1646 1647 1845 1847 1848 1849 1850 1853 2024 2095 2106 2116 2117 2257 2258 2259 2290 2292 2371 2419 2453 2454 2475 2479 2481 2548 2603 2604 2607 2643 2644 2645 2696 2703 2705 2758 2759 2760 2761 2762 2763 2764 2778 2838 2841 2842 2843 2881 2882 2884 2885 2886 2956 2958 3010 3011 3012 
69 86 87 88 89 97 101 106 125 151 192 193 209 210 213 302 304 343 346 348 453 460 461 462 463 473 474 494 502 584 635 636 641 642 644 726 727 728 729 732 733 752 835 1018 1077 1078 1079 1080 1157 1158 1187 1188 1191 1441 1443 1446 1506 1507 1513 1604 1646 1647 1674 1849 1850 1853 1892 1893 1896 2024 2095 2116 2117 2177 2178 2252 2253 2254 2258 2259 2448 2449 2454 2475 2548 2644 2645 2696 2762 2763 2764 2838 2842 2843 2885 2886 3106 3110 3133 3134 3175 3176 3195 3200 3201 3202 3230 3231 3232 3249 3250 
69 86 87 88 90 91 92 93 94 97 106 125 151 188 190 191 193 213 300 302 348 441 447 448 450 460 473 494 584 623 624 626 634 641 717 718 720 726 732 835 1011 1012 1013 1015 1017 1018 1153 1155 1156 1158 1191 1432 1437 1439 1443 1446 1513 1604 1642 1644 1645 1647 1678 1845 1847 1848 1850 1853 1896 2024 2095 2097 2098 2099 2108 2109 2110 2111 2116 2117 2252 2257 2258 2259 2370 2371 2453 2454 2475 2548 2643 2644 2645 2696 2706 2760 2761 2762 2763 2764 2778 2838 2841 2842 2843 2884 2885 2886 2893 2894 2958 2974 3012 3018 3110 3176 3195 3230 
69 86 87 88 89 90 92 93 94 106 125 151 187 191 192 193 300 304 348 441 447 448 451 473 474 494 584 623 624 627 641 642 717 718 721 732 733 835 1012 1013 1014 1015 1017 1018 1152 1156 1157 1158 1430 1439 1441 1443 1446 1604 1641 1645 1646 1647 1844 1848 1849 1850 1853 2024 2095 2103 2104 2108 2109 2110 2111 2116 2117 2257 2258 2259 2289 2371 2418 2453 2454 2475 2478 2548 2602 2643 2644 2645 2696 2706 2760 2761 2762 2763 2764 2776 2778 2838 2839 2841 2842 2843 2880 2884 2885 2886 2955 3009 
69 86 87 88 89 90 91 92 93 106 125 151 188 189 190 191 192 193 300 304 311 312 348 441 448 449 450 473 474 494 584 624 641 642 718 719 720 732 733 835 1015 1016 1018 1153 1154 1155 1156 1157 1158 1432 1434 1437 1439 1441 1443 1446 1604 1644 1645 1646 1647 1845 1846 1847 1848 1849 1850 1853 2024 2095 2106 2116 2117 2257 2258 2259 2290 2371 2419 2453 2454 2475 2479 2548 2603 2604 2643 2644 2645 2696 2703 2758 2760 2761 2762 2763 2764 2778 2838 2841 2842 2843 2881 2884 2885 2886 2893 2956 3010 
47 48 49 58 77 78 80 81 138 147 168 179 181 182 183 270 280 291 293 294 326 328 438 439 476 566 567 572 703 704 705 706 707 708 709 790 826 828 829 830 950 994 995 998 999 1000 1001 1002 1286 1314 1316 1317 1318 1398 1421 1423 1424 1425 1822 1823 1824 1832 1833 1834 1835 1836 1837 1838 1839 1840 1947 1948 1951 1991 2022 2023 2044 2053 2086 2090 2359 2367 2465 2596 2694 2858 2859 2860 2905 2969 2973 2985 3017 3023 3024 3045 3075 3077 3079 3081 3086 3120 3124 3164 3166 3167 3168 3192 3194 
69 86 87 88 89 92 106 125 151 189 192 193 300 304 312 348 441 447 448 449 473 474 494 584 623 624 641 642 717 718 719 732 733 835 1014 1015 1016 1017 1018 1154 1157 1158 1434 1441 1443 1446 1604 1605 1646 1647 1846 1849 1850 1853 1854 2024 2095 2108 2109 2110 2111 2116 2117 2257 2258 2259 2293 2371 2453 2454 2475 2483 2548 2643 2644 2645 2696 2698 2706 2760 2761 2762 2763 2764 2778 2838 2841 2842 2843 2881 2884 2885 2886 2956 2957 3010 3011 
69 77 78 86 87 88 89 106 125 138 140 151 174 183 192 193 270 280 286 304 348 438 439 473 474 494 566 567 584 641 642 709 732 733 819 830 835 984 1002 1018 1157 1158 1318 1425 1441 1443 1446 1604 1646 1647 1849 1850 1853 1948 2024 2053 2095 2116 2117 2258 2259 2454 2475 2548 2644 2645 2696 2762 2763 2764 2838 2842 2843 2885 2886 3024 3081 3168 
69 86 87 88 90 92 93 97 99 106 125 151 188 189 191 192 193 211 213 300 302 304 315 344 348 447 449 450 453 460 461 473 474 494 584 623 625 626 634 635 636 641 717 719 720 726 727 728 732 733 835 1013 1015 1016 1017 1018 1079 1080 1153 1154 1156 1157 1158 1189 1191 1432 1434 1439 1440 1443 1446 1509 1510 1513 1604 1642 1643 1645 1647 1676 1678 1845 1846 1848 1849 1850 1853 1894 1896 2024 2095 2107 2108 2109 2110 2111 2116 2117 2179 2255 2257 2258 2259 2291 2371 2420 2453 2454 2475 2480 2548 2606 2643 2644 2645 2696 2706 2760 2761 2762 2763 2764 2777 2778 2838 2840 2841 2842 2843 2881 2884 2885 2886 2956 3010 3107 3135 3205 3233 3251 
49 53 58 62 81 133 146 148 165 178 553 555 556 573 574 575 576 687 688 689 690 703 704 705 706 786 825 942 992 1282 1313 1394 1420 1773 1774 1775 1821 1822 1823 1824 1952 2022 2086 2359 2465 2858 2859 2860 2905 2963 3027 3088 3125 3171 
47 58 62 66 78 133 134 146 148 165 168 182 183 244 280 294 419 439 552 567 572 573 574 575 576 687 688 689 690 708 786 790 829 830 942 950 1000 1001 1002 1282 1286 1317 1318 1394 1398 1424 1425 1773 1774 1775 1838 1839 1840 1947 1952 2963 2969 3023 3027 3079 3088 3120 3125 3167 3171 
66 89 90 91 93 140 188 190 191 304 311 313 441 450 474 624 718 720 733 1015 1016 1153 1155 1156 1160 1432 1436 1437 1439 1644 1645 1845 1847 1848 2062 2106 2257 2290 2292 2371 2419 2453 2479 2481 2603 2604 2607 2643 2703 2705 2758 2759 2760 2761 2778 2841 2881 2882 2883 2884 2893 2956 3010 3011 3012 
49 53 58 59 66 81 133 147 167 168 178 267 326 477 553 555 556 572 573 690 703 704 705 706 789 790 825 948 949 950 992 1285 1286 1313 1397 1398 1420 1821 1822 1823 1824 1951 1955 2022 2086 2359 2465 2858 2859 2860 2905 2966 2985 3030 3045 3086 3094 3124 3128 3174 
47 61 62 66 77 133 138 146 147 148 149 165 182 265 270 326 327 438 479 480 552 566 575 576 687 709 786 829 942 1001 1317 1394 1424 1838 1947 1948 1952 2052 2053 2057 3023 3024 3027 3078 3079 3081 3087 3088 3120 3125 3167 3168 3171 
66 91 92 93 140 188 189 190 300 311 312 441 448 449 450 624 718 719 720 1014 1153 1154 1155 1432 1434 1437 1605 1644 1845 1846 1847 1854 2106 2290 2293 2419 2479 2483 2603 2604 2698 2703 2758 2881 2956 2957 3010 3011 
66 91 93 140 188 190 300 311 441 448 450 624 718 720 1153 1155 1160 1432 1437 1644 1845 1847 2106 2290 2292 2419 2479 2481 2603 2604 2607 2703 2705 2758 2759 2881 2882 2893 2956 2958 3010 3011 3012 
66 89 90 92 93 140 188 189 191 300 304 311 312 447 449 450 474 623 717 719 720 733 1016 1153 1154 1156 1432 1434 1439 1645 1845 1846 1848 2062 2106 2108 2290 2371 2419 2479 2603 2604 2703 2758 2778 2881 2883 2893 2956 3010 3012 
69 86 87 88 89 91 92 93 106 125 151 188 189 190 192 193 300 304 311 312 348 441 448 449 450 473 474 494 584 624 641 642 718 719 720 732 733 835 1018 1153 1154 1155 1157 1158 1432 1434 1437 1441 1443 1446 1604 1644 1646 1647 1845 1846 1847 1849 1850 1853 2024 2095 2106 2116 2117 2258 2259 2290 2419 2454 2475 2479 2548 2603 2604 2644 2645 2696 2703 2758 2762 2763 2764 2838 2842 2843 2881 2885 2886 2956 2958 3010 3012 
69 86 87 88 89 91 106 125 151 190 192 193 300 304 348 441 447 448 473 474 494 584 623 624 641 642 717 718 732 733 835 1015 1016 1017 1018 1155 1157 1158 1437 1441 1443 1446 1604 1644 1646 1647 1847 1849 1850 1853 2024 2095 2108 2109 2110 2111 2116 2117 2257 2258 2259 2371 2453 2454 2475 2548 2643 2644 2645 2696 2706 2760 2761 2762 2763 2764 2778 2838 2841 2842 2843 2884 2885 2886 2893 2958 3012 
66 69 86 87 88 90 91 106 125 140 151 190 191 193 300 348 441 447 448 449 473 494 584 623 624 625 641 717 718 719 732 835 1015 1017 1018 1155 1156 1158 1207 1208 1437 1439 1443 1446 1604 1615 1644 1645 1647 1732 1847 1848 1850 1853 2024 2095 2108 2109 2110 2111 2116 2117 2257 2258 2259 2371 2453 2454 2475 2548 2643 2644 2645 2696 2706 2760 2761 2762 2763 2764 2778 2838 2841 2842 2843 2884 2885 2886 2893 2958 3012 
66 77 78 138 183 184 270 280 296 438 439 566 567 709 830 831 1002 1004 1005 1318 1319 1425 1426 1948 1949 2053 2054 3024 3081 3168 
69 86 87 88 89 90 106 125 151 191 192 193 199 322 348 447 473 494 584 623 641 717 732 835 1016 1018 1156 1157 1158 1165 1439 1441 1443 1446 1456 1457 1604 1645 1646 1647 1653 1848 1849 1850 1853 1859 2024 2095 2116 2117 2257 2258 2259 2306 2453 2454 2475 2493 2548 2643 2644 2645 2696 2760 2761 2762 2763 2764 2838 2841 2842 2843 2884 2885 2886 
69 86 87 88 89 90 91 92 93 106 125 151 188 189 190 191 192 193 300 304 311 312 348 441 447 448 449 450 473 474 494 584 623 624 641 642 717 718 719 720 732 733 835 1016 1018 1153 1154 1155 1156 1157 1158 1432 1434 1437 1439 1441 1443 1446 1604 1644 1645 1646 1647 1845 1846 1847 1848 1849 1850 1853 2024 2095 2106 2108 2116 2117 2258 2259 2290 2371 2419 2454 2475 2479 2548 2603 2604 2644 2645 2696 2703 2758 2762 2763 2764 2778 2838 2842 2843 2881 2885 2886 2893 2956 3010 
75 76 77 78 183 184 185 186 270 277 278 280 298 437 438 439 564 565 566 567 709 710 830 831 832 833 1002 1005 1007 1008 1009 1318 1319 1320 1321 1425 1426 1427 1428 1843 1948 1949 1950 2053 2055 2971 3024 3025 3026 3081 3082 3084 3085 3122 3123 3168 3169 3170 
69 75 76 86 87 88 89 106 125 138 140 151 185 186 192 193 277 278 304 348 436 437 473 474 494 564 565 584 641 642 732 733 832 833 835 1007 1009 1018 1157 1158 1320 1321 1427 1428 1441 1443 1446 1604 1646 1647 1849 1850 1853 1946 1950 2024 2055 2095 2116 2117 2258 2259 2454 2475 2548 2644 2645 2696 2762 2763 2764 2838 2842 2843 2885 2886 2972 2984 3026 3042 3073 3084 3085 3119 3123 3170 
69 86 87 88 90 91 92 106 125 151 189 190 191 193 348 441 447 448 449 473 494 584 623 624 625 641 717 718 719 732 835 1014 1015 1017 1018 1154 1155 1156 1158 1434 1437 1439 1443 1446 1604 1605 1643 1644 1645 1647 1846 1847 1848 1850 1853 2024 2095 2108 2109 2110 2111 2116 2117 2257 2258 2259 2293 2371 2453 2454 2475 2484 2548 2608 2643 2644 2645 2696 2698 2706 2760 2761 2762 2763 2764 2778 2838 2841 2842 2843 2884 2885 2886 2893 2957 2958 3011 3012 
76 77 78 99 100 101 138 140 177 183 185 209 210 270 277 278 280 289 302 436 437 438 439 453 502 564 565 566 567 636 644 709 711 728 752 822 830 832 990 1002 1007 1077 1078 1187 1188 1318 1320 1425 1427 1506 1508 1674 1675 1892 1893 1948 1950 2053 2055 2174 2253 2449 3024 3026 3081 3084 3085 3123 3133 3168 3170 3200 3201 3231 3249 
69 75 76 78 86 87 88 89 106 125 138 140 151 183 184 185 186 192 193 270 277 280 296 304 348 436 438 439 473 474 494 564 566 567 584 641 642 709 710 732 733 830 831 832 833 835 1002 1004 1007 1009 1018 1157 1158 1318 1320 1321 1425 1426 1427 1428 1441 1443 1446 1604 1646 1647 1841 1849 1850 1853 1946 1948 1950 2024 2053 2055 2095 2116 2117 2258 2259 2454 2475 2548 2644 2645 2696 2762 2763 2764 2838 2842 2843 2885 2886 2972 2984 3024 3026 3042 3073 3081 3084 3085 3119 3123 3168 3170 
52 83 131 388 540 548 549 550 551 600 734 735 736 737 837 838 1322 1323 1465 1865 1866 1867 1868 2026 2145 2146 2376 2589 2691 2831 2832 2877 2878 
54 55 67 69 72 117 118 127 129 130 142 145 150 151 203 204 232 236 348 351 373 391 401 411 456 483 484 488 491 507 511 543 546 577 578 580 583 630 643 651 723 743 748 758 866 867 1178 1179 1346 1347 1495 1665 1666 1880 1883 2028 2151 2156 2380 2497 2498 2589 2691 2831 2832 2877 2878 
97 99 100 101 209 210 213 346 453 460 461 502 635 636 644 726 727 728 752 1077 1078 1079 1080 1187 1188 1191 1506 1508 1513 1674 1675 1892 1893 1896 2174 2177 2178 2252 2253 2254 2448 2449 3106 3110 3133 3134 3175 3176 3195 3200 3201 3202 3230 3231 3232 3249 3250 
89 90 91 92 189 190 191 300 304 313 441 447 449 474 623 624 625 717 718 719 733 1014 1016 1154 1155 1156 1434 1436 1437 1439 1605 1643 1644 1645 1846 1847 1848 2062 2257 2293 2453 2484 2608 2643 2698 2760 2761 2841 2883 2884 2893 2957 3011 3012 
89 90 97 100 101 191 209 210 213 302 304 447 460 461 474 502 623 634 635 644 717 726 727 733 752 1016 1077 1079 1080 1156 1187 1188 1191 1439 1506 1508 1513 1645 1674 1675 1678 1848 1892 1893 1896 2174 2177 2178 2253 2254 2257 2449 2453 2643 2760 2761 2841 2884 3106 3133 3134 3200 3201 3202 3231 3232 3249 3250 
75 77 78 183 184 270 277 278 280 437 438 439 564 565 566 567 709 710 711 830 831 1002 1005 1318 1319 1425 1426 1842 1843 1948 1949 2053 2971 3024 3025 3081 3082 3122 3168 3169 
66 91 92 93 140 188 189 190 300 311 312 441 448 449 450 624 718 719 720 1153 1154 1155 1432 1434 1437 1644 1845 1846 1847 2106 2290 2419 2479 2603 2604 2703 2758 2881 2956 2958 3010 3012 
66 97 100 102 140 208 210 302 341 343 358 453 461 462 463 502 503 635 636 644 727 728 729 752 753 1076 1077 1078 1079 1080 1186 1188 1503 1507 1508 1675 1891 1893 2169 2170 2171 2172 2173 2253 2382 2449 3109 3132 3133 3200 3201 3210 3231 3248 3249 3279 
66 76 77 78 100 102 104 105 140 183 184 185 205 210 278 280 302 343 358 437 439 463 496 506 565 567 648 709 710 729 756 830 831 832 1002 1005 1007 1072 1073 1075 1183 1188 1318 1319 1320 1425 1426 1427 1497 1507 1508 1670 1675 1843 1888 1893 1948 1949 1950 2053 2055 2157 2158 2159 2160 2169 2381 2499 2615 2717 2861 2862 2906 2971 3024 3025 3026 3081 3082 3084 3085 3122 3123 3168 3169 3170 
66 75 102 104 105 138 140 186 205 277 358 436 496 506 564 648 756 833 1009 1072 1073 1075 1183 1321 1428 1497 1670 1888 1946 2157 2158 2159 2160 2381 2499 2615 2717 2861 2862 2906 2984 3042 3073 3119 
66 97 100 101 140 209 210 213 302 346 453 460 461 462 502 635 636 644 726 727 728 752 1077 1078 1079 1080 1187 1188 1191 1506 1508 1513 1674 1675 1892 1893 1896 2177 2178 2252 2253 2254 2448 2449 3106 3110 3133 3134 3175 3176 3195 3200 3201 3202 3230 3231 3232 3249 3250 
66 97 101 140 209 210 213 302 343 346 453 460 461 462 463 502 635 636 644 726 727 728 729 752 1077 1078 1079 1080 1187 1188 1191 1506 1507 1513 1674 1892 1893 1896 2177 2178 2252 2253 2254 2448 2449 3106 3110 3133 3134 3175 3176 3195 3200 3201 3202 3230 3231 3232 3249 3250 
89 90 97 99 191 211 213 302 304 344 447 453 460 461 474 623 634 635 636 717 726 727 728 733 1016 1079 1080 1156 1189 1191 1439 1509 1510 1513 1645 1676 1678 1848 1894 1896 2179 2255 2257 2453 2643 2760 2761 2841 2884 3107 3135 3205 3233 3251 
89 90 99 100 191 210 302 304 343 447 453 474 623 636 637 717 728 729 733 1016 1078 1156 1188 1439 1507 1508 1645 1675 1848 1893 2254 2257 2450 2453 2643 2760 2761 2841 2884 3134 3203 3250 
77 78 91 92 138 140 183 189 190 270 280 300 313 438 439 441 449 566 567 624 625 709 718 719 830 1002 1014 1154 1155 1318 1425 1434 1436 1437 1605 1643 1644 1846 1847 1948 2053 2062 2293 2484 2608 2698 2883 2893 2957 3011 3012 3024 3081 3168 
97 100 101 209 210 213 460 461 463 502 634 635 644 726 727 729 752 1077 1079 1080 1187 1188 1191 1506 1508 1513 1674 1675 1678 1892 1893 1896 2174 2177 2178 2253 2254 2449 3106 3133 3134 3200 3201 3202 3231 3232 3249 3250 
75 76 185 186 278 437 565 711 832 833 1007 1009 1320 1321 1427 1428 1946 1950 2055 2972 2984 3026 3042 3073 3084 3085 3119 3123 3170 
75 76 77 78 183 184 185 270 277 280 438 439 564 566 567 709 710 711 830 831 832 1002 1005 1007 1318 1319 1320 1425 1426 1427 1841 1842 1948 2053 3024 3081 3168 
66 77 78 138 183 270 278 280 437 438 439 565 566 567 709 806 807 830 971 1002 1300 1301 1318 1407 1425 1784 1948 2053 3024 3081 3168 
66 77 78 138 183 270 276 277 280 435 436 438 439 564 566 567 606 693 709 805 830 968 969 1002 1299 1318 1406 1425 1783 1948 2053 3024 3081 3168 
66 75 76 138 185 186 277 278 436 437 564 565 832 833 1007 1009 1320 1321 1427 1428 1946 1950 2055 2972 2984 3026 3042 3073 3084 3085 3119 3123 3170 
77 78 97 99 138 140 183 211 213 270 280 302 344 438 439 453 460 461 566 567 634 635 636 709 726 727 728 830 1002 1079 1080 1189 1191 1318 1425 1509 1510 1513 1676 1678 1894 1896 1948 2053 2179 2255 3024 3081 3107 3135 3168 3205 3233 3251 
49 53 62 81 133 146 148 165 178 553 555 556 572 573 574 575 576 687 688 689 690 703 704 705 706 786 825 942 992 1282 1313 1394 1420 1773 1774 1775 1821 1822 1823 1824 1952 2022 2086 2359 2465 2858 2859 2860 2905 2963 3027 3088 3125 3171 
49 53 58 81 133 146 168 178 553 555 556 572 703 704 705 706 790 825 950 992 1286 1313 1398 1420 1821 1822 1823 1824 1951 2022 2086 2359 2465 2858 2859 2860 2905 2985 3045 3086 3124 
53 62 115 139 146 148 165 390 572 573 574 575 576 687 688 689 690 786 788 942 946 1282 1284 1394 1396 1773 1774 1775 1952 2963 3027 3088 3125 3171 
66 89 90 91 92 93 140 188 189 190 191 300 304 311 312 441 447 448 449 450 474 623 624 717 718 719 720 733 1016 1153 1154 1155 1156 1432 1434 1437 1439 1644 1645 1845 1846 1847 1848 2106 2108 2290 2371 2419 2479 2603 2604 2703 2758 2778 2881 2893 2956 3010 
100 101 209 453 463 502 637 644 729 752 1077 1187 1506 1674 1892 2253 2449 3133 3200 3201 3231 3249 
75 76 77 78 183 185 270 277 278 280 437 438 439 564 565 566 567 709 711 830 832 1002 1007 1318 1320 1425 1427 1948 1950 2053 2055 3024 3026 3081 3084 3085 3123 3168 3170 
50 68 71 116 162 163 164 226 230 262 263 396 397 398 405 427 428 558 672 685 916 955 1288 3101 3102 3103 3178 3179 3208 3209 3237 3238 
52 69 83 127 131 150 351 388 488 540 543 551 580 600 837 838 866 867 1322 1323 1346 1347 1465 1495 1865 1883 2145 2156 2589 2691 2831 2832 2877 2878 
3238 3239 
3236 3237 
114 126 224 
120 122 
11 
14 
16 
18 
25 
28 
29 
32 
35 
36 
38 
74 
44 114 
60 115 
45 120 
52 55 58 72 117 118 127 129 145 227 336 350 487 542 543 544 545 546 579 743 744 745 746 747 749 868 869 920 1348 1349 1496 1883 1884 1885 1886 1887 2028 2156 2380 2498 2589 2691 2831 2832 2878 
53 58 62 146 148 165 168 572 573 574 575 576 687 688 689 690 786 790 942 950 1282 1286 1394 1398 1773 1774 1775 1952 2963 3027 3088 3125 3171 
50 53 58 62 68 116 146 164 168 230 398 428 558 572 573 574 575 686 687 688 689 690 790 950 1286 1398 1768 1769 1770 1771 1772 2017 2967 3016 3101 3179 3209 3239 
49 50 53 58 59 60 61 62 68 71 81 116 133 135 139 146 148 155 156 157 158 159 160 161 169 225 228 255 256 389 392 393 394 404 424 426 553 555 556 557 572 573 574 575 576 670 675 676 677 678 679 683 694 695 696 697 777 778 779 780 781 783 784 814 923 930 933 935 937 938 974 1136 1140 1277 1278 1279 1280 1281 1304 1389 1390 1391 1392 1393 1411 1598 1599 1727 1750 1751 1752 1753 1758 1759 1760 1764 1765 1766 1791 1792 1793 1794 1957 1963 1964 1965 1966 1967 2015 2016 2018 2031 2032 2065 2085 2264 2270 2271 2350 2358 2396 2402 2403 2464 2550 2649 2650 2744 2791 2794 2795 2848 2849 2850 2866 2868 2891 2919 2938 2962 2988 3015 3032 3046 3049 3130 3140 3182 3212 3235 3255 3256 3281 3290 3316 3337 3350 3381 3397 3410 3426 3427 3446 3454 3464 3473 3484 3490 3491 3496 3499 3503 
66 92 93 94 97 98 99 100 101 102 103 104 105 140 195 214 215 216 217 218 219 220 221 222 300 302 358 365 366 368 371 372 441 448 451 453 460 461 462 463 496 502 503 504 505 506 624 627 635 636 644 648 718 721 726 727 728 729 752 753 754 755 756 1020 1021 1022 1023 1091 1094 1095 1096 1097 1161 1212 1213 1214 1215 1216 1217 1218 1219 1220 1221 1448 1532 1534 1536 1537 1539 1540 1541 1543 1545 1546 1548 1619 1622 1649 1689 1691 1692 1693 1694 1695 1855 1908 1909 1910 1911 1912 1913 1914 1915 1916 2006 2119 2120 2121 2122 2196 2203 2217 2218 2219 2325 2326 2327 2328 2338 2339 2340 2341 2342 2372 2386 2387 2388 2435 2439 2440 2485 2519 2573 2574 2582 2584 2609 2630 2675 2676 2684 2685 2710 2787 2817 2822 2823 2897 2931 2935 2936 2939 2954 2981 3003 3004 3008 3038 3047 3061 3066 3115 3154 3159 3188 3224 3228 3244 3271 3275 3302 3306 3307 3312 3331 3335 3358 3362 3368 3375 3376 3391 3394 3407 3418 3419 3423 3436 3437 3438 3439 3444 3452 3462 3471 3472 3479 3482 3488 3494 3500 3507 3509 
