48 49 53 66 80 133 134 178 179 181 244 290 291 293 420 422 423 553 555 556 704 706 825 826 828 992 993 994 998 1313 1420 1421 1423 1748 1828 1829 1989 1991 2042 2044 2088 2363 2366 2469 2595 2596 2693 2694 3074 3075 3077 3104 3163 3164 3166 3191 3192 3194 
48 53 66 80 81 133 134 179 180 181 244 291 293 420 422 553 555 705 706 826 827 828 994 997 998 1151 1315 1421 1422 1423 1429 1748 1991 1993 2044 2093 2366 2447 2469 2596 2694 3075 3077 3104 3164 3165 3166 3192 3193 3194 
48 49 53 66 80 81 133 134 178 181 244 290 293 420 421 423 553 554 556 704 705 706 825 828 992 993 998 1313 1420 1423 1748 1828 1829 1989 1991 2042 2044 2088 2363 2366 2469 2595 2596 2693 2694 3074 3075 3077 3104 3163 3164 3166 3191 3192 3194 
48 53 66 80 133 134 179 180 181 244 291 292 293 420 421 422 553 554 555 705 706 826 827 828 994 996 998 1151 1421 1422 1423 1429 1748 1991 1993 2044 2093 2366 2447 2469 2596 2694 3075 3077 3104 3164 3165 3166 3192 3193 3194 
47 49 53 66 75 76 77 78 80 81 102 104 105 133 134 138 169 170 171 172 173 174 175 176 177 179 181 215 244 270 278 281 282 283 284 285 286 288 289 291 293 419 420 421 422 423 436 437 438 439 505 552 553 554 555 556 564 565 566 567 647 695 696 697 698 699 700 701 702 705 755 814 815 816 817 818 819 820 821 822 826 828 974 975 976 977 978 979 980 982 984 987 988 990 994 998 1089 1090 1092 1148 1150 1213 1304 1305 1306 1310 1411 1412 1413 1414 1415 1416 1417 1418 1419 1421 1423 1534 1603 1690 1748 1802 1803 1804 1805 1810 1811 1812 1816 1817 1818 1909 1974 1975 1976 1977 1983 1984 1985 1986 1987 1991 2019 2020 2021 2036 2039 2040 2044 2082 2084 2192 2193 2194 2195 2278 2279 2285 2287 2357 2366 2385 2407 2414 2415 2469 2523 2596 2631 2657 2660 2661 2694 2729 2747 2797 2800 2801 2851 2852 2870 2892 2923 2925 2951 2968 2991 2994 3034 3052 3055 3075 3077 3104 3112 3142 3145 3146 3164 3166 3184 3192 3194 3216 3218 3258 3261 3283 3294 3296 3318 3321 3322 3339 3348 3352 3370 3385 3399 3401 3412 3420 3430 3431 3448 3449 3456 3466 3474 3485 3489 3492 3495 3498 3502 
66 90 94 97 98 99 100 101 102 103 104 105 140 206 208 214 215 216 217 218 219 220 221 222 300 302 341 358 364 365 366 369 371 447 451 453 460 461 462 463 496 502 503 504 506 634 635 637 644 717 721 726 727 728 729 752 753 754 756 1020 1024 1074 1075 1090 1091 1092 1093 1094 1095 1096 1097 1184 1186 1212 1213 1214 1215 1216 1217 1218 1219 1220 1222 1499 1503 1532 1534 1536 1538 1540 1542 1544 1546 1548 1620 1671 1692 1693 1695 1697 1889 1891 1908 1909 1910 1911 1912 1913 1914 1915 1916 2005 2061 2168 2199 2200 2201 2202 2203 2204 2205 2206 2207 2208 2209 2210 2214 2215 2216 2219 2221 2318 2329 2330 2331 2332 2333 2334 2335 2336 2337 2372 2374 2386 2387 2388 2430 2436 2437 2438 2503 2518 2520 2576 2578 2579 2580 2581 2609 2610 2623 2630 2677 2678 2679 2681 2682 2710 2751 2779 2784 2787 2819 2820 2821 2837 2895 2912 2932 2934 2939 2981 3005 3006 3007 3039 3047 3062 3064 3156 3158 3189 3197 3199 3210 3225 3227 3246 3248 3272 3273 3274 3277 3279 3288 3303 3305 3332 3334 3344 3359 3361 3377 3378 3390 3395 3408 3416 3417 3422 3436 3437 3438 3439 3443 3452 3460 3470 3478 3483 3488 3494 3500 3504 3507 3509 
66 90 94 97 98 99 100 101 102 103 105 140 206 208 214 215 216 217 218 219 220 221 222 300 302 341 358 364 366 369 371 447 451 453 460 461 462 463 496 502 503 504 505 506 634 635 637 644 647 717 721 726 727 728 729 752 753 754 755 756 1020 1024 1074 1075 1090 1091 1092 1093 1094 1095 1096 1097 1184 1186 1212 1213 1214 1215 1216 1217 1218 1219 1220 1222 1499 1503 1532 1535 1536 1538 1540 1542 1544 1546 1548 1620 1671 1690 1692 1693 1695 1697 1889 1891 1908 1909 1910 1911 1912 1913 1914 1915 1916 2005 2061 2168 2199 2200 2201 2202 2203 2204 2205 2206 2207 2208 2209 2210 2214 2215 2216 2219 2221 2318 2329 2330 2331 2332 2333 2334 2335 2336 2337 2372 2374 2386 2387 2388 2430 2436 2437 2438 2503 2518 2520 2576 2578 2579 2580 2581 2609 2610 2623 2630 2677 2678 2679 2681 2682 2710 2751 2779 2784 2787 2819 2820 2821 2837 2895 2912 2932 2934 2939 2981 3005 3006 3007 3039 3047 3062 3064 3156 3158 3189 3197 3199 3210 3225 3227 3246 3248 3272 3273 3274 3277 3279 3288 3303 3305 3332 3334 3344 3359 3361 3377 3378 3390 3395 3408 3416 3417 3422 3436 3437 3438 3439 3443 3452 3460 3470 3478 3483 3488 3494 3500 3504 3507 3509 
53 58 59 61 66 115 139 146 147 166 167 168 266 267 268 326 390 429 476 477 478 479 572 573 574 575 787 788 789 790 944 946 948 950 951 1286 1395 1396 1397 1398 1777 1953 1955 2058 2966 3028 3030 3089 3090 3093 3126 3128 3172 3174 
49 53 58 61 66 133 134 146 147 166 168 244 266 326 423 479 556 575 690 703 787 790 944 951 1286 1395 1398 1777 1778 1951 1953 1954 1955 2022 2056 2058 2059 2060 2465 2905 2985 3028 3029 3030 3044 3045 3086 3089 3090 3092 3094 3124 3126 3172 3173 3174 
53 58 59 60 61 62 66 115 139 146 147 148 149 165 167 168 265 267 268 326 327 390 429 476 477 478 480 572 573 574 576 687 688 689 690 786 788 789 790 942 943 946 948 950 951 1282 1286 1394 1396 1397 1398 1773 1774 1775 1777 1952 1953 2058 2963 3027 3028 3088 3089 3090 3125 3126 3171 3172 
49 53 58 61 66 133 134 146 166 168 244 266 328 423 476 479 556 572 575 690 703 787 790 944 951 1286 1395 1398 1777 1778 1951 1953 1954 1955 2022 2056 2058 2059 2060 2465 2905 2985 3028 3029 3030 3044 3045 3086 3089 3090 3092 3094 3124 3126 3172 3173 3174 
49 53 58 61 66 133 134 147 166 168 244 266 326 423 479 556 572 575 690 703 787 790 944 951 1286 1395 1398 1777 1778 1951 1953 1954 1955 2022 2056 2058 2059 2060 2465 2905 2985 3028 3029 3030 3044 3045 3086 3089 3090 3092 3094 3124 3126 3172 3173 3174 
53 58 59 61 66 146 147 166 167 266 267 326 476 477 479 572 573 575 690 787 789 944 948 1395 1397 1777 1778 1953 1954 1955 2058 2059 2060 3028 3029 3030 3089 3090 3092 3094 3126 3172 3173 3174 
49 50 53 58 59 60 62 66 68 71 115 116 133 134 139 146 147 148 149 155 156 157 158 159 160 161 166 167 228 229 244 256 257 258 259 260 261 266 267 326 327 389 390 393 395 403 423 424 425 429 476 477 478 479 480 556 557 572 573 574 575 576 669 675 676 679 682 684 690 694 777 778 779 780 781 782 785 787 788 789 921 922 930 931 932 933 934 936 938 939 944 946 948 1134 1139 1277 1278 1281 1371 1389 1390 1391 1392 1393 1395 1396 1397 1596 1762 1766 1777 1953 1956 1958 1959 1960 1961 1962 2015 2016 2018 2029 2030 2058 2064 2261 2262 2265 2266 2350 2395 2398 2399 2464 2549 2593 2647 2648 2742 2790 2792 2793 2865 2867 2891 2918 2937 2948 2960 2962 2986 3014 3028 3031 3046 3048 3089 3090 3099 3100 3126 3130 3131 3138 3172 3182 3211 3235 3253 3254 3280 3289 3314 3336 3349 3379 3396 3409 3425 3453 3465 3484 3490 3499 3503 
66 89 90 91 92 140 189 190 191 304 312 313 441 449 474 624 718 719 733 1015 1016 1154 1155 1156 1160 1434 1436 1437 1439 1447 1644 1645 1846 1847 1848 2062 2257 2292 2371 2453 2481 2643 2705 2759 2760 2761 2778 2841 2882 2883 2884 2893 2957 3011 3012 
66 90 91 92 93 140 188 300 311 441 447 448 450 624 717 718 720 1013 1014 1015 1153 1160 1432 1433 1447 1642 1845 2105 2106 2290 2292 2371 2419 2481 2604 2703 2705 2758 2759 2778 2881 2882 2893 2956 2957 3010 3011 
66 69 70 84 86 87 88 89 90 91 93 94 140 144 151 189 195 196 197 198 199 200 201 202 300 304 312 318 319 320 321 322 324 441 447 448 449 450 451 471 472 473 474 494 584 624 641 717 718 719 720 721 730 731 732 733 836 1015 1021 1022 1024 1025 1027 1028 1124 1154 1160 1161 1162 1163 1164 1165 1166 1167 1168 1169 1434 1447 1448 1449 1450 1451 1452 1453 1454 1455 1456 1457 1459 1460 1461 1462 1464 1606 1607 1649 1650 1651 1652 1653 1654 1655 1656 1846 1855 1856 1857 1858 1859 1860 1861 1862 1863 1996 2118 2141 2292 2294 2295 2296 2297 2306 2308 2309 2310 2371 2373 2374 2375 2421 2423 2424 2481 2490 2556 2557 2565 2566 2567 2568 2662 2663 2670 2671 2705 2749 2759 2778 2803 2810 2882 2893 2926 2930 2952 2957 2996 2997 3002 3011 3035 3056 3060 3113 3147 3153 3185 3219 3222 3242 3264 3269 3297 3301 3324 3329 3353 3357 3372 3389 3405 3414 3415 3421 3433 3442 3451 3458 3468 3469 3477 3481 3487 3497 3505 3506 3508 3510 3511 
53 58 59 61 66 115 139 146 147 166 167 266 267 326 390 429 476 477 478 479 572 573 574 575 690 787 788 789 944 946 948 1395 1396 1397 1777 1953 2058 3028 3089 3090 3126 3172 
53 58 60 61 66 139 146 147 166 266 326 390 429 476 478 479 572 574 575 690 787 788 944 946 1395 1396 1777 1953 1955 2058 2060 3028 3030 3089 3090 3094 3126 3172 3174 
48 53 69 80 81 86 87 88 89 133 134 140 151 179 181 192 193 194 244 291 293 304 420 421 422 473 474 494 553 554 555 584 641 642 705 732 733 826 828 994 998 1018 1157 1158 1159 1421 1423 1441 1443 1445 1446 1646 1647 1648 1748 1849 1850 1851 1991 2044 2115 2258 2260 2366 2454 2469 2476 2596 2644 2646 2694 2762 2763 2766 2842 2844 2885 2887 3075 3077 3104 3164 3166 3192 3194 
90 91 92 94 97 98 189 212 300 302 312 345 447 449 451 453 635 717 719 721 727 1011 1015 1080 1154 1160 1190 1434 1447 1511 1846 1895 2252 2256 2292 2370 2371 2448 2481 2597 2705 2707 2759 2778 2882 2893 2894 2957 3011 3018 3108 3110 3136 3175 3176 3195 3206 3230 3234 3252 
90 91 92 94 97 98 189 212 300 302 312 345 447 449 451 453 460 634 635 717 719 721 726 727 1011 1015 1080 1154 1160 1190 1191 1434 1447 1511 1513 1846 1895 1896 2252 2256 2292 2370 2371 2448 2481 2597 2705 2707 2759 2778 2882 2893 2894 2957 3011 3018 3108 3110 3136 3175 3176 3195 3206 3230 3234 3252 
90 91 92 94 97 98 189 212 213 300 302 312 345 447 449 451 453 635 717 719 721 727 1011 1015 1080 1154 1160 1190 1434 1447 1511 1678 1846 1895 1896 2252 2256 2292 2370 2371 2448 2481 2597 2705 2707 2759 2778 2882 2893 2894 2957 3011 3018 3108 3110 3136 3175 3176 3195 3206 3230 3234 3252 
90 91 92 94 97 98 189 212 213 300 302 312 345 346 447 449 451 453 635 717 719 721 727 1011 1015 1080 1154 1160 1190 1434 1447 1511 1513 1678 1846 1895 1896 2252 2256 2292 2370 2371 2448 2481 2597 2705 2707 2759 2778 2882 2893 2894 2957 3011 3018 3108 3110 3136 3175 3176 3195 3206 3230 3234 3252 
90 91 92 97 98 189 190 212 213 300 302 312 313 345 441 447 449 453 460 461 623 624 634 635 717 718 719 726 727 1015 1154 1155 1160 1190 1191 1434 1436 1437 1447 1511 1513 1644 1677 1678 1846 1847 1895 1896 2062 2256 2292 2371 2452 2481 2705 2759 2778 2882 2883 2893 2957 3011 3012 3108 3136 3206 3207 3234 3252 
90 91 92 94 97 98 189 212 213 300 302 312 345 346 447 449 451 453 635 717 719 721 727 1011 1015 1080 1154 1160 1190 1191 1434 1447 1511 1513 1678 1846 1895 1896 2252 2256 2292 2370 2371 2448 2481 2597 2705 2707 2759 2778 2882 2893 2894 2957 3011 3018 3108 3110 3136 3175 3176 3195 3206 3230 3234 3252 
90 91 92 94 97 98 189 212 213 300 302 312 345 346 447 449 451 453 460 635 717 719 721 726 727 1011 1015 1080 1154 1160 1190 1191 1434 1447 1511 1513 1678 1846 1895 1896 2252 2256 2292 2370 2371 2448 2481 2597 2705 2707 2759 2778 2882 2893 2894 2957 3011 3018 3108 3110 3136 3175 3176 3195 3206 3230 3234 3252 
90 91 92 94 97 98 189 212 213 300 302 312 345 346 447 449 451 453 634 635 717 719 721 726 727 1011 1015 1080 1154 1160 1190 1191 1434 1447 1511 1513 1678 1846 1895 1896 2252 2256 2292 2370 2371 2448 2481 2597 2705 2707 2759 2778 2882 2893 2894 2957 3011 3018 3108 3110 3136 3175 3176 3195 3206 3230 3234 3252 
90 91 92 94 97 98 189 212 300 302 312 345 447 449 451 453 460 634 635 717 719 721 726 727 1011 1015 1080 1154 1160 1190 1191 1434 1447 1511 1513 1514 1678 1846 1895 1896 2252 2256 2292 2370 2371 2448 2481 2597 2705 2707 2759 2778 2882 2893 2894 2957 3011 3018 3108 3110 3136 3175 3176 3195 3206 3230 3234 3252 
90 91 92 97 99 100 189 210 212 213 300 302 312 343 345 447 449 453 460 461 634 635 637 717 719 726 727 729 1015 1078 1079 1080 1154 1160 1188 1190 1191 1434 1447 1507 1511 1512 1513 1677 1678 1846 1893 1895 1896 2177 2178 2254 2255 2256 2292 2371 2451 2481 2705 2759 2778 2882 2893 2957 3011 3106 3108 3134 3135 3136 3202 3204 3205 3206 3232 3233 3234 3250 3251 3252 
90 91 92 94 98 189 212 213 300 302 312 345 447 449 451 453 460 634 635 717 719 721 726 727 1011 1015 1080 1154 1160 1190 1191 1434 1447 1511 1513 1514 1678 1846 1895 1896 2252 2256 2292 2370 2371 2448 2481 2597 2705 2707 2759 2778 2882 2893 2894 2957 3011 3018 3108 3110 3136 3175 3176 3195 3206 3230 3234 3252 
47 48 53 75 77 78 80 81 103 104 105 133 179 181 206 251 278 291 420 421 422 437 505 553 554 555 565 647 705 707 708 709 710 711 755 826 828 994 998 1072 1073 1074 1184 1316 1421 1423 1499 1671 1834 1835 1836 1837 1889 1991 2023 2044 2157 2158 2159 2160 2366 2381 2469 2499 2596 2615 2694 2717 2861 2862 2906 2973 3017 3075 3077 3164 3166 3192 3194 
97 98 99 100 101 103 104 206 207 212 213 302 340 345 358 453 460 504 505 634 635 647 726 727 754 755 1074 1076 1077 1078 1079 1080 1184 1185 1190 1191 1499 1501 1511 1513 1610 1671 1678 1889 1890 1895 1896 1897 2168 2169 2170 2171 2172 2173 2256 2318 2320 2382 2430 2503 2506 2507 2623 2625 2695 2784 2837 3108 3109 3132 3136 3197 3198 3206 3234 3246 3247 3252 3277 3278 
97 98 99 100 101 103 104 206 208 212 213 302 341 345 358 453 460 503 505 634 635 647 726 727 753 755 1074 1075 1076 1077 1078 1079 1080 1184 1186 1190 1191 1499 1503 1504 1511 1513 1671 1673 1678 1889 1891 1895 1896 2168 2169 2170 2171 2172 2173 2256 2318 2382 2430 2503 2623 2784 2837 3108 3109 3132 3136 3197 3199 3206 3234 3246 3248 3252 3277 3279 
47 48 53 75 77 78 80 81 102 104 105 133 179 181 206 251 278 291 420 421 422 437 505 553 554 555 565 647 705 707 708 709 710 711 755 826 828 994 998 1072 1073 1075 1184 1316 1421 1423 1499 1671 1834 1835 1836 1837 1889 1991 2023 2044 2157 2158 2159 2160 2366 2381 2469 2499 2596 2615 2694 2717 2861 2862 2906 2973 3017 3075 3077 3164 3166 3192 3194 
97 98 99 100 101 102 104 206 207 212 213 302 340 345 358 453 460 504 505 634 635 647 726 727 754 755 1074 1075 1076 1077 1078 1079 1080 1184 1185 1190 1191 1499 1501 1502 1511 1513 1610 1671 1672 1678 1889 1890 1895 1896 2168 2169 2170 2171 2172 2173 2256 2318 2320 2382 2430 2503 2506 2623 2625 2695 2784 2837 3108 3109 3132 3136 3197 3198 3206 3234 3246 3247 3252 3277 3278 
47 48 53 75 77 78 80 81 97 98 99 100 101 102 103 104 105 133 179 181 213 251 278 291 420 421 422 437 460 553 554 555 565 634 705 707 708 709 710 711 726 826 828 994 998 1072 1073 1074 1075 1076 1077 1078 1079 1080 1191 1316 1421 1423 1513 1678 1834 1835 1836 1837 1896 1991 2023 2044 2158 2159 2160 2169 2170 2171 2172 2173 2366 2381 2382 2469 2499 2596 2615 2694 2717 2861 2862 2906 2973 3017 3075 3077 3164 3166 3192 3194 
47 48 53 75 77 78 80 81 97 98 99 100 101 102 103 105 133 179 181 213 251 278 291 420 421 422 437 460 505 553 554 555 565 634 647 705 707 708 709 710 711 726 755 826 828 994 998 1072 1073 1074 1075 1076 1077 1078 1079 1080 1191 1316 1421 1423 1513 1678 1834 1835 1836 1837 1896 1991 2023 2044 2158 2159 2160 2169 2170 2171 2172 2173 2366 2381 2382 2469 2499 2596 2615 2694 2717 2861 2862 2906 2973 3017 3075 3077 3164 3166 3192 3194 
49 53 59 60 61 66 133 134 139 146 147 166 167 168 244 266 267 268 326 390 423 429 476 477 478 479 556 572 573 574 575 690 703 787 788 789 790 944 946 948 950 1395 1396 1397 1398 1777 1951 1953 2022 2056 2058 2465 2905 2985 3028 3044 3045 3086 3089 3090 3124 3126 3172 
53 58 59 60 61 97 98 139 140 146 147 166 167 212 213 266 267 302 326 345 390 429 453 460 476 477 478 479 572 573 574 575 634 635 690 726 727 787 788 789 944 946 948 1080 1190 1191 1395 1396 1397 1511 1513 1678 1777 1895 1896 1953 2058 2256 3028 3089 3090 3108 3126 3136 3172 3206 3234 3252 
47 58 59 60 61 66 75 77 78 133 138 139 146 147 166 167 182 186 266 267 270 278 298 326 390 429 436 437 476 477 478 479 552 564 565 572 573 574 575 690 708 709 710 711 787 788 789 829 833 944 946 948 1000 1008 1317 1395 1396 1397 1424 1428 1777 1838 1839 1840 1946 1947 1953 2051 2058 2969 2984 3023 3028 3042 3043 3073 3079 3089 3090 3119 3120 3126 3167 3172 
90 91 92 97 98 99 100 101 189 209 213 300 312 342 358 447 449 460 496 634 644 717 719 726 752 1015 1077 1078 1079 1080 1154 1160 1187 1191 1434 1447 1505 1513 1678 1846 1892 1896 2174 2175 2176 2253 2292 2371 2481 2705 2759 2778 2882 2893 2957 3011 3105 3133 3200 3231 3249 
90 91 92 97 98 99 189 211 213 300 302 312 447 449 460 462 634 636 717 719 726 728 1015 1079 1080 1154 1160 1189 1191 1434 1447 1509 1513 1676 1678 1846 1894 1896 2179 2255 2292 2371 2481 2705 2759 2778 2882 2893 2957 3011 3107 3135 3205 3233 3251 
53 58 59 60 61 66 139 146 147 166 167 266 267 326 390 429 476 477 478 479 572 573 574 575 690 787 788 789 944 946 948 1395 1396 1397 1777 1953 2058 3028 3089 3090 3126 3172 
47 48 66 75 77 78 81 134 138 179 182 186 244 270 278 291 298 421 422 436 437 552 554 555 564 565 705 707 708 709 710 711 826 829 833 994 1000 1008 1317 1421 1424 1428 1834 1835 1836 1837 1838 1839 1840 1946 1947 1991 2023 2044 2051 2366 2469 2596 2694 2969 2973 2984 3017 3023 3042 3043 3073 3075 3079 3119 3120 3164 3167 3192 
66 90 92 140 189 190 300 312 441 447 448 449 624 717 718 719 1015 1154 1155 1160 1434 1436 1447 1644 1846 1847 2062 2292 2371 2481 2705 2759 2778 2882 2883 2893 2957 3011 3012 
48 53 80 81 97 98 133 134 140 179 181 212 213 244 291 293 302 345 420 421 422 453 460 553 554 555 634 635 705 726 727 826 828 994 998 1080 1190 1191 1421 1423 1511 1513 1678 1748 1895 1896 1991 2044 2256 2366 2469 2596 2694 3075 3077 3104 3108 3136 3164 3166 3192 3194 3206 3234 3252 
53 62 97 98 102 104 105 140 148 149 206 212 213 302 327 345 453 460 480 505 576 634 635 647 686 726 727 755 952 953 1072 1073 1075 1080 1184 1190 1191 1275 1499 1511 1513 1671 1678 1889 1895 1896 2017 2067 2157 2158 2159 2160 2256 2348 2381 2445 2499 2615 2688 2717 2826 2827 2828 2876 3016 3070 3108 3136 3190 3206 3234 3252 
91 92 97 98 189 190 212 213 300 302 312 345 441 448 449 453 460 624 634 635 718 719 726 727 1080 1154 1155 1160 1190 1191 1434 1437 1447 1511 1513 1644 1678 1846 1847 1895 1896 2256 2292 2481 2705 2759 2882 2957 2958 3011 3012 3108 3136 3206 3234 3252 
47 48 53 75 77 78 81 97 98 103 104 105 133 134 140 179 206 212 213 244 278 291 302 345 421 422 437 453 460 505 554 555 565 634 635 647 705 707 708 709 710 711 726 727 755 826 994 1072 1073 1074 1080 1184 1190 1191 1421 1499 1511 1513 1671 1678 1834 1835 1836 1837 1889 1895 1896 1991 2023 2044 2157 2158 2159 2160 2256 2366 2381 2469 2499 2596 2615 2694 2717 2861 2862 2906 2973 3017 3075 3108 3136 3164 3192 3206 3234 3252 
54 72 118 203 227 232 336 402 483 577 748 749 920 2156 2380 2498 2589 2691 2831 2832 2878 
52 62 67 127 128 129 130 150 151 235 236 347 354 407 411 487 542 546 579 583 743 747 1071 1350 1388 1883 1887 2028 2379 2380 2498 2877 2943 2978 3040 3041 3067 3116 
69 86 87 88 89 90 91 92 151 189 192 193 194 300 304 312 447 449 473 474 494 584 641 642 717 719 732 733 1015 1018 1154 1157 1158 1159 1160 1434 1441 1443 1445 1446 1447 1646 1647 1648 1846 1849 1850 1851 2115 2258 2260 2292 2371 2454 2476 2481 2644 2646 2705 2759 2762 2763 2766 2778 2842 2844 2882 2885 2887 2893 2957 3011 
90 91 92 97 98 189 212 213 300 302 312 345 447 449 453 460 634 635 717 719 726 727 1015 1080 1154 1160 1190 1191 1434 1447 1511 1513 1678 1846 1895 1896 2256 2292 2371 2481 2705 2759 2778 2882 2893 2957 3011 3108 3136 3206 3234 3252 
102 103 104 206 505 647 755 1074 1075 1184 1499 1671 1889 2061 2166 2167 2168 2317 2318 2429 2430 2503 2621 2623 2720 2754 2784 2837 3197 3199 3210 3246 3248 3277 3279 
52 67 69 127 128 137 150 153 235 273 347 381 410 432 490 533 545 561 582 593 849 850 862 863 1063 1064 1334 1335 1342 1343 1471 1493 1869 1883 2145 2156 2589 2691 2831 2832 2877 2878 
50 68 71 116 162 163 164 230 263 264 397 399 427 558 691 952 1275 3070 3101 3179 3190 3209 3239 
55 72 117 118 145 203 232 336 402 483 577 748 749 920 1071 1350 1388 2498 2877 3041 3067 3116 
3236 3237 
224 233 
4 
8 
12 
18 
29 
37 
46 123 
3 119 223 
44 126 224 
66 90 91 92 140 189 300 312 447 449 717 719 1015 1154 1160 1434 1447 1846 2292 2371 2481 2705 2759 2778 2882 2893 2957 3011 
54 72 118 203 227 232 336 402 483 577 748 749 920 1071 1350 1388 3041 3067 3116 
48 53 66 81 133 134 179 244 291 421 422 554 555 705 826 994 1421 1990 1991 2043 2044 2089 2364 2365 2366 2468 2469 2591 2596 2694 3075 3164 3192 
50 53 62 66 68 71 116 148 149 162 163 231 263 327 397 400 427 480 576 671 686 914 1287 1399 2017 3016 3101 3102 3178 3208 3236 
97 98 99 100 101 102 103 104 206 213 460 505 634 647 726 755 1074 1075 1076 1077 1078 1079 1080 1184 1191 1499 1513 1671 1678 1889 1896 2168 2169 2170 2171 2172 2173 2318 2382 2430 2503 2623 2784 2837 3109 3132 3197 3246 3277 
