47 48 229 606 1934 1935 1936 1947 1953 1985 1986 
47 222 231 292 599 1744 1882 1887 1929 2301 
48 222 229 292 599 606 1744 1882 1887 1929 1934 1935 1947 1985 
48 222 293 599 1744 1882 1887 1929 1932 1946 1984 
229 231 292 293 606 1932 1934 1935 1936 1946 1947 1953 1984 1985 1986 2301 
72 341 583 584 597 808 809 873 876 991 992 993 
240 342 583 584 648 808 809 814 873 876 991 992 993 
47 48 222 292 599 1744 1882 1887 1929 
47 231 293 1936 1953 1986 2301 
8 47 48 66 132 222 292 323 599 633 716 756 826 1005 1744 1802 1836 1882 1929 
48 292 293 1932 1936 1946 1953 1984 1986 
49 238 294 615 1884 1939 1943 1946 1988 1990 
50 238 295 615 1884 1943 1990 
72 207 341 342 597 876 992 993 
70 207 
72 240 342 583 584 808 809 873 991 
47 48 293 1933 1951 1984 
492 493 
207 240 
18 190 
71 271 493 
70 72 342 583 584 808 809 873 991 
5 197 198 362 522 744 1041 1174 
73 123 343 513 654 804 1040 1174 
8 60 132 320 630 719 753 823 1008 1835 1868 1951 
34 267 1974 
5 47 48 63 132 133 293 322 326 467 468 504 632 636 755 825 1006 1866 1936 1986 
49 50 238 295 615 1884 1943 1990 
32 33 210 269 581 1917 1918 1976 2018 
34 267 2018 
