124 125 221 234 458 465 596 611 2048 2049 2051 2062 2063 2065 2068 2073 2095 2096 2102 
38 213 216 286 586 2040 2041 2068 2073 2091 2094 2112 2115 
70 72 341 342 594 875 992 993 
49 50 220 294 295 593 1927 1928 1939 1951 1982 1988 2023 
128 138 139 221 479 480 596 736 1030 1964 2004 2048 2049 2095 
30 31 34 264 266 2039 2070 2090 2111 
124 125 129 234 458 611 2057 2062 2063 2068 2099 2102 
134 135 220 469 470 593 723 799 1838 1870 1927 1928 1951 1982 2023 
37 93 94 127 134 167 168 169 170 171 172 242 280 281 283 384 385 387 388 389 390 391 392 393 394 395 470 672 674 675 676 678 776 777 778 779 780 781 782 783 818 848 905 906 907 908 909 913 914 950 951 952 953 954 955 997 998 1100 1102 1104 1106 1107 1109 1111 1152 1153 1158 1159 1200 1202 1203 1205 1268 1269 1270 1271 1272 1273 1284 1289 1313 1402 1403 1405 1407 1420 1421 1422 1469 1470 1476 1477 1478 1495 1496 1497 1532 1536 1537 1608 1609 1615 1616 1664 1690 1691 1697 1699 1700 1738 1778 1784 1785 1809 1851 1855 1898 1903 2011 2015 2081 2086 2122 2126 2137 2142 2154 2157 2158 2161 2169 2174 2186 2189 2193 2198 2199 2206 2209 2214 2221 2222 2225 2232 2233 2234 2235 2238 2241 2248 2252 2254 2257 2260 2262 2264 2267 2272 2273 2276 2277 2280 
138 479 734 1029 1909 1962 1972 2002 2067 
139 480 734 736 1029 1962 2002 2004 2065 2067 
385 395 677 783 895 1380 1546 
398 680 745 805 871 
134 469 723 799 1817 1838 1870 1946 1972 
135 242 469 722 1869 1947 2277 
38 39 213 286 586 2040 2041 2073 2091 2112 
38 212 286 585 1921 1922 1945 1950 1978 2020 
129 136 137 221 477 478 596 731 1138 1960 2000 2048 2049 2065 2095 
136 137 232 477 478 609 730 1026 1959 1999 2058 2059 2066 2100 
124 125 458 2051 2070 2096 
128 221 596 2048 2049 2065 2095 
128 129 221 596 2048 2049 2065 2095 
232 609 2058 2059 2066 2071 2100 
129 234 611 2062 2063 2068 2073 2102 
128 232 609 2058 2059 2066 2100 
39 212 585 1921 1922 1945 1950 1978 2020 
128 129 234 611 2062 2063 2068 2102 
49 50 294 295 1939 1946 1988 
47 48 293 1935 1952 1985 
217 590 1743 1745 1880 1887 1923 1979 
39 213 586 2040 2041 2068 2073 2091 2112 
195 340 993 
71 271 490 
492 493 
0 
11 
25 
71 271 492 
96 805 871 
36 340 993 
67 159 328 331 639 757 941 1083 1193 1255 1359 1545 
153 337 645 763 935 1071 1187 1249 1352 1545 
94 395 783 895 1380 1546 
93 387 776 903 1387 1546 
67 149 328 331 639 757 931 1065 1184 1245 1337 1548 
143 337 645 763 925 1053 1178 1239 1328 1548 
132 133 467 468 718 1007 1834 1867 1952 
93 163 164 165 275 277 384 387 388 389 390 672 678 776 777 778 847 904 947 948 995 996 1091 1092 1095 1197 1198 1259 1260 1311 1396 1494 1530 1660 1766 1817 1972 
93 94 161 162 274 385 390 391 392 674 678 779 780 817 945 946 1088 1090 1195 1257 1258 1379 1388 1493 1656 1768 1863 1908 1972 
93 94 130 131 161 162 241 274 385 390 391 392 394 395 674 676 678 779 780 782 783 817 895 897 898 899 945 946 994 1088 1090 1096 1146 1195 1257 1258 1381 1382 1388 1493 1525 1647 1656 1719 1759 1764 1791 1799 1824 1860 1944 1991 2026 
2 21 2026 
138 139 479 480 734 1029 1962 2002 2067 
136 137 477 478 731 1138 1960 2000 2070 
128 129 138 139 234 479 480 611 733 1028 1961 2001 2062 2063 2102 
38 39 136 137 213 286 477 478 586 728 1024 1957 1997 2040 2041 2091 2112 
134 135 242 2277 
40 41 126 289 291 459 461 621 2283 2287 2297 2298 2300 2304 2306 
