67 136 137 142 143 144 145 246 247 328 329 338 477 478 642 645 727 729 730 760 763 764 880 881 882 883 924 925 926 927 932 1023 1025 1026 1050 1051 1053 1055 1056 1066 1177 1179 1180 1238 1239 1240 1241 1327 1334 1335 1438 1440 1442 1489 1513 1515 1555 1560 1631 1636 1637 1638 1711 1713 1715 1749 1751 1752 1753 1757 1795 1796 1820 1821 1843 1857 1858 1859 1873 1950 1957 1958 1959 1997 1998 1999 2071 2072 2073 
67 132 133 136 145 151 152 153 154 155 156 157 158 159 244 256 258 259 261 262 263 328 329 333 335 336 337 338 339 467 477 619 639 640 641 642 643 645 647 727 757 758 759 760 761 762 763 764 765 883 887 888 889 890 891 892 893 894 927 933 934 935 936 937 938 939 940 941 942 943 1023 1056 1068 1069 1070 1071 1073 1074 1075 1076 1077 1079 1081 1083 1084 1180 1185 1186 1187 1188 1189 1190 1193 1241 1247 1248 1249 1250 1251 1252 1253 1254 1255 1358 1371 1372 1373 1376 1377 1442 1446 1447 1448 1449 1454 1455 1456 1457 1458 1490 1491 1492 1515 1519 1521 1522 1560 1565 1567 1594 1602 1603 1637 1638 1645 1678 1683 1684 1685 1715 1736 1753 1758 1771 1774 1807 1823 1843 1845 1847 1873 1875 1891 1895 1950 1966 2005 2007 2008 2028 2029 2074 2075 2078 2103 2116 2119 2127 2131 2134 2143 2148 2150 2159 2162 2166 2175 2180 2183 2195 2202 2212 2217 2229 2236 2240 2243 2251 2255 2259 2263 2265 2266 2269 2271 2274 2278 
37 93 94 134 135 167 168 169 170 171 172 279 281 284 384 385 387 388 389 390 391 392 393 394 470 670 671 672 673 676 678 776 777 778 779 780 781 782 818 848 906 908 909 910 911 912 913 914 950 951 952 953 954 997 1047 1100 1101 1102 1105 1108 1109 1110 1112 1154 1155 1156 1158 1159 1200 1201 1202 1203 1204 1205 1268 1269 1270 1271 1272 1274 1286 1288 1289 1300 1313 1407 1408 1409 1410 1414 1415 1419 1420 1421 1471 1472 1476 1477 1478 1488 1495 1496 1497 1499 1533 1536 1537 1610 1611 1615 1617 1692 1693 1698 1699 1706 1780 1784 1785 1810 1852 1854 1855 1877 1900 1903 2012 2014 2031 2083 2086 2123 2125 2126 2129 2139 2142 2155 2157 2161 2171 2174 2187 2190 2200 2201 2206 2210 2215 2222 2232 2233 2234 2235 2238 2241 2247 2248 2252 2254 2257 2260 2262 2264 2267 2272 2273 2277 
67 68 136 137 144 145 328 329 330 333 339 477 478 638 639 640 641 642 645 646 647 727 757 758 759 760 763 764 765 801 882 883 926 927 964 965 966 967 968 969 970 971 972 1023 1055 1056 1119 1120 1121 1122 1123 1164 1165 1167 1179 1180 1210 1211 1212 1213 1214 1227 1228 1230 1240 1241 1278 1279 1280 1292 1293 1327 1431 1442 1482 1489 1515 1541 1560 1585 1586 1619 1636 1637 1638 1667 1668 1715 1731 1732 1753 1757 1787 1831 1843 1859 1865 1873 1889 1950 1955 1957 1997 2073 
67 68 136 137 144 147 248 328 329 333 335 477 478 641 642 643 644 727 759 760 761 762 882 883 884 885 926 929 1023 1055 1061 1182 1240 1243 1337 1338 1339 1340 1341 1442 1489 1515 1559 1560 1636 1637 1638 1715 1752 1753 1822 1843 1859 1873 1950 1957 1997 2073 
67 136 142 145 246 328 335 336 338 477 642 643 727 729 730 760 761 762 764 880 881 882 883 924 927 932 1023 1025 1026 1050 1051 1056 1066 1177 1180 1238 1241 1334 1335 1438 1440 1442 1489 1513 1515 1555 1560 1631 1636 1637 1638 1711 1713 1715 1749 1751 1752 1753 1795 1796 1820 1821 1843 1857 1858 1873 1950 1958 1959 1998 1999 2071 2072 
5 8 52 53 68 137 143 144 247 248 298 304 309 329 478 499 622 627 644 645 729 730 749 762 763 819 820 925 926 932 1025 1026 1053 1055 1066 1239 1240 1440 1555 1713 1751 1796 1821 1822 1858 1859 1957 1958 1959 1997 1998 1999 2071 2072 2073 
8 52 68 132 133 145 149 150 254 304 331 335 467 477 622 639 642 643 716 727 730 749 757 760 761 819 883 927 931 1005 1023 1026 1056 1064 1180 1184 1241 1245 1435 1442 1515 1549 1550 1560 1625 1637 1638 1708 1715 1753 1802 1836 1843 1873 1887 1950 1959 1999 2071 
8 52 67 142 143 145 246 304 328 329 335 337 338 477 622 642 643 645 727 730 749 760 761 763 764 819 880 881 882 883 924 925 927 1023 1026 1050 1051 1053 1056 1177 1178 1180 1238 1239 1241 1334 1335 1438 1442 1489 1513 1515 1560 1631 1636 1637 1638 1711 1715 1749 1752 1753 1795 1820 1843 1857 1873 1950 1959 1999 2071 
44 46 67 68 137 145 328 335 478 642 643 701 727 760 761 790 834 836 883 917 927 1000 1023 1056 1138 1180 1241 1442 1515 1560 1637 1638 1715 1753 1843 1873 1950 2000 2070 
8 52 67 68 145 304 328 335 477 622 642 643 727 730 749 760 761 819 883 927 1023 1026 1056 1180 1241 1442 1515 1560 1637 1638 1715 1753 1815 1843 1873 1950 1959 1999 2071 
132 133 136 142 143 145 149 150 246 254 329 331 335 337 338 467 477 639 642 643 645 716 727 730 757 760 761 763 764 880 881 882 883 924 925 927 931 1005 1023 1026 1050 1051 1053 1056 1064 1177 1178 1180 1184 1238 1239 1241 1245 1334 1335 1435 1438 1442 1489 1513 1515 1549 1550 1560 1625 1631 1636 1637 1638 1708 1711 1715 1749 1752 1753 1795 1802 1820 1836 1843 1857 1873 1887 1950 1959 1999 2071 
67 68 136 145 328 335 477 642 643 727 760 761 883 927 1023 1056 1180 1241 1442 1515 1560 1637 1638 1715 1753 1843 1873 1950 
67 68 136 145 328 329 330 335 336 339 477 638 642 643 644 645 646 647 727 760 761 762 763 764 765 801 883 927 964 965 966 967 968 1023 1056 1119 1120 1121 1122 1123 1180 1210 1211 1212 1213 1214 1241 1278 1279 1280 1427 1431 1442 1515 1560 1582 1586 1637 1638 1668 1715 1732 1753 1843 1873 1950 
132 133 148 149 150 252 254 331 467 639 640 716 717 757 758 886 930 931 1005 1006 1063 1064 1184 1244 1245 1435 1445 1518 1549 1550 1563 1625 1643 1644 1708 1718 1756 1802 1833 1836 1866 1887 1953 
67 136 142 143 145 246 328 329 335 337 338 477 642 643 645 727 730 760 761 763 764 880 881 882 883 924 925 927 1023 1026 1050 1051 1053 1056 1177 1178 1180 1238 1239 1241 1334 1335 1438 1442 1489 1513 1515 1560 1631 1636 1637 1638 1711 1715 1749 1752 1753 1795 1820 1843 1857 1873 1950 1959 1999 2071 
5 63 67 148 252 316 326 328 508 636 639 640 717 757 758 825 886 930 1006 1063 1244 1445 1518 1563 1643 1644 1718 1756 1833 1866 1953 
5 53 68 136 137 143 144 247 248 298 309 329 478 499 627 644 645 729 762 763 820 925 926 932 1025 1053 1055 1066 1239 1240 1440 1555 1713 1751 1796 1821 1822 1858 1859 1957 1958 1997 1998 2072 2073 
68 132 133 136 145 149 150 254 331 335 467 477 639 642 643 716 727 757 760 761 883 927 931 1005 1023 1056 1064 1180 1184 1241 1245 1435 1442 1515 1549 1550 1560 1625 1637 1638 1708 1715 1753 1802 1836 1843 1873 1887 1950 
5 53 68 143 247 298 309 329 499 627 644 645 729 762 763 820 925 932 1025 1053 1066 1239 1440 1555 1713 1751 1796 1858 1905 1958 1971 1998 2072 
8 52 68 145 304 335 477 622 643 727 730 749 761 819 927 1023 1026 1056 1180 1241 1442 1560 1638 1753 1815 1843 1873 1950 1959 1971 1999 2071 
33 210 269 581 1878 1887 1915 1917 1918 1947 1974 1976 2018 
5 53 67 68 143 145 247 298 309 328 329 335 499 627 642 643 644 645 729 760 761 762 763 820 883 925 927 932 1025 1053 1056 1066 1180 1239 1241 1338 1440 1489 1555 1636 1713 1751 1752 1796 1821 1858 1905 1958 1998 2072 
93 134 135 163 164 275 384 387 389 390 470 670 672 678 776 778 847 901 904 947 996 1093 1197 1198 1259 1311 1395 1396 1397 1530 1659 1726 1766 1838 1870 1946 
44 46 93 135 165 384 387 388 434 470 545 670 671 700 721 776 777 794 840 903 948 1009 1094 1098 1199 1222 1260 1298 1468 1576 1577 1663 1669 1728 1745 1803 1839 1885 
134 135 165 166 388 469 470 671 721 777 948 1009 1094 1098 1145 1199 1222 1260 1262 1297 1298 1400 1468 1576 1577 1588 1663 1669 1728 1745 1803 1839 1885 
67 149 150 253 328 639 757 931 1064 1065 1184 1245 1435 1550 1625 1708 1789 1971 
68 136 137 143 144 247 248 329 477 478 644 645 729 762 763 925 926 932 1025 1053 1055 1066 1239 1240 1440 1555 1713 1751 1796 1821 1822 1858 1859 1957 1958 1997 1998 2072 2073 
94 167 392 780 905 906 907 908 909 950 1046 1047 1101 1200 1268 1326 1488 1706 
33 210 269 581 1916 1917 1918 1947 1953 1975 1976 2017 2018 
32 33 268 269 1879 1885 1975 2017 2303 2305 
32 33 268 269 1879 1885 1975 2017 2018 
32 210 268 581 1879 1885 1917 1918 1975 1976 2017 2018 2019 
385 393 677 781 783 905 906 907 908 1046 1047 1488 1706 
67 132 148 252 328 467 639 640 717 757 758 886 930 1006 1063 1244 1445 1518 1563 1643 1644 1718 1756 1833 1866 1953 
47 67 132 148 230 252 292 328 467 607 639 640 717 757 758 886 930 1006 1063 1244 1445 1518 1563 1643 1644 1718 1756 1833 1866 1883 1936 1986 
32 33 210 269 581 1879 1885 1917 1918 1975 1976 2017 2018 2019 
33 210 269 581 1916 1917 1918 1947 1953 1975 1976 2017 2018 2019 
97 396 398 680 745 805 871 
40 220 290 1926 1952 1981 1982 2021 2022 2023 
41 220 289 593 1982 2021 2023 
40 41 220 1982 2021 2023 
48 230 293 605 607 1883 1936 1984 1986 
33 67 132 146 147 211 250 328 333 467 582 641 642 719 759 760 884 885 928 929 1008 1058 1059 1061 1181 1182 1242 1243 1346 1347 1348 1443 1516 1640 1716 1754 1835 1868 1919 1920 1946 1977 2019 
136 477 727 1023 1815 1843 1873 1950 1971 
132 133 467 716 1005 1789 1802 1836 1887 1971 
33 211 582 1919 1920 1946 1951 1977 2019 
32 33 211 582 1919 1920 1946 1977 2019 
32 33 93 134 135 163 164 268 269 275 384 387 388 389 390 470 670 671 672 678 776 777 778 847 901 902 904 947 996 1093 1197 1198 1259 1311 1395 1396 1397 1530 1659 1726 1766 1838 1870 1919 1946 
32 210 581 1917 1918 1947 1976 2018 
94 167 279 393 781 950 1100 1101 1200 1268 1401 1547 
94 385 393 394 395 676 677 781 782 783 905 906 908 1047 1488 1706 
138 139 480 1912 1964 2004 2065 
14 
3 22 192 
96 805 871 
43 45 349 510 649 768 868 1040 1174 
44 46 433 544 698 793 869 1174 
7 58 307 497 625 629 752 822 982 1042 1236 
44 46 699 789 833 835 916 999 1175 1236 
93 134 165 384 387 388 469 670 671 721 776 777 903 948 1009 1094 1098 1199 1222 1260 1298 1468 1576 1577 1663 1728 1803 1839 1885 
170 389 672 778 952 1105 1203 1270 1406 1547 
94 385 393 394 395 676 677 781 782 783 895 896 898 1096 1097 1146 1147 1263 1525 1526 1646 1647 1648 1719 1720 1759 1760 1797 1799 1824 1860 1912 
93 134 135 164 165 384 387 388 389 470 670 671 672 776 777 778 903 947 948 1093 1094 1198 1199 1259 1260 1399 1467 1531 1575 1662 1767 1837 1869 1947 
47 48 230 292 293 607 1883 1936 1986 
35 40 41 220 288 1982 2023 
28 2069 
2027 2069 
67 68 136 143 145 247 328 329 335 477 642 643 644 645 729 760 761 762 763 883 925 927 932 1025 1053 1056 1066 1180 1239 1241 1338 1440 1489 1555 1636 1713 1751 1752 1796 1821 1858 1958 1998 2072 
