37 93 94 134 135 167 168 169 170 171 172 279 281 284 384 385 387 388 389 390 391 392 393 394 470 670 671 672 673 676 678 776 777 778 779 780 781 782 818 848 906 908 909 910 911 912 913 914 950 951 952 953 954 997 1047 1100 1101 1102 1105 1108 1109 1110 1112 1154 1155 1156 1158 1159 1200 1201 1202 1203 1204 1205 1268 1269 1270 1271 1272 1274 1286 1288 1289 1300 1313 1407 1408 1409 1410 1414 1415 1419 1420 1421 1471 1472 1476 1477 1478 1488 1495 1496 1497 1499 1533 1536 1537 1610 1611 1615 1617 1692 1693 1698 1699 1706 1780 1784 1785 1810 1852 1854 1855 1877 1900 1903 2012 2014 2031 2083 2086 2123 2125 2126 2129 2139 2142 2155 2157 2161 2171 2174 2187 2190 2200 2201 2206 2210 2215 2222 2232 2233 2234 2235 2238 2241 2247 2248 2252 2254 2257 2260 2262 2264 2267 2272 2273 2277 
94 167 392 780 905 906 907 908 909 950 1046 1047 1101 1200 1268 1326 1488 1706 
94 393 781 905 906 907 908 1046 1047 1488 1706 
385 393 677 781 783 905 906 907 908 1046 1047 1488 1706 
40 220 290 1926 1952 1981 1982 2021 2022 2023 
41 220 289 593 1982 2021 2023 
40 41 220 1982 2021 2023 
3 22 192 
7 58 307 497 625 629 752 822 982 1042 1236 
44 46 699 789 833 835 916 999 1175 1236 
94 385 393 394 395 676 677 781 782 783 905 906 908 1047 1488 1706 
35 40 41 220 288 1982 2023 
