49 50 220 294 295 593 1927 1928 1939 1951 1982 1988 2023 
93 134 163 164 165 242 275 277 384 387 388 389 390 470 672 678 776 777 778 847 904 947 948 995 996 1091 1092 1095 1197 1198 1259 1260 1311 1396 1494 1530 1660 1766 1838 1870 1946 2277 
70 72 341 342 594 875 992 993 
135 242 469 722 1869 1947 2277 
38 212 286 585 1921 1922 1945 1950 1978 2020 
128 129 465 466 2060 2067 2101 
129 221 596 2048 2049 2065 2070 2095 
128 129 221 596 2048 2049 2065 2095 
47 48 293 1935 1952 1985 
220 593 1927 1928 1946 1951 1982 2023 
39 213 586 2040 2041 2068 2073 2091 2112 
195 340 993 
0 
25 
36 340 993 
67 159 328 331 639 757 941 1083 1193 1255 1359 1545 
153 337 645 763 935 1071 1187 1249 1352 1545 
132 133 467 468 718 1007 1834 1867 1952 
93 94 130 131 161 162 241 274 385 390 391 392 394 395 674 676 678 779 780 782 783 817 895 897 898 899 945 946 994 1088 1090 1096 1146 1195 1257 1258 1381 1382 1388 1493 1525 1647 1656 1719 1759 1764 1791 1799 1824 1860 1944 1991 2026 
2 21 2026 
138 139 479 480 734 1029 1962 2002 2067 
128 138 139 221 479 480 596 736 1030 1964 2004 2048 2049 2095 
38 39 136 137 213 286 477 478 586 728 1024 1957 1997 2040 2041 2091 2112 
134 135 242 2277 
40 41 126 289 291 459 461 621 2283 2287 2297 2298 2300 2304 2306 
