68 151 152 153 255 256 336 338 339 762 764 765 888 889 933 934 935 1067 1069 1072 1187 1247 1248 1249 1320 1321 1485 1703 
68 142 143 151 152 247 255 256 337 339 763 765 870 879 888 924 925 933 934 1051 1052 1053 1067 1069 1177 1178 1238 1239 1247 1248 1320 1323 1324 1325 1328 1485 1487 1622 1703 1705 
68 141 143 151 152 247 255 256 337 338 763 764 870 879 888 923 925 933 934 1049 1052 1053 1067 1069 1176 1178 1237 1239 1247 1248 1320 1323 1324 1325 1328 1485 1487 1622 1703 1705 
141 151 152 255 256 336 337 338 339 644 645 647 762 763 764 765 870 879 880 881 888 923 933 934 1049 1067 1069 1176 1237 1247 1248 1320 1323 1324 1325 1328 1485 1487 1622 1703 1705 
122 136 181 182 183 184 185 186 187 188 189 431 473 474 476 488 558 559 560 561 563 569 570 696 703 724 725 726 731 742 743 792 803 836 843 844 846 865 1000 1022 1039 1138 1173 1221 1235 1295 1309 1434 1593 1675 1960 2000 2070 
40 41 218 289 591 1881 1924 1927 1946 1980 1982 2021 2022 2023 
40 41 218 290 591 1881 1924 1927 1946 1980 1982 2021 2022 2023 
40 289 290 593 1927 1946 1982 2022 2023 
41 289 290 1880 1887 1923 1927 1946 1979 1982 2022 2023 
40 41 289 290 1927 1946 1982 2022 2023 
69 181 182 183 184 185 186 187 188 189 473 474 476 488 558 559 560 561 563 569 570 724 725 726 742 743 803 843 844 846 865 1022 1039 1173 1221 1235 1295 1309 1434 1593 1675 
68 151 152 255 256 337 338 339 763 764 765 888 933 934 1067 1069 1247 1248 1320 1485 1703 
5 35 40 41 134 135 197 198 288 289 290 362 469 470 522 799 1870 1927 1982 2023 
