152 153 329 337 338 645 646 763 764 867 887 888 934 935 1069 1071 1186 1187 1248 1249 1319 1320 1321 1352 1485 1620 1703 
67 142 153 328 329 331 335 338 638 639 640 641 642 643 644 646 647 757 758 759 760 761 762 764 765 801 867 870 879 880 887 888 919 924 935 964 965 966 967 968 969 970 971 972 1051 1071 1120 1121 1122 1123 1124 1165 1166 1167 1177 1187 1211 1212 1213 1214 1228 1229 1230 1238 1249 1278 1279 1280 1292 1293 1319 1320 1321 1323 1324 1325 1328 1352 1427 1431 1481 1485 1487 1540 1582 1619 1620 1622 1668 1703 1705 1732 1734 1787 1831 1832 1865 1889 1955 
67 142 143 144 248 328 329 331 335 337 338 638 639 640 641 642 643 644 646 647 757 758 759 760 761 762 763 764 765 801 870 879 880 919 924 925 926 964 965 966 967 968 969 970 971 972 1051 1053 1054 1055 1120 1121 1122 1123 1124 1165 1166 1167 1177 1178 1179 1211 1212 1213 1214 1228 1229 1230 1238 1239 1240 1278 1279 1280 1292 1293 1323 1324 1325 1328 1427 1431 1481 1487 1540 1582 1619 1622 1668 1705 1732 1734 1787 1831 1832 1865 1889 1955 
67 142 143 328 329 331 335 338 638 639 640 641 642 643 644 645 646 647 757 758 759 760 761 762 763 764 765 801 870 879 880 919 924 925 964 965 966 967 968 969 970 971 972 1051 1053 1120 1121 1122 1123 1124 1165 1166 1167 1177 1178 1211 1212 1213 1214 1228 1229 1230 1238 1239 1278 1279 1280 1292 1293 1323 1324 1325 1328 1427 1431 1481 1487 1540 1582 1619 1622 1668 1705 1732 1734 1787 1831 1832 1865 1889 1955 
67 68 153 158 262 328 329 331 335 638 639 640 641 642 643 644 646 647 757 758 759 760 761 762 764 765 801 867 887 888 919 935 940 964 965 966 967 968 969 970 971 972 1071 1081 1082 1120 1121 1122 1123 1124 1165 1166 1167 1187 1192 1211 1212 1213 1214 1228 1229 1230 1249 1254 1278 1279 1280 1292 1293 1319 1320 1321 1352 1427 1431 1481 1485 1540 1582 1619 1620 1668 1703 1732 1734 1787 1831 1832 1865 1889 1955 
68 153 337 645 763 867 887 888 935 1071 1187 1249 1319 1320 1321 1352 1485 1620 1703 
142 143 329 337 338 645 646 763 764 870 879 880 924 925 1051 1053 1177 1178 1238 1239 1323 1324 1325 1328 1487 1622 1705 
67 146 150 250 328 642 760 928 1058 1059 1181 1242 1348 1350 1351 1435 1443 1444 1445 1516 1517 1518 1550 1561 1562 1563 1625 1640 1642 1644 1708 1754 1755 1756 1789 1812 1813 1814 1971 
147 148 150 252 333 640 641 758 759 929 930 1061 1062 1063 1182 1183 1243 1244 1350 1351 1435 1444 1445 1517 1518 1550 1562 1563 1625 1642 1644 1708 1755 1756 1789 1812 1813 1971 
93 94 160 161 162 272 273 274 384 385 673 674 675 678 779 780 781 817 895 896 897 944 945 946 1044 1086 1088 1090 1256 1257 1258 1380 1388 1486 1493 1621 1704 
160 393 675 676 781 782 895 897 898 899 944 1044 1086 1096 1097 1146 1147 1194 1256 1264 1381 1382 1383 1486 1525 1526 1646 1648 1649 1704 1719 1720 1759 1760 1764 1797 1799 1824 1860 1912 
67 146 147 250 251 328 640 641 642 758 759 760 885 928 929 1058 1059 1061 1181 1242 1243 1346 1443 1516 1561 1640 1754 1814 1971 
148 149 150 252 253 328 331 640 757 758 930 931 1062 1063 1064 1065 1183 1184 1244 1245 1351 1435 1445 1518 1550 1563 1625 1644 1708 1756 1789 1812 1971 
50 236 237 294 613 614 1939 1940 1941 1942 1946 1952 1988 1989 
97 396 400 682 747 815 877 
385 395 676 782 783 895 897 1044 1486 1704 
32 33 268 582 1977 2017 2019 
138 139 479 732 735 2003 2066 
125 457 458 2051 2056 2068 2070 2096 2099 
38 39 213 2020 2091 2112 
139 480 733 1028 1961 2001 2068 
49 237 294 614 1941 1942 1952 1989 
128 233 465 610 2060 2061 2067 2072 2101 
124 125 224 601 2052 2053 2066 2097 
50 236 613 1939 1940 1946 1951 1988 
129 233 610 2060 2061 2067 2072 2101 
564 571 
71 196 
492 493 
14 
16 
27 
191 
71 271 493 
140 481 564 
96 815 877 
68 143 337 645 763 870 879 880 925 1053 1178 1239 1323 1324 1325 1328 1487 1622 1705 
94 385 395 676 677 782 783 905 907 1046 1488 1706 
132 133 467 719 1868 1951 
67 148 149 252 328 331 639 640 757 758 930 931 1062 1063 1064 1183 1184 1244 1245 1351 1445 1518 1563 1644 1756 1812 1971 
49 132 133 237 294 468 614 718 1007 1834 1867 1941 1942 1989 
34 267 2017 
35 285 2020 
40 41 218 289 290 591 1881 1924 1980 2021 
35 288 2021 
138 139 480 733 1028 1961 2001 2068 
128 129 136 137 233 465 478 610 729 1025 1958 1998 2060 2061 2101 
30 31 203 266 575 2032 2033 2087 2108 
34 264 2108 
