44 46 67 68 143 145 328 329 332 335 337 477 478 640 643 645 701 727 758 761 763 790 834 836 881 882 885 886 917 925 927 1000 1023 1052 1057 1138 1140 1178 1180 1239 1241 1246 1337 1338 1339 1340 1341 1441 1489 1557 1559 1636 1714 1752 1821 1843 1858 1873 1950 1958 1998 2000 2070 2072 
137 478 727 1023 1843 1873 1950 
44 46 136 701 728 790 834 836 917 1000 1024 1138 1957 1997 2000 2070 2073 
136 137 477 729 1998 2072 
43 44 45 69 91 116 118 121 123 132 136 244 376 377 378 379 383 429 439 443 444 445 446 450 477 478 523 524 525 526 546 547 548 549 552 619 661 662 663 664 665 666 667 668 699 701 704 705 706 707 708 709 710 711 729 772 773 774 775 790 795 796 797 798 833 834 836 841 852 853 854 855 856 857 858 916 917 920 999 1000 1011 1012 1013 1014 1032 1033 1128 1129 1130 1131 1138 1168 1169 1216 1217 1232 1233 1306 1314 1316 1483 1505 1506 1542 1589 1590 1670 1671 1702 1740 1788 1804 1840 1890 1995 1998 2000 2028 2070 2072 2274 2278 
5 6 132 318 323 327 467 505 509 633 637 717 756 826 1005 1006 1833 1836 1866 1887 1953 
57 65 132 136 302 311 323 327 467 501 505 629 633 637 717 727 756 822 826 1005 1006 1023 1833 1836 1843 1866 1873 1887 1950 1953 
132 717 987 1006 1043 1236 1833 1866 1953 
46 69 429 695 699 789 833 835 916 999 1175 1236 
8 64 67 149 150 322 328 331 632 639 717 755 757 825 931 1006 1065 1184 1245 1435 1550 1625 1708 1802 1833 1836 1866 1887 1953 
133 468 716 718 1007 1834 1836 1867 1887 1952 
8 64 132 322 632 717 755 825 1006 1833 1866 1953 
67 133 149 150 328 331 467 639 716 717 757 931 1006 1065 1184 1245 1435 1550 1625 1708 1802 1833 1836 1866 1887 1953 
75 123 124 125 138 345 350 457 458 479 511 514 650 652 735 736 766 827 1029 1030 1964 2002 2003 2004 2052 2065 2067 2097 
132 133 467 716 1836 1887 
5 65 132 323 327 467 468 505 633 637 716 756 826 1005 1836 1887 
44 46 136 477 701 727 790 834 836 917 1000 1023 1138 1843 1873 1950 2000 2070 
8 52 136 304 477 622 729 730 749 819 1026 1959 1998 1999 2071 2072 
8 60 132 320 467 630 716 719 753 823 1008 1835 1836 1868 1887 1951 
68 151 338 764 867 887 933 1068 1185 1247 1319 1485 1703 
144 336 339 644 762 765 867 926 1055 1179 1240 1328 1485 1548 1703 
124 125 139 457 458 480 733 735 1028 1961 2001 2003 2052 2068 2097 
49 50 238 614 615 1884 1885 1943 1989 1990 
49 238 294 614 615 1884 1885 1943 1989 1990 
68 145 329 335 643 761 927 1057 1180 1241 1337 1548 
68 142 143 144 246 248 336 337 338 645 762 763 764 924 925 926 1050 1051 1052 1055 1177 1178 1238 1239 1240 1328 1335 1438 1513 1548 1553 1631 
329 339 647 765 867 1485 1703 
133 468 717 1006 1833 1866 1953 
137 478 728 1024 1957 1997 2073 
97 399 746 810 815 874 877 
50 237 294 614 1989 
124 125 457 458 2052 2066 2097 
47 48 292 293 1744 1745 1929 
93 94 384 385 387 389 392 393 669 670 671 672 673 674 675 676 677 678 776 777 778 779 780 781 782 783 800 849 956 957 958 959 960 961 962 963 1001 1114 1116 1117 1118 1162 1163 1207 1208 1209 1223 1224 1225 1226 1275 1276 1277 1290 1291 1424 1425 1428 1538 1539 1583 1584 1618 1665 1666 1729 1730 1786 1830 1864 1888 1954 
1911 1912 1972 
490 493 
199 201 
9 
11 
12 
15 
95 199 
71 271 490 
96 815 877 
5 65 323 327 505 633 637 756 826 986 1043 1236 
44 46 699 789 833 835 916 999 1175 1236 
68 339 765 867 1485 1703 
134 135 470 720 840 1588 1669 1745 
93 164 165 277 384 387 389 670 671 672 776 777 778 903 947 948 1093 1095 1198 1259 1260 1399 1467 1531 1575 1662 1767 1816 1972 
49 50 294 614 1989 
136 137 478 728 1024 1957 1997 2073 
124 125 138 139 457 458 479 735 2003 2052 2097 
35 38 39 138 139 285 286 287 479 735 2003 2044 2093 2114 
132 133 244 468 619 2028 2274 2278 
