93 138 139 162 274 385 390 395 480 673 678 779 783 817 915 946 1089 1090 1139 1196 1258 1281 1310 1466 1510 1529 1574 1658 1677 1735 1765 1844 1874 1912 1945 1965 2024 2025 2064 
94 138 160 161 273 392 393 479 675 733 780 781 899 944 945 1028 1085 1088 1150 1194 1256 1257 1267 1379 1465 1571 1724 1768 1826 1827 1862 1863 1961 1962 2001 2002 2067 2068 
94 121 123 139 160 161 273 354 392 393 480 515 653 675 733 780 781 828 899 944 945 1028 1085 1088 1150 1194 1256 1257 1267 1379 1465 1571 1724 1768 1826 1827 1862 1863 1961 1962 2001 2002 2067 2068 
93 94 138 139 160 385 390 393 394 479 480 675 676 678 733 781 782 817 896 898 899 944 1028 1085 1148 1150 1194 1256 1267 1379 1384 1385 1388 1465 1466 1493 1527 1529 1571 1574 1650 1656 1658 1721 1724 1761 1765 1768 1800 1826 1827 1844 1861 1862 1863 1874 1945 1961 1962 1963 2001 2002 2003 2066 2067 2068 
94 134 138 139 162 163 164 275 385 387 389 391 469 480 670 672 673 723 776 778 779 799 817 847 901 902 904 946 947 995 996 1089 1091 1093 1196 1197 1198 1258 1259 1296 1311 1392 1393 1394 1395 1396 1397 1466 1529 1530 1657 1660 1725 1726 1765 1766 1838 1844 1870 1874 1945 1946 
134 163 164 165 275 277 384 387 389 390 469 670 671 672 678 721 723 776 777 778 799 847 901 902 903 904 947 948 995 996 1009 1091 1093 1095 1098 1197 1198 1222 1259 1260 1298 1311 1395 1396 1397 1468 1530 1576 1577 1660 1663 1726 1728 1766 1803 1838 1839 1870 1885 1946 
93 94 160 161 162 273 385 390 391 392 393 394 673 675 676 678 779 780 781 782 817 895 896 915 944 945 946 1085 1088 1089 1139 1146 1194 1196 1256 1257 1258 1263 1281 1310 1382 1388 1493 1510 1525 1646 1647 1656 1677 1719 1735 1759 1764 1799 1824 1860 1912 1965 2024 2025 2064 
68 136 137 141 143 144 245 248 329 337 478 644 645 647 762 763 765 880 923 925 926 1049 1053 1054 1055 1178 1179 1237 1239 1240 1323 1327 1332 1333 1437 1487 1512 1552 1628 1629 1705 1710 1748 1752 1757 1792 1819 1856 1859 1957 1960 1997 2000 2070 2073 
67 68 136 137 145 148 153 249 329 332 333 334 335 337 478 640 641 642 645 646 758 759 760 761 763 764 867 879 882 883 884 885 887 888 927 930 935 1057 1063 1071 1183 1187 1241 1244 1249 1319 1320 1321 1323 1337 1338 1339 1340 1341 1342 1343 1344 1345 1352 1437 1442 1485 1487 1489 1512 1515 1559 1620 1629 1636 1637 1703 1705 1710 1715 1748 1752 1753 1792 1819 1843 1856 1873 1950 1960 2000 2070 
68 141 151 153 245 337 645 763 867 879 887 888 923 933 935 1049 1067 1071 1185 1187 1237 1247 1249 1319 1320 1321 1323 1352 1485 1487 1620 1703 1705 
67 136 137 141 145 148 245 249 329 332 333 334 335 478 640 641 642 646 647 758 759 760 761 764 765 879 883 884 885 923 927 930 1049 1057 1063 1183 1237 1241 1244 1323 1342 1343 1344 1345 1442 1487 1515 1637 1705 1715 1753 1843 1873 1950 
8 93 163 164 197 275 362 387 389 390 522 670 672 678 723 776 778 799 847 901 902 904 947 995 996 1091 1093 1197 1198 1259 1311 1395 1396 1397 1530 1660 1726 1766 1838 1870 1946 
138 139 160 161 273 393 479 480 675 733 781 899 944 945 949 1028 1085 1088 1099 1150 1194 1256 1257 1267 1379 1464 1465 1569 1570 1571 1654 1723 1724 1763 1764 1768 1801 1826 1827 1862 1863 1961 1962 2001 2002 2067 2068 
93 138 139 161 162 273 274 385 390 392 479 480 673 678 733 779 780 817 945 946 1028 1088 1089 1090 1196 1257 1258 1379 1388 1466 1493 1529 1574 1656 1658 1764 1765 1768 1827 1844 1863 1874 1945 1961 2001 2068 
94 138 139 160 161 273 392 393 479 480 675 733 780 781 899 944 945 1028 1085 1088 1150 1194 1256 1257 1267 1379 1465 1571 1724 1768 1826 1827 1862 1863 1961 1962 2001 2002 2067 2068 
93 134 163 165 275 384 387 388 390 469 670 671 678 723 776 777 799 847 901 902 904 948 995 996 1091 1095 1197 1199 1260 1311 1395 1396 1397 1530 1660 1726 1766 1838 1870 1946 
385 395 676 782 783 905 906 1401 1547 
94 395 783 915 1139 1281 1310 1510 1677 1735 1912 1965 2024 2025 2064 
128 233 610 2060 2061 2067 2101 
129 232 233 465 466 609 610 2058 2059 2060 2061 2066 2067 2071 2100 2101 
47 228 292 605 1932 1933 1935 1952 1984 1985 
124 225 458 2055 2072 2098 
125 457 458 2055 2056 2068 2072 2098 2099 
48 222 293 599 1744 1745 1882 1929 1935 1952 1985 
32 211 269 1920 1951 1977 2018 2019 
70 72 342 573 872 990 991 
33 211 268 582 1977 2018 2019 
97 396 680 745 805 816 871 878 
47 231 293 1935 1952 1985 2301 
124 125 458 2055 2072 2098 
67 132 133 149 150 253 328 468 639 757 931 1064 1065 1184 1245 1435 1550 1625 1708 1802 1836 1887 
48 222 599 1744 1745 1882 1887 1929 
217 590 1743 1745 1880 1887 1923 1979 
195 340 991 
196 271 493 
0 
9 
12 
20 191 
71 196 
96 816 878 
36 340 991 
170 389 672 778 952 1105 1203 1270 1406 1547 
93 134 163 164 275 387 389 390 469 670 672 678 723 776 778 799 847 901 902 904 947 995 996 1091 1093 1197 1198 1259 1311 1395 1396 1397 1530 1660 1726 1766 1838 1870 1946 
94 395 783 905 1401 1547 
120 173 174 175 176 177 178 179 180 451 453 455 456 482 484 554 556 565 567 712 713 737 738 837 838 839 850 851 973 974 1002 1003 1004 1031 1125 1126 1231 1302 1432 1500 1587 
47 48 67 132 133 147 148 293 332 333 468 640 641 758 759 885 929 930 1060 1063 1182 1183 1243 1244 1349 1350 1444 1517 1641 1717 1755 1834 1867 1935 1985 
68 141 245 329 646 647 764 765 879 923 1049 1237 1323 1487 1705 
41 217 290 590 1743 1880 1923 1979 
32 33 34 211 267 1977 2019 
93 94 138 139 161 162 273 385 390 391 392 479 673 678 733 779 780 817 945 946 1028 1088 1089 1196 1257 1258 1379 1388 1493 1656 1764 1768 1827 1863 1961 2001 2068 
67 68 124 125 136 137 143 148 329 332 333 334 337 458 478 640 641 642 644 645 758 759 760 762 763 881 882 883 884 885 925 930 1053 1063 1140 1178 1183 1239 1244 1337 1338 1339 1340 1341 1441 1489 1558 1559 1635 1636 1714 1752 1821 1858 1958 1998 2055 2098 
128 129 233 466 610 2060 2061 2101 
