93 94 138 139 161 163 273 384 385 386 387 388 389 390 391 393 394 395 480 669 672 673 678 776 777 778 779 781 782 783 800 817 847 849 900 918 945 956 957 958 959 960 961 962 963 996 1088 1091 1114 1115 1118 1161 1162 1163 1197 1207 1209 1224 1225 1226 1257 1275 1276 1277 1290 1291 1388 1389 1390 1391 1424 1425 1428 1479 1493 1538 1573 1583 1584 1618 1656 1665 1666 1729 1730 1764 1786 1827 1829 1863 1864 1888 1954 1961 2001 2068 
93 94 128 129 138 139 160 161 233 384 385 386 387 388 389 390 391 392 394 395 479 480 610 669 672 673 674 678 734 776 777 778 779 780 782 783 800 849 899 918 944 945 956 957 958 959 960 961 962 963 1029 1086 1088 1114 1115 1118 1150 1161 1162 1163 1194 1195 1207 1209 1224 1225 1226 1256 1257 1275 1276 1277 1290 1291 1379 1424 1425 1428 1465 1479 1538 1571 1583 1584 1618 1655 1665 1666 1724 1729 1730 1768 1786 1801 1826 1829 1862 1863 1864 1888 1954 1961 1962 2001 2002 2060 2061 2068 2101 
93 94 138 139 161 384 385 386 387 388 389 390 391 392 393 395 480 669 672 673 674 678 776 777 778 779 780 781 783 800 849 896 898 899 918 945 956 957 958 959 960 961 962 963 1088 1114 1115 1118 1149 1161 1162 1163 1195 1207 1209 1224 1225 1226 1257 1266 1275 1276 1277 1290 1291 1379 1386 1424 1425 1428 1479 1528 1538 1583 1584 1618 1652 1653 1665 1666 1722 1729 1730 1762 1764 1768 1786 1798 1825 1829 1861 1863 1864 1888 1954 1961 1963 2001 2003 2066 2068 
49 93 94 134 163 164 236 275 384 385 386 387 388 389 391 392 393 394 395 469 613 669 672 673 674 723 776 777 778 779 780 781 782 783 799 800 847 849 902 918 947 956 957 958 959 960 961 962 963 996 1092 1114 1115 1118 1161 1162 1163 1197 1198 1207 1209 1224 1225 1226 1259 1275 1276 1277 1290 1291 1311 1395 1424 1425 1428 1479 1494 1530 1538 1583 1584 1618 1659 1660 1665 1666 1726 1729 1730 1766 1786 1829 1838 1864 1870 1888 1939 1940 1954 1988 
49 50 93 94 134 135 164 276 294 295 384 385 386 387 388 390 391 392 393 394 395 470 669 673 674 678 776 777 779 780 781 782 783 800 849 902 918 947 956 957 958 959 960 961 962 963 1092 1093 1114 1115 1118 1161 1162 1163 1198 1207 1209 1224 1225 1226 1259 1275 1276 1277 1290 1291 1424 1425 1428 1467 1479 1531 1538 1575 1583 1584 1618 1662 1665 1666 1729 1730 1767 1786 1829 1837 1864 1869 1888 1941 1954 1989 
93 94 138 139 161 384 385 386 387 388 389 390 391 392 393 394 480 669 672 673 674 678 776 777 778 779 780 781 782 800 849 895 897 918 945 956 957 958 959 960 961 962 963 1088 1114 1115 1118 1147 1161 1162 1163 1195 1207 1209 1224 1225 1226 1257 1275 1276 1277 1290 1291 1379 1424 1425 1428 1479 1526 1538 1583 1584 1618 1648 1665 1666 1720 1729 1730 1760 1768 1786 1797 1799 1824 1829 1860 1863 1864 1888 1912 1954 1961 2001 2068 
93 94 134 165 384 385 386 387 389 390 391 392 393 394 395 469 669 672 673 674 678 721 776 778 779 780 781 782 783 800 849 904 918 948 956 957 958 959 960 961 962 963 1009 1094 1114 1115 1118 1161 1162 1163 1199 1207 1209 1222 1224 1225 1226 1260 1275 1276 1277 1290 1291 1298 1424 1425 1428 1468 1479 1538 1576 1577 1583 1584 1618 1663 1665 1666 1728 1729 1730 1786 1803 1829 1839 1864 1885 1888 1954 
93 94 138 139 161 384 386 387 388 389 390 392 393 394 395 480 669 672 674 678 776 777 778 780 781 782 783 800 849 900 918 945 956 957 958 959 960 961 962 963 1088 1114 1115 1118 1161 1162 1163 1195 1207 1209 1224 1225 1226 1257 1275 1276 1277 1290 1291 1379 1424 1425 1428 1479 1493 1538 1583 1584 1618 1656 1665 1666 1729 1730 1768 1786 1829 1863 1864 1888 1954 1961 2001 2068 
49 50 93 94 134 135 164 276 294 295 385 386 387 388 390 391 392 393 394 395 470 669 672 673 674 678 776 777 778 779 780 781 782 783 800 849 902 918 947 956 957 958 959 960 961 962 963 1092 1093 1114 1115 1118 1161 1162 1163 1198 1207 1209 1224 1225 1226 1259 1275 1276 1277 1290 1291 1424 1425 1428 1467 1479 1531 1538 1575 1583 1584 1618 1662 1665 1666 1729 1730 1767 1786 1829 1837 1864 1869 1888 1941 1954 1989 
93 138 139 161 384 385 386 387 388 389 390 392 393 394 395 480 669 672 673 674 678 776 777 778 779 780 781 782 783 800 849 900 918 945 956 957 958 959 960 961 962 963 1088 1114 1115 1118 1161 1162 1163 1195 1207 1209 1224 1225 1226 1257 1275 1276 1277 1290 1291 1379 1424 1425 1428 1479 1493 1538 1583 1584 1618 1656 1665 1666 1729 1730 1768 1786 1829 1863 1864 1888 1954 1961 2001 2068 
94 134 135 165 166 278 384 385 386 388 389 390 391 392 393 394 395 469 470 669 671 672 673 674 678 721 777 778 779 780 781 782 783 800 849 903 904 918 948 956 957 958 959 960 961 962 963 1009 1094 1114 1115 1118 1145 1161 1162 1163 1199 1207 1209 1222 1224 1225 1226 1260 1261 1275 1276 1277 1290 1291 1298 1400 1424 1425 1428 1468 1479 1538 1576 1577 1583 1584 1588 1618 1663 1665 1666 1669 1728 1729 1730 1745 1786 1803 1829 1839 1864 1885 1888 1954 
93 94 134 135 164 167 168 169 170 171 172 242 279 282 283 384 385 387 388 390 391 392 393 394 395 469 617 673 674 678 722 776 777 779 780 781 782 783 818 848 902 905 906 907 908 909 910 911 912 913 914 947 950 951 952 953 954 997 1010 1092 1100 1103 1104 1105 1106 1107 1108 1109 1154 1155 1156 1158 1159 1198 1201 1202 1203 1204 1205 1259 1268 1269 1270 1271 1272 1285 1300 1313 1405 1407 1408 1409 1410 1414 1415 1467 1471 1472 1476 1477 1478 1495 1496 1497 1499 1531 1533 1536 1537 1575 1610 1611 1615 1661 1662 1692 1693 1697 1699 1700 1727 1738 1767 1781 1784 1785 1837 1852 1855 1869 1900 1903 1947 1992 2012 2014 2015 2031 2083 2086 2123 2126 2129 2138 2139 2142 2146 2155 2158 2161 2171 2174 2178 2187 2189 2193 2201 2206 2210 2215 2222 2232 2233 2234 2235 2238 2241 2248 2253 2257 2260 2262 2264 2267 2270 2272 2273 2277 
93 134 135 164 165 166 278 384 389 469 470 672 721 722 778 902 903 904 947 948 1009 1010 1092 1094 1145 1198 1199 1222 1259 1260 1261 1298 1400 1467 1468 1531 1575 1576 1577 1588 1661 1662 1663 1669 1727 1728 1745 1767 1803 1837 1839 1869 1885 1947 
134 135 163 164 165 166 278 384 388 389 390 469 470 671 672 678 721 777 778 847 902 903 904 947 948 996 1009 1091 1092 1094 1145 1197 1198 1199 1222 1259 1260 1261 1298 1311 1395 1400 1468 1494 1530 1576 1577 1588 1660 1663 1669 1728 1745 1766 1803 1838 1839 1870 1885 1946 
93 94 134 135 138 139 162 164 384 385 388 389 391 470 479 672 673 732 777 778 779 902 946 947 1027 1089 1092 1196 1198 1258 1259 1311 1392 1395 1466 1494 1529 1530 1574 1657 1658 1660 1725 1765 1766 1838 1844 1870 1874 1945 1946 
49 50 93 134 135 163 164 276 294 295 388 390 470 672 678 777 778 847 902 947 996 1091 1092 1093 1197 1198 1259 1311 1395 1467 1494 1530 1531 1575 1660 1662 1766 1767 1837 1838 1869 1870 1941 1946 1989 
93 134 135 163 164 384 388 390 469 470 678 722 777 847 901 902 947 996 1010 1091 1092 1197 1198 1259 1311 1467 1494 1530 1531 1575 1659 1660 1661 1662 1727 1766 1767 1837 1838 1869 1870 1946 1947 
93 134 135 163 164 165 166 278 384 389 390 469 470 672 678 721 778 847 902 903 904 947 948 996 1009 1091 1092 1094 1145 1197 1198 1199 1222 1259 1260 1261 1298 1311 1395 1400 1468 1494 1530 1576 1577 1588 1660 1663 1669 1728 1745 1766 1803 1838 1839 1870 1885 1946 
49 50 93 134 135 163 294 295 384 388 390 470 678 777 847 902 996 1091 1197 1311 1395 1467 1494 1530 1531 1575 1660 1662 1766 1767 1837 1838 1869 1870 1941 1946 1989 
93 94 134 164 385 386 387 388 389 391 392 393 394 395 469 669 672 673 674 678 722 776 777 778 779 780 781 782 783 800 849 902 918 947 956 957 958 959 960 961 962 963 1010 1092 1113 1114 1115 1117 1161 1162 1163 1198 1206 1207 1209 1224 1225 1226 1259 1275 1276 1277 1290 1291 1425 1428 1467 1479 1531 1538 1575 1579 1583 1584 1618 1661 1662 1665 1666 1727 1729 1730 1767 1786 1829 1837 1864 1869 1888 1947 1954 
134 135 164 165 166 278 384 388 389 469 470 671 672 721 722 777 778 902 903 904 947 948 1009 1010 1092 1094 1145 1198 1199 1222 1259 1260 1261 1298 1400 1467 1468 1531 1575 1576 1577 1588 1661 1662 1663 1669 1727 1728 1745 1767 1803 1837 1839 1869 1885 1947 
49 238 294 615 1884 1941 1943 1947 1953 1989 1990 
49 294 295 616 1941 1947 1989 2302 
49 50 93 134 135 163 164 294 295 384 387 389 390 469 470 672 678 721 776 778 847 904 947 996 1009 1091 1092 1197 1198 1222 1259 1298 1311 1395 1398 1399 1467 1468 1494 1530 1531 1576 1577 1660 1661 1663 1727 1728 1766 1767 1803 1837 1838 1839 1869 1870 1885 1941 1946 1989 
7 62 67 133 148 252 315 328 468 503 631 640 718 754 758 824 886 930 1007 1063 1244 1351 1445 1518 1643 1718 1756 1833 1834 1866 1867 1952 1953 
132 133 146 148 252 328 333 334 468 640 642 758 759 760 884 886 928 930 1059 1063 1181 1242 1244 1351 1443 1445 1516 1518 1561 1640 1643 1718 1754 1756 1833 1835 1866 1868 1951 1953 
155 334 336 338 642 644 646 760 762 764 867 870 887 888 889 890 891 893 894 937 1075 1189 1251 1319 1320 1321 1360 1361 1362 1363 1485 1487 1491 1620 1703 1705 
124 223 226 458 600 603 2050 2051 2056 2057 2068 2070 2096 2099 
50 294 295 1941 1942 1947 1952 1989 
50 238 295 615 1884 1941 1943 1947 1953 1989 1990 
50 236 295 613 1939 1940 1941 1947 1951 1988 1989 
236 613 1939 1940 1946 1951 1988 
385 395 676 782 783 905 907 1046 1488 1706 
30 31 265 575 2087 2108 2110 
194 264 2110 
32 33 268 582 1974 1977 2019 
70 72 342 584 873 990 991 
47 48 222 599 608 1744 1745 1882 1887 1929 2301 
47 292 293 608 1883 1885 1986 2301 
399 681 746 810 874 
93 94 384 385 386 387 388 389 390 391 392 393 394 395 669 672 673 674 678 776 777 778 779 780 781 782 783 800 849 918 956 957 958 959 960 961 962 963 1114 1115 1118 1161 1162 1163 1207 1209 1224 1225 1226 1275 1276 1277 1290 1291 1424 1425 1428 1479 1538 1583 1584 1618 1665 1666 1729 1730 1786 1829 1864 1888 1954 
94 394 782 905 907 1046 1488 1706 
125 223 458 600 2050 2051 2070 2096 
67 132 133 148 252 328 468 640 758 886 930 1063 1244 1351 1445 1518 1643 1718 1756 1833 1866 1953 
132 467 718 1007 1813 1834 1867 1952 1971 
48 229 292 608 1985 2301 
128 129 233 610 2060 2061 2067 2101 
49 50 294 295 1941 1947 1989 
93 134 164 384 388 389 469 672 722 777 778 902 947 1010 1092 1198 1259 1467 1531 1575 1661 1662 1727 1767 1837 1869 1947 
49 236 613 1939 1940 1946 1988 
194 267 1974 
195 340 990 
196 271 493 
10 
71 196 
96 816 878 
36 340 990 
69 181 182 183 184 185 186 187 188 189 471 473 488 489 558 560 562 563 569 570 724 725 726 742 743 843 844 845 846 865 866 1021 1022 1039 1136 1137 1220 1221 1235 1295 1433 1509 1593 1675 
68 329 647 765 870 1487 1705 
93 134 135 163 164 384 388 389 390 470 672 678 777 778 847 902 947 996 1091 1092 1197 1198 1259 1311 1395 1494 1530 1660 1766 1838 1870 1946 
94 395 783 1488 1706 
67 148 252 328 640 758 886 930 1063 1244 1351 1445 1518 1643 1718 1756 1812 1971 
93 94 138 139 160 163 272 384 385 389 390 391 393 480 672 673 678 778 779 781 817 847 899 900 901 944 996 1086 1091 1150 1197 1256 1267 1388 1389 1390 1391 1465 1493 1571 1573 1656 1724 1764 1826 1862 1962 2002 2067 
124 125 223 458 600 2050 2051 2096 
34 264 2110 
38 39 213 286 287 586 2040 2041 2091 2112 
35 285 2112 
47 48 292 608 2301 
