7 54 136 299 477 495 623 728 729 750 820 1025 1958 1997 1998 2072 2073 
7 54 68 137 141 245 299 338 339 477 495 623 729 731 750 764 765 820 879 923 1025 1049 1138 1237 1436 1437 1511 1512 1551 1626 1627 1628 1709 1710 1747 1748 1792 1794 1819 1856 1958 1960 1998 2000 2070 2072 
122 136 137 181 182 183 184 185 186 187 188 189 431 472 475 488 559 560 561 562 569 570 696 703 724 725 726 731 742 743 792 803 836 843 846 865 1000 1020 1021 1022 1039 1136 1137 1138 1173 1220 1221 1235 1295 1434 1509 1593 1675 1960 2000 2070 
67 148 252 332 758 886 930 1063 1244 1351 1445 1518 1643 1718 1756 1812 1971 
149 150 253 254 328 331 639 757 931 1065 1245 1435 1549 1708 1789 1971 
8 54 136 137 299 306 477 478 495 496 623 624 628 729 750 751 820 821 1024 1025 1958 1997 1998 2072 2073 
161 392 674 780 945 1088 1195 1257 1379 1546 1573 1656 1768 1863 1908 1972 
32 33 269 1920 1951 1974 1977 2019 
124 125 227 458 603 604 1930 1931 1950 1983 2099 
124 457 458 603 2056 2068 2099 
47 292 293 599 1929 1932 1946 1984 
48 231 293 606 608 1985 2291 2292 2301 
48 229 292 606 1985 
47 48 230 599 607 1883 1885 1929 1936 1953 1986 
47 292 293 606 1934 1947 1985 
48 228 292 599 1929 1984 
125 224 457 603 2097 2099 
128 129 221 596 2048 2049 2065 2095 
194 267 1974 
492 493 
0 
27 
18 190 
71 271 492 
94 385 676 782 896 1380 1546 
69 181 182 183 184 185 186 187 188 189 472 475 488 559 560 561 562 569 570 724 725 726 742 743 803 843 846 865 1020 1021 1022 1039 1136 1137 1173 1220 1221 1235 1295 1434 1509 1593 1675 
67 149 150 253 254 331 757 931 1065 1245 1435 1549 1708 1789 1971 
93 165 387 388 670 671 776 777 903 948 1095 1098 1199 1222 1260 1468 1577 1663 1728 1790 1972 
34 267 1974 
47 48 292 606 1985 
39 212 287 585 1921 1922 1978 2020 
35 285 2020 
40 41 218 289 290 591 1881 1924 1980 2021 
35 288 2021 
73 123 138 139 343 479 480 513 654 829 1030 2004 2065 
7 54 136 137 299 495 623 729 750 820 1025 1958 1998 2072 
124 125 457 603 2099 
