129 233 466 610 2060 2061 2101 
232 233 466 609 610 2058 2059 2060 2061 2063 2066 2073 2100 2101 2102 
68 151 339 647 765 867 887 888 889 933 1067 1185 1247 1319 1320 1321 1352 1485 1620 1703 
128 129 233 466 610 2060 2061 2101 
128 129 232 609 611 2058 2059 2066 2100 2102 
128 232 465 609 611 2058 2059 2066 2100 2102 
49 50 243 295 614 618 1746 1886 1887 1949 1989 
49 294 295 614 1941 1947 1989 
138 139 480 732 1027 1844 1874 1945 
128 233 610 2060 2061 2067 2101 
129 235 465 611 1987 2102 
50 237 294 614 1989 
72 240 342 594 595 811 812 875 992 
134 135 469 720 1669 1745 
230 607 1883 1885 1936 1953 1986 
124 125 457 458 1930 1945 1983 
48 222 599 1744 1745 1882 1887 1929 
47 48 222 599 1744 1745 1882 1929 
12 
3 22 192 
70 240 
160 393 675 781 944 1086 1194 1256 1380 1546 
162 391 673 779 946 1090 1196 1258 1387 1546 
69 181 182 183 184 185 186 187 188 189 472 486 487 488 559 560 561 562 563 569 570 724 725 726 742 743 803 844 846 865 1020 1039 1137 1173 1221 1235 1295 1309 1434 1593 1675 
152 338 646 764 867 887 888 889 934 1069 1186 1248 1319 1320 1321 1352 1485 1620 1703 
134 135 469 721 1839 1885 
147 333 641 759 885 886 929 1060 1182 1243 1349 1350 1444 1517 1641 1717 1755 1813 1971 
67 149 150 253 254 328 639 757 931 1065 1245 1435 1549 1708 1789 1971 
49 50 294 614 1989 
30 136 137 202 265 478 574 727 1023 1843 1873 1913 1914 1973 2016 
34 264 2016 
32 132 133 210 268 468 581 718 1007 1834 1867 1917 1918 1976 2018 
34 267 2018 
40 41 218 290 591 1881 1924 1980 2021 
35 288 2021 
138 139 479 734 2002 2067 
128 129 465 611 2102 
38 39 214 287 587 2042 2043 2092 2113 
35 285 2113 
