385 395 677 783 1486 1704 
94 394 782 895 897 1044 1486 1704 
128 129 232 609 2058 2059 2061 2066 2072 2100 2101 
128 235 466 1987 2061 2072 2101 
129 465 466 2060 2061 2067 2072 2101 
94 395 783 1486 1704 
138 139 479 736 1030 1912 1964 2004 2065 
128 129 466 2061 2072 2101 
564 571 
199 201 
15 
95 201 
140 481 564 
94 164 387 389 394 395 670 672 776 778 782 783 817 895 897 900 901 902 904 947 1093 1147 1198 1259 1387 1388 1389 1390 1391 1493 1526 1573 1649 1656 1720 1760 1764 1797 1824 1860 1912 
41 219 290 592 1925 1926 1981 2022 
35 288 2022 
68 128 129 136 137 143 147 329 333 337 466 478 641 645 759 763 881 882 883 884 925 929 1052 1061 1140 1178 1182 1239 1243 1246 1337 1338 1339 1340 1341 1441 1489 1557 1559 1636 1714 1752 1821 1858 1958 1998 2061 2101 
