138 139 161 162 164 273 274 385 387 389 392 480 670 672 673 776 778 779 780 817 900 901 902 904 945 946 947 1088 1090 1093 1198 1257 1258 1259 1296 1387 1388 1389 1390 1391 1392 1393 1394 1466 1493 1529 1573 1656 1657 1725 1764 1765 1827 1844 1863 1874 1945 1961 2001 2068 
94 138 139 160 161 272 273 392 393 479 480 734 780 781 944 945 949 1029 1086 1088 1099 1256 1257 1464 1569 1723 1763 1801 1826 1827 1862 1863 1961 1962 2001 2002 2067 2068 
94 138 161 164 273 387 389 392 479 670 672 734 776 778 780 817 900 901 902 904 945 947 1029 1088 1093 1198 1257 1259 1387 1388 1389 1390 1391 1493 1573 1656 1764 1827 1863 1961 1962 2001 2002 2067 2068 
385 394 676 782 895 897 1044 1486 1704 
75 94 123 139 161 164 273 353 387 389 392 480 514 652 670 672 734 776 778 780 817 827 900 901 902 904 945 947 1029 1088 1093 1198 1257 1259 1387 1388 1389 1390 1391 1493 1573 1656 1764 1827 1863 1961 1962 2001 2002 2067 2068 
385 394 677 782 783 895 897 1044 1486 1704 
128 234 611 2061 2062 2063 2068 2072 2101 2102 
128 235 466 1987 2061 2072 2101 
129 465 466 2060 2061 2067 2072 2101 
94 394 782 895 897 898 899 1044 1097 1383 1486 1526 1704 
385 395 677 783 1486 1704 
94 164 387 389 394 395 670 672 776 778 782 783 817 895 897 900 901 902 904 947 1093 1147 1198 1259 1387 1388 1389 1390 1391 1493 1526 1573 1649 1656 1720 1760 1764 1797 1824 1860 1911 1912 
138 139 479 736 1030 1912 1964 2004 2065 
128 129 466 2061 2072 2101 
564 571 
199 201 
15 
95 201 
140 481 564 
33 211 269 582 1919 1920 1977 2019 
34 267 2019 
41 219 290 592 1925 1926 1981 2022 
35 288 2022 
94 138 139 161 164 273 387 389 392 480 670 672 776 778 780 817 900 901 902 904 945 947 1088 1093 1198 1257 1259 1387 1388 1389 1390 1391 1493 1573 1656 1764 1827 1863 1961 2001 2068 
68 128 129 136 137 143 147 329 333 337 466 478 641 645 759 763 881 882 883 884 925 929 1052 1061 1140 1178 1182 1239 1243 1246 1337 1338 1339 1340 1341 1441 1489 1557 1559 1636 1714 1752 1821 1858 1958 1998 2061 2101 
