67 147 150 328 333 641 759 929 1061 1182 1243 1350 1351 1435 1444 1445 1517 1518 1550 1562 1563 1625 1642 1644 1708 1755 1756 1789 1812 1813 1971 
38 216 286 589 2041 2046 2047 2073 2091 2094 2112 2115 
38 213 287 2041 2073 2091 2112 2115 
39 286 287 2040 2041 2068 2073 2091 2112 2115 
32 33 208 268 579 1742 1878 1887 1915 1917 1947 1974 1976 2018 2019 
32 268 269 581 1917 1947 1976 2018 2019 
33 208 269 579 1742 1878 1887 1915 1917 1947 1974 1976 2018 2019 
47 222 292 599 1744 1882 1887 1929 1934 1947 1985 
47 292 293 606 1934 1947 1985 
48 222 293 599 1744 1882 1887 1929 1934 1947 1985 
32 33 268 269 1917 1947 1976 2018 2019 
47 48 49 50 237 292 293 614 1934 1941 1942 1985 1989 
38 39 287 2041 2073 2091 2112 2115 
129 465 466 2060 2061 2067 2072 2101 
94 160 272 393 781 944 1085 1086 1194 1256 1380 1465 1546 1572 
385 395 676 782 783 895 896 1380 1546 
166 278 1145 1261 1387 1400 1544 1546 1972 
128 129 465 466 2058 2066 2100 
47 48 292 293 1934 1947 1985 
200 481 571 
140 200 
93 163 384 390 678 847 996 1091 1197 1387 1546 
94 394 782 896 1380 1546 
94 391 394 395 779 782 783 895 897 900 1146 1263 1493 1525 1647 1656 1759 1799 1860 1912 
68 144 145 329 332 335 336 640 643 644 758 761 762 882 883 884 885 886 926 927 1054 1057 1179 1180 1240 1241 1337 1338 1339 1340 1341 1489 1559 1636 1752 1822 1859 1904 1971 
67 146 147 250 328 332 333 334 640 641 758 759 760 884 885 886 928 929 1059 1061 1182 1242 1243 1346 1347 1348 1443 1516 1639 1716 1754 1814 1971 
94 391 393 394 779 781 782 896 898 900 1148 1265 1493 1527 1651 1656 1761 1800 1861 1910 1972 
93 166 278 384 387 670 776 903 1145 1261 1400 1544 1972 
47 48 134 135 292 293 469 722 1869 1934 1985 
32 33 34 134 135 267 268 269 469 722 1869 1917 1976 2018 
138 139 480 735 922 1963 2003 2066 
128 129 138 139 465 466 479 734 2002 2060 2101 
35 38 39 136 137 285 287 477 728 1997 2041 2091 2112 
