8 80 93 94 162 361 385 390 391 655 673 678 732 735 769 779 817 830 946 1027 1089 1196 1258 1466 1529 1574 1657 1658 1725 1765 1844 1874 1945 2003 2066 
139 479 732 735 1027 1844 1874 1912 1945 1964 2003 2004 2065 2066 
138 139 734 735 1029 1962 2002 2003 2066 2067 
75 121 350 353 511 650 652 766 827 978 1040 1174 
138 139 479 735 2003 2066 
77 123 138 354 480 515 653 733 734 828 1028 1029 1961 1962 2001 2002 2067 2068 
43 74 138 349 479 510 649 734 768 922 1029 1962 2002 2003 2066 2067 
139 480 733 735 1028 1961 2001 2003 2066 2068 
138 734 978 1029 1040 1174 1962 2002 2067 
77 123 138 354 479 515 653 733 735 828 1028 1961 2001 2003 2066 2068 
139 480 734 1029 1962 2002 2067 
49 50 237 294 614 1941 1942 1952 1989 
13 
15 
3 22 192 
23 193 
43 74 349 510 649 768 868 1040 1174 
132 133 467 718 1867 1952 
138 139 480 734 1029 1962 2002 2067 
