5 61 132 133 138 314 321 365 467 468 503 507 519 631 635 658 732 754 824 830 1007 1027 1844 1867 1874 1945 1952 
128 465 466 609 2062 2068 2100 2102 
128 129 465 466 2062 2068 2102 
128 465 466 609 2058 2066 2100 
35 288 2023 
38 39 215 2093 2113 2114 
40 41 218 1980 2021 2023 
129 221 596 2048 2049 2065 2070 2095 
30 31 121 123 138 139 265 266 354 515 653 733 828 1028 1961 2001 2032 2068 
128 129 465 466 2058 2066 2100 
128 129 221 596 2048 2049 2065 2095 
50 243 618 1745 1746 1886 1887 1949 
49 50 294 295 1939 1946 1988 
49 243 618 1745 1746 1886 1949 
195 340 993 
207 240 
199 201 
16 
19 
24 
23 193 
36 195 
95 199 
70 240 
5 134 198 522 723 799 1838 1870 1946 
46 49 111 134 243 434 618 700 720 794 840 1588 1669 1746 1886 1949 
6 61 132 133 314 321 467 468 503 507 631 635 754 824 1007 1867 1952 
43 74 138 139 344 510 649 735 768 922 1963 2003 2066 
2069 
121 123 128 129 138 139 221 352 513 596 654 736 829 1030 1964 2004 2048 2049 2095 
35 285 2113 
