67 68 136 142 147 246 328 329 333 335 477 641 642 643 646 727 730 759 760 761 764 880 881 882 883 884 885 924 929 1023 1026 1050 1051 1061 1177 1182 1238 1243 1336 1337 1338 1339 1340 1341 1439 1442 1489 1514 1515 1554 1559 1560 1633 1636 1637 1638 1715 1750 1753 1793 1795 1820 1843 1857 1873 1950 1959 1999 2071 
5 8 52 53 68 137 143 144 247 248 298 304 309 329 478 499 622 627 644 645 729 730 749 762 763 819 820 925 926 932 1025 1026 1053 1055 1066 1239 1240 1440 1555 1713 1751 1796 1821 1822 1858 1859 1957 1958 1959 1997 1998 1999 2071 2072 2073 
67 132 133 136 145 151 152 153 154 155 156 157 158 159 244 256 258 259 261 262 263 328 329 333 335 336 337 338 339 467 477 619 639 640 641 642 643 645 647 727 757 758 759 760 761 762 763 764 765 883 887 888 889 890 891 892 893 894 927 933 934 935 936 937 938 939 940 941 942 943 1023 1056 1068 1069 1070 1071 1073 1074 1075 1076 1077 1079 1081 1083 1084 1180 1185 1186 1187 1188 1189 1190 1193 1241 1247 1248 1249 1250 1251 1252 1253 1254 1255 1358 1371 1372 1373 1376 1377 1442 1446 1447 1448 1449 1454 1455 1456 1457 1458 1490 1491 1492 1515 1519 1521 1522 1560 1565 1567 1594 1602 1603 1637 1638 1645 1678 1683 1684 1685 1715 1736 1753 1758 1771 1774 1807 1823 1843 1845 1847 1873 1875 1891 1895 1950 1966 2005 2007 2008 2028 2029 2074 2075 2078 2103 2116 2119 2127 2131 2134 2143 2148 2150 2159 2162 2166 2175 2180 2183 2195 2202 2212 2217 2229 2236 2240 2243 2251 2255 2259 2263 2265 2266 2269 2271 2274 2278 
5 53 68 136 137 143 144 247 248 298 309 329 478 499 627 644 645 729 762 763 820 925 926 932 1025 1053 1055 1066 1239 1240 1440 1555 1713 1751 1796 1821 1822 1858 1859 1957 1958 1997 1998 2072 2073 
67 136 137 142 143 144 145 246 248 328 329 335 336 337 338 477 478 642 643 645 727 730 760 761 762 763 764 880 881 883 924 925 926 927 1023 1026 1050 1051 1053 1055 1056 1177 1178 1180 1238 1239 1240 1241 1334 1335 1438 1442 1513 1515 1560 1631 1637 1638 1711 1715 1749 1753 1795 1820 1822 1843 1857 1859 1873 1950 1957 1959 1997 1999 2071 2073 
68 136 137 142 144 246 248 329 477 478 644 646 729 730 762 764 880 881 924 926 932 1025 1026 1050 1051 1055 1066 1177 1238 1240 1334 1335 1438 1440 1513 1555 1631 1711 1713 1749 1751 1795 1796 1820 1821 1822 1857 1858 1859 1957 1958 1959 1997 1998 1999 2071 2072 2073 
67 68 136 137 144 147 248 328 333 335 338 339 477 478 641 642 643 644 646 647 727 759 760 761 762 764 765 870 879 880 881 882 883 884 885 926 929 1023 1055 1061 1182 1240 1243 1323 1324 1325 1337 1338 1339 1340 1341 1442 1487 1489 1515 1559 1560 1622 1636 1637 1638 1705 1715 1752 1753 1822 1843 1859 1873 1950 1957 1997 2073 
68 136 137 144 145 147 248 333 335 338 339 477 478 641 643 644 646 647 727 759 761 762 764 765 870 879 880 881 882 884 885 926 927 929 1023 1055 1056 1061 1180 1182 1240 1241 1243 1323 1324 1325 1337 1338 1339 1340 1341 1442 1487 1489 1515 1559 1560 1622 1636 1637 1638 1705 1715 1752 1753 1822 1843 1859 1873 1950 1957 1997 2073 
67 68 136 137 143 144 145 247 328 335 336 477 478 642 643 644 645 729 760 761 762 763 883 925 926 927 932 1025 1053 1055 1056 1066 1179 1180 1239 1240 1241 1327 1338 1440 1489 1555 1636 1713 1751 1752 1757 1796 1821 1858 1859 1957 1958 1997 1998 2072 2073 
68 132 133 136 145 146 147 333 335 468 477 641 643 727 759 761 883 884 885 927 928 929 1023 1056 1058 1061 1180 1181 1182 1241 1242 1243 1346 1347 1348 1442 1443 1515 1516 1560 1637 1638 1639 1715 1716 1753 1754 1835 1843 1868 1873 1950 1951 
67 136 137 142 144 145 246 328 335 338 477 478 642 643 727 729 730 760 761 764 880 881 882 883 924 926 927 932 1023 1025 1026 1050 1051 1055 1056 1066 1177 1179 1180 1238 1240 1241 1327 1334 1335 1438 1440 1442 1489 1513 1515 1553 1555 1560 1631 1636 1637 1638 1711 1713 1715 1749 1751 1752 1753 1757 1795 1796 1820 1821 1843 1857 1858 1859 1873 1950 1957 1958 1959 1997 1998 1999 2071 2072 2073 
67 68 136 137 144 145 328 329 330 333 339 477 478 638 639 640 641 642 645 646 647 727 757 758 759 760 763 764 765 801 882 883 926 927 964 965 966 967 968 969 970 971 972 1023 1055 1056 1119 1120 1121 1122 1123 1164 1165 1167 1179 1180 1210 1211 1212 1213 1214 1227 1228 1230 1240 1241 1278 1279 1280 1292 1293 1327 1431 1442 1482 1489 1515 1541 1560 1585 1586 1619 1636 1637 1638 1667 1668 1715 1731 1732 1753 1757 1787 1831 1843 1859 1865 1873 1889 1950 1955 1957 1997 2073 
67 68 136 137 142 144 145 246 328 329 477 478 642 646 727 729 730 760 764 880 881 882 883 924 926 927 932 1023 1025 1026 1050 1051 1055 1056 1066 1177 1179 1180 1238 1240 1241 1327 1334 1335 1438 1440 1442 1489 1513 1515 1553 1555 1560 1631 1636 1637 1638 1711 1713 1715 1749 1751 1752 1753 1757 1795 1796 1820 1821 1843 1857 1858 1859 1873 1950 1957 1958 1959 1997 1998 1999 2071 2072 2073 
67 68 136 137 143 144 145 247 328 336 477 478 642 644 645 727 729 760 762 763 882 883 925 926 927 932 1023 1025 1053 1055 1056 1066 1179 1180 1239 1240 1241 1327 1440 1442 1489 1515 1555 1560 1636 1637 1638 1713 1715 1751 1752 1753 1757 1796 1821 1843 1858 1859 1873 1950 1957 1958 1997 1998 2072 2073 
67 68 136 137 144 147 248 328 329 333 335 477 478 641 642 643 644 727 759 760 761 762 882 883 884 885 926 929 1023 1055 1061 1182 1240 1243 1337 1338 1339 1340 1341 1442 1489 1515 1559 1560 1636 1637 1638 1715 1752 1753 1822 1843 1859 1873 1950 1957 1997 2073 
5 53 67 68 143 145 247 298 309 328 329 335 499 627 642 643 644 645 729 760 761 762 763 820 883 925 927 932 1025 1053 1056 1066 1180 1239 1241 1338 1440 1489 1555 1636 1713 1751 1752 1796 1821 1858 1905 1958 1998 2072 
8 44 46 52 67 137 142 143 145 246 304 328 329 335 337 338 478 622 642 643 645 701 727 730 749 760 761 763 764 790 819 834 836 880 881 882 883 917 924 925 927 1000 1023 1026 1050 1051 1053 1056 1138 1177 1178 1180 1238 1239 1241 1334 1335 1438 1442 1489 1513 1515 1560 1631 1636 1637 1638 1711 1715 1749 1752 1753 1795 1820 1843 1857 1873 1950 1959 1999 2000 2070 2071 
67 136 137 142 143 144 145 246 247 328 329 338 477 478 642 645 727 729 730 760 763 764 880 881 882 883 924 925 926 927 932 1023 1025 1026 1050 1051 1053 1055 1056 1066 1177 1179 1180 1238 1239 1240 1241 1327 1334 1335 1438 1440 1442 1489 1513 1515 1555 1560 1631 1636 1637 1638 1711 1713 1715 1749 1751 1752 1753 1757 1795 1796 1820 1821 1843 1857 1858 1859 1873 1950 1957 1958 1959 1997 1998 1999 2071 2072 2073 
136 137 142 143 144 246 247 248 329 335 337 338 477 478 644 645 729 730 761 762 763 764 880 881 882 924 925 926 932 1025 1026 1050 1051 1053 1055 1066 1177 1178 1238 1239 1240 1334 1335 1438 1440 1489 1513 1555 1631 1636 1711 1713 1749 1751 1752 1795 1796 1820 1821 1822 1857 1858 1859 1957 1958 1959 1997 1998 1999 2071 2072 2073 
68 136 143 144 247 248 329 477 644 645 727 729 762 763 925 926 932 1023 1025 1053 1055 1066 1239 1240 1440 1555 1713 1751 1796 1821 1822 1843 1858 1859 1873 1950 1957 1958 1997 1998 2072 2073 
68 132 133 136 145 149 150 254 331 335 467 477 639 642 643 716 727 757 760 761 883 927 931 1005 1023 1056 1064 1180 1184 1241 1245 1435 1442 1515 1549 1550 1560 1625 1637 1638 1708 1715 1753 1802 1836 1843 1873 1887 1950 
44 46 67 68 137 145 328 335 478 642 643 701 727 760 761 790 834 836 883 917 927 1000 1023 1056 1138 1180 1241 1442 1515 1560 1637 1638 1715 1753 1843 1873 1950 2000 2070 
8 52 67 68 145 304 328 335 477 622 642 643 727 730 749 760 761 819 883 927 1023 1026 1056 1180 1241 1442 1515 1560 1637 1638 1715 1753 1843 1873 1950 1959 1999 2071 
67 136 142 143 145 246 328 329 335 337 338 477 642 643 645 727 730 760 761 763 764 880 881 882 883 924 925 927 1023 1026 1050 1051 1053 1056 1177 1178 1180 1238 1239 1241 1334 1335 1438 1442 1489 1513 1515 1560 1631 1636 1637 1638 1711 1715 1749 1752 1753 1795 1820 1843 1857 1873 1950 1959 1999 2071 
68 136 137 143 144 247 248 329 477 478 644 645 729 762 763 925 926 932 1025 1053 1055 1066 1239 1240 1440 1555 1713 1751 1796 1821 1822 1858 1859 1957 1958 1997 1998 2072 2073 
94 167 392 780 905 906 907 908 909 950 1046 1047 1101 1200 1268 1326 1488 1706 
94 393 781 905 906 907 908 1046 1047 1488 1706 
385 393 677 781 783 905 906 907 908 1046 1047 1488 1706 
97 396 398 680 745 805 871 
40 220 290 1926 1952 1981 1982 2021 2022 2023 
93 134 135 163 164 275 384 387 388 389 390 470 670 671 672 678 776 777 778 847 901 902 904 947 996 1093 1197 1198 1259 1311 1395 1396 1397 1530 1659 1726 1766 1838 1870 1946 
94 167 279 393 781 950 1100 1101 1200 1268 1401 1472 1547 1611 
385 392 677 780 783 909 1326 1401 1488 1547 1706 
41 220 289 593 1982 2021 2023 
40 41 220 1982 2021 2023 
33 211 582 1919 1920 1946 1951 1977 2019 
32 33 211 582 1919 1920 1946 1977 2019 
32 210 581 1917 1918 1947 1976 2018 
14 
3 22 192 
96 805 871 
7 58 307 497 625 629 752 822 982 1042 1236 
44 46 699 789 833 835 916 999 1175 1236 
170 389 672 778 952 1105 1203 1270 1406 1547 
94 385 393 394 395 676 677 781 782 783 905 906 908 1047 1488 1706 
93 134 135 164 165 384 387 388 389 470 670 671 672 776 777 778 903 947 948 1093 1094 1198 1199 1259 1260 1399 1467 1531 1575 1662 1767 1837 1869 1947 
35 40 41 220 288 1982 2023 
67 68 136 143 145 247 328 329 335 477 642 643 644 645 729 760 761 762 763 883 925 927 932 1025 1053 1056 1066 1180 1239 1241 1338 1440 1489 1555 1636 1713 1751 1752 1796 1821 1858 1958 1998 2072 
