234 465 466 611 2058 2061 2062 2063 2066 2072 2100 2101 2102 
93 94 162 274 384 385 387 388 392 393 669 670 671 672 673 674 675 676 678 776 777 778 779 780 781 782 800 817 849 895 897 946 956 957 958 959 960 961 962 963 1001 1090 1113 1116 1117 1118 1146 1162 1163 1206 1208 1209 1223 1224 1225 1226 1258 1263 1275 1276 1277 1290 1291 1388 1424 1425 1428 1493 1525 1538 1539 1583 1584 1618 1646 1647 1656 1665 1666 1719 1729 1730 1759 1764 1786 1799 1824 1830 1860 1864 1888 1912 1954 
68 150 254 329 644 762 932 1066 1327 1328 1331 1335 1337 1345 1348 1350 1351 1435 1436 1438 1440 1442 1443 1444 1445 1511 1513 1515 1516 1517 1518 1548 1549 1550 1551 1553 1555 1559 1560 1561 1562 1563 1625 1626 1627 1630 1631 1636 1637 1638 1639 1640 1641 1642 1643 1644 1708 1709 1711 1713 1715 1716 1717 1718 1747 1749 1751 1752 1753 1754 1755 1756 1757 1789 1794 1795 1796 1812 1813 1814 1815 1819 1820 1821 1822 1856 1857 1858 1859 1904 1905 1906 1907 1971 
395 677 783 915 1139 1310 1510 1676 1677 1735 1912 1965 2025 2064 
141 335 339 647 761 765 882 923 1049 1176 1237 1328 1489 1548 1622 1705 
50 126 294 295 464 1943 1953 1990 2290 2293 2302 
5 6 132 326 467 508 636 716 717 825 1006 1833 1836 1866 1887 1953 
133 468 716 717 1006 1833 1836 1866 1887 1953 
34 267 2017 
32 33 268 581 1976 2018 2019 
128 138 139 221 480 596 736 1030 1964 2004 2048 2049 2095 
129 465 466 2058 2061 2066 2072 2100 2101 
38 39 136 137 287 477 731 2000 2047 2094 2112 2115 
124 125 458 1931 1950 1983 
49 134 135 237 470 614 722 1010 1837 1869 1941 1942 1989 
50 237 614 1941 1942 1947 1952 1989 
564 571 
71 271 490 
492 493 
70 72 341 342 597 876 991 993 
207 240 
199 201 
15 
95 201 
70 207 
71 271 493 
140 481 571 
36 340 991 
8 197 198 362 522 744 1041 1174 
73 123 343 513 654 804 1040 1174 
68 141 339 647 765 923 1049 1176 1237 1328 1548 
132 133 467 716 1836 1887 
94 385 395 676 677 782 783 895 897 1146 1147 1263 1525 1526 1646 1647 1648 1719 1720 1759 1760 1797 1799 1824 1860 1912 
47 48 132 133 293 467 716 1836 1882 1929 
136 137 478 727 1023 1843 1873 1950 
34 267 2019 
128 129 138 139 465 466 479 735 2003 2058 2100 
30 31 206 266 578 2038 2039 2090 2111 
34 264 2111 
35 285 2112 
49 50 126 294 295 464 2290 2293 2302 
