93 134 163 164 165 242 275 277 384 387 388 389 390 470 672 678 776 777 778 847 904 947 948 995 996 1091 1092 1095 1197 1198 1259 1260 1311 1396 1494 1530 1660 1766 1838 1870 1946 2277 
70 72 341 342 594 875 992 993 
135 242 469 722 1869 1947 2277 
38 212 286 585 1921 1922 1945 1950 1978 2020 
39 212 585 1921 1922 1945 1950 1978 2020 
129 221 596 2048 2049 2065 2070 2095 
195 340 993 
36 340 993 
38 39 136 137 212 286 477 478 585 727 1023 1843 1873 1921 1922 1978 2020 
93 94 130 131 161 162 241 274 385 390 391 392 394 395 674 676 678 779 780 782 783 817 895 897 898 899 945 946 994 1088 1090 1096 1146 1195 1257 1258 1381 1382 1388 1493 1525 1647 1656 1719 1759 1764 1791 1799 1824 1860 1944 1991 2026 
2 21 2026 
128 138 139 221 479 480 596 736 1030 1964 2004 2048 2049 2095 
134 135 242 2277 
40 41 126 289 291 459 461 621 2283 2287 2297 2298 2300 2304 2306 
