32 33 49 50 126 239 268 269 459 464 616 2017 2284 2286 2288 2290 2293 2294 2295 2299 2302 2303 2305 
129 235 466 612 1937 1938 1950 1987 2058 2066 2100 
73 121 129 138 139 221 343 352 513 596 654 736 804 829 1030 1964 2004 2048 2049 2070 2095 
75 123 129 138 139 221 350 352 353 479 480 511 513 596 650 652 654 736 766 827 829 1029 1030 1964 2002 2004 2048 2049 2067 2070 2095 
77 121 138 139 347 354 515 653 733 828 1028 1961 2001 2068 
73 123 138 139 352 354 479 480 515 653 654 733 828 829 1028 1030 1961 2001 2004 2065 2068 
40 218 220 289 593 1927 1928 1951 1980 1982 2021 2023 
38 216 287 2041 2073 2091 2094 2112 2114 2115 
128 221 465 596 609 612 2048 2049 2065 2070 2095 2100 
128 129 235 465 612 1937 1938 1950 1987 2062 2068 2102 
129 235 466 612 1937 1938 1950 1987 2062 2068 2102 
6 61 132 314 321 467 468 503 507 631 635 719 754 824 1007 1867 1868 1951 1952 
6 61 67 133 147 148 149 252 314 321 328 331 333 467 468 503 507 631 635 639 640 641 754 757 758 759 824 929 930 931 1007 1061 1063 1064 1182 1184 1243 1244 1245 1350 1444 1517 1562 1642 1755 1834 1867 1952 
68 143 144 247 248 329 644 645 762 763 881 925 926 1052 1053 1054 1055 1140 1178 1179 1239 1240 1327 1441 1558 1635 1714 1752 1757 1821 1858 1859 1904 1905 1971 
131 241 994 1791 1912 1944 1965 1991 2024 2025 2026 2064 
38 39 216 2094 2113 2115 
35 285 2113 
35 285 2020 
35 288 2023 
38 212 286 585 1921 1922 1950 1978 2020 
40 42 43 45 86 87 92 113 115 117 121 122 123 126 127 218 290 369 375 381 382 436 444 445 450 459 460 523 526 528 529 546 553 661 664 666 667 702 704 705 706 711 772 775 791 795 796 797 835 841 852 853 854 855 856 857 858 920 999 1128 1129 1130 1131 1168 1169 1216 1217 1232 1233 1303 1306 1315 1483 1502 1542 1590 1671 1702 1739 1740 1788 1841 1871 1890 1980 1996 2021 2023 2281 2283 2287 2298 2300 2304 2306 
35 288 2022 
39 215 216 287 588 2044 2045 2071 2093 2094 2114 2115 
221 596 611 2048 2049 2065 2070 2095 2102 
129 465 466 2062 2063 2068 2073 2102 
128 465 466 611 2062 2068 2102 
128 465 466 609 2062 2068 2100 2102 
43 74 124 138 139 224 344 457 510 600 601 649 735 768 922 1963 2003 2052 2053 2071 2096 2097 
128 465 466 609 2058 2066 2100 
125 224 458 600 601 2052 2053 2071 2096 2097 
129 221 596 2048 2049 2065 2070 2095 
128 129 465 466 2058 2066 2100 
30 31 121 123 138 139 265 266 354 515 653 733 828 1028 1961 2001 2032 2068 
128 129 221 596 2048 2049 2065 2095 
50 238 615 1884 1885 1943 1953 1990 
50 243 618 1745 1746 1886 1887 1949 
8 32 33 84 134 135 268 269 360 364 469 470 518 657 660 771 832 1009 1839 1879 1885 
49 50 294 295 1939 1946 1988 
49 243 618 1745 1746 1886 1949 
40 41 291 2023 2300 2304 2306 
219 592 1925 1926 1947 1952 1981 2022 
194 267 2017 
195 340 993 
196 271 493 
207 240 
199 201 
10 
16 
17 
19 
24 
23 193 
36 195 
71 196 
95 199 
70 240 
69 181 182 183 184 185 186 187 188 189 473 476 486 487 488 489 558 559 560 563 569 570 724 725 726 742 743 844 845 865 866 1019 1021 1022 1039 1136 1137 1220 1221 1235 1295 1433 1509 1593 1675 
94 162 385 391 394 673 676 677 779 782 783 817 895 897 898 899 900 901 946 1090 1097 1147 1196 1258 1264 1383 1388 1389 1390 1391 1493 1526 1573 1649 1656 1760 1797 1799 1824 1860 1912 
5 134 198 522 723 799 1838 1870 1946 
46 49 111 134 243 434 618 700 720 794 840 1588 1669 1746 1886 1949 
6 61 132 133 314 321 467 468 503 507 631 635 754 824 1007 1867 1952 
67 146 147 331 333 334 639 641 642 757 759 760 884 885 886 928 929 1058 1061 1181 1182 1242 1243 1346 1347 1348 1443 1516 1639 1716 1754 1814 1971 
34 267 2017 
38 39 212 286 287 585 1921 1922 1978 2020 
41 219 290 592 1925 1926 1981 2022 
43 74 138 139 344 510 649 735 768 922 1963 2003 2066 
2069 
121 123 128 129 138 139 221 352 513 596 654 736 829 1030 1964 2004 2048 2049 2095 
124 125 457 600 2096 
35 285 2114 
42 43 45 86 87 92 113 115 117 121 122 123 132 133 244 369 375 381 382 436 444 445 450 523 526 528 529 546 553 619 661 664 666 667 702 704 705 706 711 772 775 791 795 796 797 835 841 852 853 854 855 856 857 858 920 999 1128 1129 1130 1131 1168 1169 1216 1217 1232 1233 1303 1306 1315 1483 1502 1542 1590 1671 1702 1739 1740 1788 1841 1871 1890 1995 2028 2274 2278 
