133 244 467 716 1836 1887 2278 
67 132 146 147 148 149 244 251 252 328 331 334 468 639 640 641 642 757 758 759 760 928 929 930 931 1059 1061 1063 1064 1181 1184 1242 1243 1244 1245 1348 1443 1516 1561 1640 1754 1835 1868 1951 2278 
94 161 392 394 674 676 780 782 896 898 899 945 1088 1149 1195 1257 1266 1379 1386 1528 1652 1653 1722 1762 1764 1768 1798 1825 1861 1863 1908 1910 1972 
93 94 161 162 163 164 165 274 275 277 384 385 389 392 670 671 672 673 674 678 776 777 778 779 780 847 904 945 946 947 948 996 1088 1090 1092 1095 1195 1197 1198 1257 1258 1259 1260 1379 1391 1493 1656 1768 1863 1908 1972 
165 166 388 670 671 776 777 903 948 1095 1098 1145 1199 1222 1260 1262 1297 1400 1468 1544 1577 1663 1728 1790 1972 
72 341 572 648 806 872 990 993 
70 72 207 342 572 597 598 648 813 814 872 876 990 993 
207 341 342 572 573 872 990 993 
72 207 341 342 572 872 990 993 
70 72 341 342 572 872 990 993 
49 238 243 294 618 1745 1746 1886 1887 1949 1990 
133 468 718 1007 1834 1867 1952 
50 238 294 615 1990 
124 125 458 2057 2073 2099 
47 48 293 1935 1952 1985 
0 
1 
14 
16 
17 
36 70 72 340 341 342 572 872 990 
93 166 384 670 776 903 1145 1262 1297 1400 1544 1972 
49 50 238 1990 
136 137 477 478 728 1024 1957 1997 2073 
132 133 244 2278 
35 288 2304 2306 
