67 148 252 332 758 886 930 1063 1244 1351 1445 1518 1643 1718 1756 1812 1971 
149 150 253 254 328 331 639 757 931 1065 1245 1435 1549 1708 1789 1971 
32 33 269 1920 1951 1974 1977 2019 
124 125 227 458 603 604 1930 1931 1950 1983 2099 
124 457 458 603 2056 2068 2099 
47 48 230 599 607 1883 1885 1929 1936 1953 1986 
47 292 293 599 1929 1932 1946 1984 
48 228 292 599 1929 1984 
125 224 457 603 2097 2099 
128 129 221 596 2048 2049 2065 2095 
194 267 1974 
492 493 
18 190 
71 271 492 
93 165 388 671 777 948 1095 1199 1260 1387 1546 
94 385 676 782 896 1380 1546 
47 48 292 599 1929 
67 149 150 253 254 331 757 931 1065 1245 1435 1549 1708 1789 1971 
34 267 1974 
40 41 218 289 290 591 1881 1924 1980 2021 
35 288 2021 
73 123 138 139 343 479 480 513 654 829 1030 2004 2065 
124 125 457 603 2099 
