133 244 467 719 1868 1951 2278 
29 67 68 127 132 151 152 153 154 155 156 157 158 159 244 257 260 261 328 329 331 334 335 336 338 339 460 468 639 640 641 642 643 644 645 646 647 757 758 759 760 761 762 763 764 765 887 888 889 890 891 892 893 894 933 934 935 936 937 938 939 940 941 943 1068 1069 1071 1072 1073 1075 1077 1079 1081 1084 1142 1143 1185 1186 1187 1188 1189 1192 1193 1247 1248 1249 1250 1251 1252 1253 1254 1255 1356 1357 1359 1360 1361 1362 1363 1364 1365 1366 1367 1373 1378 1450 1451 1452 1453 1454 1455 1456 1457 1458 1490 1491 1520 1521 1522 1564 1567 1597 1598 1599 1601 1645 1680 1683 1684 1758 1773 1774 1775 1808 1823 1846 1847 1848 1875 1893 1895 1967 1996 2006 2008 2029 2077 2078 2117 2118 2127 2133 2134 2149 2150 2151 2159 2164 2165 2166 2176 2181 2183 2191 2197 2202 2208 2213 2216 2223 2226 2227 2228 2229 2236 2240 2243 2251 2255 2259 2263 2265 2271 2274 2275 2278 2279 2281 
68 132 149 150 254 328 329 330 331 332 333 334 335 336 338 467 639 641 642 643 644 645 646 716 757 758 759 760 761 762 763 764 801 870 931 964 965 966 967 968 969 970 971 972 1005 1064 1121 1124 1164 1165 1184 1210 1211 1212 1214 1227 1228 1229 1230 1245 1278 1279 1280 1292 1293 1427 1430 1435 1487 1540 1541 1549 1550 1581 1585 1586 1619 1625 1667 1668 1705 1708 1731 1732 1787 1802 1832 1836 1865 1887 1889 1955 
47 48 293 1935 1952 1985 
67 132 149 150 254 331 467 639 716 757 931 1005 1064 1184 1245 1435 1549 1550 1625 1708 1802 1836 1887 
94 160 161 272 385 392 674 675 780 781 899 944 945 1086 1088 1150 1195 1256 1257 1267 1379 1465 1571 1724 1764 1768 1826 1862 1863 1908 1909 1972 
73 121 241 343 352 513 654 829 994 1791 1912 1944 1965 1991 2024 2026 2064 
171 388 670 671 776 777 914 953 1107 1204 1271 1406 1547 
72 341 572 648 806 872 990 993 
70 72 207 342 572 597 598 648 813 814 872 876 990 993 
207 341 342 572 573 872 990 993 
72 207 341 342 572 872 990 993 
70 72 341 342 572 872 990 993 
49 236 238 613 1939 1940 1946 1951 1988 1990 
131 241 994 1791 1912 1944 1965 1991 2024 2026 2064 
94 172 392 394 674 676 780 782 907 908 909 954 955 1109 1111 1205 1272 1401 1402 1403 1405 1422 1469 1495 1532 1547 1608 1690 1691 1778 1809 1851 1898 2011 2081 
385 395 677 783 905 1401 1547 
398 680 745 805 871 
132 467 718 1007 1813 1834 1867 1952 1971 
133 468 718 1007 1834 1867 1952 
50 238 294 615 1990 
124 125 458 2057 2073 2099 
47 48 293 1882 1887 1929 
564 571 
0 
1 
14 
16 
17 
140 481 571 
96 805 871 
36 70 72 340 341 342 572 872 990 
67 146 147 148 149 251 252 328 331 334 639 640 641 642 757 758 759 760 928 929 930 931 1059 1061 1063 1064 1181 1184 1242 1243 1244 1245 1348 1443 1516 1561 1640 1754 1814 1971 
93 166 384 670 776 903 1145 1262 1297 1400 1544 1972 
49 50 238 1990 
94 131 241 385 677 783 915 994 1139 1281 1310 1676 1677 1735 1791 1944 1991 2026 
2069 
136 137 477 478 728 1024 1957 1997 2073 
30 136 137 205 265 477 478 577 730 1026 1959 1999 2036 2037 2089 2110 
34 264 2110 
132 133 244 2278 
35 288 2304 2306 
