47 48 229 606 1934 1935 1936 1947 1953 1985 1986 
48 222 229 292 599 606 1744 1882 1887 1929 1934 1935 1947 1985 
47 222 231 292 599 1744 1882 1887 1929 2301 
47 48 222 599 1744 1882 1887 1929 1936 1953 1986 
48 222 293 599 1744 1882 1887 1929 1932 1946 1984 
229 231 292 293 606 1932 1934 1935 1936 1946 1947 1953 1984 1985 1986 2301 
45 76 138 139 346 350 479 480 511 650 652 766 827 1029 2002 2067 
72 341 583 584 597 808 809 873 876 991 992 993 
240 342 583 584 648 808 809 814 873 876 991 992 993 
124 224 457 601 2052 2053 2057 2073 2097 2099 
40 41 289 590 1923 1979 2021 
47 48 222 292 599 1744 1882 1887 1929 
47 231 293 1936 1953 1986 2301 
48 292 293 1932 1936 1946 1953 1984 1986 
124 226 458 2057 2073 2099 
125 457 458 2056 2057 2068 2073 2099 
49 238 294 615 1884 1939 1943 1946 1988 1990 
50 238 295 615 1884 1943 1990 
72 207 341 342 597 876 992 993 
70 207 
72 240 342 583 584 808 809 873 991 
5 197 198 362 522 744 1041 1174 
5 63 322 326 504 632 636 755 825 987 1043 1236 
124 125 458 2057 2073 2099 
47 48 293 1936 1953 1986 
8 47 48 66 132 222 292 323 599 633 716 756 826 1005 1744 1802 1836 1882 1929 
47 48 293 1933 1951 1984 
492 493 
207 240 
18 190 
71 271 493 
70 72 342 583 584 808 809 873 991 
73 123 343 513 654 804 1040 1174 
44 46 699 789 833 835 916 999 1175 1236 
94 160 272 385 675 781 944 1085 1086 1194 1256 1380 1546 
93 164 389 672 778 947 1093 1198 1259 1387 1546 
94 167 279 385 675 781 950 1100 1101 1200 1268 1401 1547 
93 170 389 672 778 952 1105 1203 1270 1406 1547 
8 60 132 320 630 719 753 823 1008 1835 1868 1951 
34 267 1974 
49 50 238 295 615 1884 1943 1990 
32 33 210 269 581 1917 1918 1976 2018 
34 267 2018 
35 288 2021 
43 45 138 139 350 479 480 511 650 652 766 827 1029 2002 2067 
5 55 124 125 136 137 306 310 458 477 478 496 624 628 751 821 1024 1997 2057 2099 
38 39 216 287 589 2046 2047 2094 2115 
35 285 2115 
