134 135 220 469 470 593 723 799 1838 1870 1927 1928 1951 1982 2023 
134 135 469 470 723 799 1838 1870 1946 
37 93 94 134 167 168 169 170 171 172 242 280 281 283 384 385 387 388 389 390 391 392 393 394 395 470 672 674 675 676 678 776 777 778 779 780 781 782 783 818 848 905 906 907 908 909 913 914 950 951 952 953 954 955 997 998 1100 1102 1104 1106 1107 1109 1111 1152 1153 1158 1159 1200 1202 1203 1205 1268 1269 1270 1271 1272 1273 1284 1289 1313 1402 1403 1405 1407 1420 1421 1422 1469 1470 1476 1477 1478 1495 1496 1497 1532 1536 1537 1608 1609 1615 1616 1664 1690 1691 1697 1699 1700 1738 1778 1784 1785 1809 1851 1855 1898 1903 2011 2015 2081 2086 2122 2126 2137 2142 2154 2157 2158 2161 2169 2174 2186 2189 2193 2198 2199 2206 2209 2214 2221 2222 2225 2232 2233 2234 2235 2238 2241 2248 2252 2254 2257 2260 2262 2264 2267 2272 2273 2277 
70 72 341 342 594 875 992 993 
49 239 294 616 1939 1946 1988 2293 2294 2302 
40 132 133 220 289 467 468 593 719 1008 1835 1868 1927 1928 1982 2023 
50 126 239 295 459 463 616 1939 1946 1988 2285 2289 2293 2294 2302 
135 242 469 722 1869 1947 2277 
38 212 286 585 1921 1922 1945 1950 1978 2020 
128 129 465 466 2060 2067 2101 
129 221 596 2048 2049 2065 2070 2095 
128 129 221 596 2048 2049 2065 2095 
49 50 294 295 1939 1946 1988 
47 48 293 1935 1952 1985 
39 213 586 2040 2041 2068 2073 2091 2112 
195 340 993 
0 
25 
36 340 993 
67 159 328 331 639 757 941 1083 1193 1255 1359 1545 
153 337 645 763 935 1071 1187 1249 1352 1545 
132 133 467 468 718 1007 1834 1867 1952 
93 94 130 131 161 162 241 274 385 390 391 392 394 395 674 676 678 779 780 782 783 817 895 897 898 899 945 946 994 1088 1090 1096 1146 1195 1257 1258 1381 1382 1388 1493 1525 1647 1656 1719 1759 1764 1791 1799 1824 1860 1944 1991 2026 
2 21 2026 
138 139 479 480 734 1029 1962 2002 2067 
128 138 139 221 479 480 596 736 1030 1964 2004 2048 2049 2095 
38 39 136 137 213 286 477 478 586 728 1024 1957 1997 2040 2041 2091 2112 
134 135 242 2277 
40 41 126 289 291 459 461 621 2283 2287 2297 2298 2300 2304 2306 
