68 141 142 143 153 158 245 246 247 262 329 644 646 647 762 764 765 867 881 887 888 923 924 925 935 940 1049 1051 1053 1071 1081 1082 1187 1192 1237 1238 1239 1249 1254 1319 1320 1321 1325 1352 1485 1487 1620 1703 1705 
152 153 329 337 338 645 646 763 764 867 887 888 934 935 1069 1071 1186 1187 1248 1249 1319 1320 1321 1352 1485 1620 1703 
50 236 237 294 613 614 1939 1940 1941 1942 1946 1952 1988 1989 
128 233 465 610 2060 2061 2067 2072 2101 
129 233 610 2060 2061 2067 2072 2101 
564 571 
14 
16 
27 
140 481 564 
68 153 337 645 763 867 887 888 935 1071 1187 1249 1319 1320 1321 1352 1485 1620 1703 
49 132 133 237 294 468 614 718 1007 1834 1867 1941 1942 1989 
128 129 136 137 233 465 478 610 729 1025 1958 1998 2060 2061 2101 
