133 244 467 716 1836 1887 2278 
29 67 68 127 132 151 152 153 154 155 156 157 158 159 244 257 260 261 328 329 331 334 335 336 338 339 460 468 639 640 641 642 643 644 645 646 647 757 758 759 760 761 762 763 764 765 887 888 889 890 891 892 893 894 933 934 935 936 937 938 939 940 941 943 1068 1069 1071 1072 1073 1075 1077 1079 1081 1084 1142 1143 1185 1186 1187 1188 1189 1192 1193 1247 1248 1249 1250 1251 1252 1253 1254 1255 1356 1357 1359 1360 1361 1362 1363 1364 1365 1366 1367 1373 1378 1450 1451 1452 1453 1454 1455 1456 1457 1458 1490 1491 1520 1521 1522 1564 1567 1597 1598 1599 1601 1645 1680 1683 1684 1758 1773 1774 1775 1808 1823 1846 1847 1848 1875 1893 1895 1967 1996 2006 2008 2029 2077 2078 2117 2118 2127 2133 2134 2149 2150 2151 2159 2164 2165 2166 2176 2181 2183 2191 2197 2202 2208 2213 2216 2223 2226 2227 2228 2229 2236 2240 2243 2251 2255 2259 2263 2265 2271 2274 2275 2278 2279 2281 
68 142 144 329 336 338 644 645 646 762 763 764 880 924 926 1051 1055 1177 1179 1238 1240 1327 1439 1514 1633 1712 1750 1752 1757 1793 1820 1857 1859 1904 1906 1971 
94 161 392 394 674 676 780 782 896 898 899 945 1088 1149 1195 1257 1266 1379 1386 1528 1652 1653 1722 1762 1764 1768 1798 1825 1861 1863 1908 1910 1972 
93 94 161 162 163 164 165 274 275 277 384 385 389 392 670 671 672 673 674 678 776 777 778 779 780 847 904 945 946 947 948 996 1088 1090 1092 1095 1195 1197 1198 1257 1258 1259 1260 1379 1391 1493 1656 1768 1863 1908 1972 
165 166 388 670 671 776 777 903 948 1095 1098 1145 1199 1222 1260 1262 1297 1400 1468 1544 1577 1663 1728 1790 1972 
72 341 572 648 806 872 990 993 
70 72 207 342 572 597 598 648 813 814 872 876 990 993 
207 341 342 572 573 872 990 993 
72 207 341 342 572 872 990 993 
70 72 341 342 572 872 990 993 
398 680 745 805 871 
49 238 243 294 618 1745 1746 1886 1887 1949 1990 
133 468 718 1007 1834 1867 1952 
50 238 294 615 1990 
124 125 458 2057 2073 2099 
47 48 293 1935 1952 1985 
0 
1 
14 
16 
17 
96 805 871 
36 70 72 340 341 342 572 872 990 
67 146 147 148 149 251 252 328 331 334 639 640 641 642 757 758 759 760 928 929 930 931 1059 1061 1063 1064 1181 1184 1242 1243 1244 1245 1348 1443 1516 1561 1640 1754 1814 1971 
93 166 384 670 776 903 1145 1262 1297 1400 1544 1972 
49 50 238 1990 
136 137 477 478 728 1024 1957 1997 2073 
30 136 137 205 265 477 478 577 730 1026 1959 1999 2036 2037 2089 2110 
34 264 2110 
132 133 244 2278 
35 288 2304 2306 
