43 45 46 49 50 69 85 87 89 92 113 115 116 119 121 123 127 295 372 375 376 377 378 380 381 429 436 438 445 446 449 459 460 463 523 524 525 526 529 546 547 548 661 662 663 664 665 666 667 699 704 705 706 707 710 772 773 774 775 795 796 797 798 833 841 852 853 854 855 856 857 858 916 920 999 1011 1012 1013 1032 1127 1128 1129 1130 1168 1216 1217 1232 1233 1306 1315 1483 1502 1505 1506 1542 1589 1590 1670 1671 1701 1739 1740 1788 1804 1840 1890 1996 2281 2285 2289 2294 2302 
68 151 152 153 158 262 329 337 338 643 644 645 646 761 762 763 764 867 890 933 934 935 940 1068 1070 1072 1081 1185 1186 1187 1247 1248 1249 1254 1352 1485 1491 1620 1703 
68 144 336 337 338 644 645 646 647 762 763 764 765 867 870 879 880 881 926 1055 1179 1240 1323 1324 1325 1328 1485 1487 1622 1703 1705 
915 1139 1310 1488 1510 1676 1677 1706 1735 1912 2024 2025 2064 
139 480 732 733 1028 1874 1945 1961 2001 2068 
138 139 479 732 735 1874 1945 
73 121 138 352 479 654 734 829 1029 1030 1962 2002 2004 2065 2067 
126 238 463 615 1884 1885 1943 1990 2289 2294 2302 
50 126 238 295 463 615 1884 1885 1943 1990 2289 2294 2302 
50 238 295 615 1884 1885 1942 1943 1952 1989 1990 
49 238 615 1884 1885 1942 1943 1952 1989 1990 
49 243 295 1942 1949 1952 1989 
50 294 295 1745 1746 1940 1949 1951 1988 
329 339 647 765 867 1485 1703 
128 129 232 465 609 2058 2059 2071 2100 
139 480 734 1029 1962 2002 2067 
133 468 719 1008 1835 1868 1951 
38 39 286 287 2044 2066 2093 2112 2114 
5 197 198 362 522 744 1041 1174 
73 121 352 654 804 1040 1174 
68 329 647 765 867 1485 1703 
94 385 677 783 1488 1706 
132 133 468 719 1008 1835 1868 1951 
94 160 385 393 673 674 675 779 780 781 900 944 949 1086 1194 1256 1464 1493 1569 1654 1656 1723 1763 1801 1862 1909 1972 
93 165 387 388 670 671 776 777 903 948 1095 1098 1199 1222 1260 1468 1577 1663 1728 1790 1972 
138 139 480 734 1029 1962 2002 2067 
136 137 477 730 1999 2071 
35 285 2112 
49 50 126 295 463 2289 2294 2302 
