93 94 134 135 167 168 169 170 171 172 242 279 281 282 283 284 384 385 391 469 617 670 671 672 673 674 675 676 678 776 777 778 779 780 781 782 818 848 905 906 908 909 910 911 912 913 914 950 951 952 953 954 997 1046 1100 1101 1102 1105 1106 1107 1109 1110 1112 1154 1155 1156 1157 1200 1201 1202 1203 1205 1268 1269 1270 1271 1272 1274 1287 1299 1312 1404 1406 1407 1408 1409 1410 1421 1471 1472 1473 1474 1475 1488 1495 1496 1497 1533 1534 1535 1578 1612 1664 1692 1693 1694 1695 1706 1769 1780 1782 1783 1810 1811 1852 1853 1899 1900 1901 1969 1970 1992 2012 2013 2083 2085 2106 2123 2124 2139 2140 2141 2146 2147 2155 2156 2170 2173 2178 2179 2187 2188 2201 2205 2211 2215 2220 2230 2234 2239 2241 2246 2253 2254 2264 2267 2268 2270 2272 2273 2277 
93 94 134 135 167 168 169 170 171 172 242 279 281 282 283 284 384 385 391 469 617 670 671 672 673 674 675 676 678 776 777 778 779 780 781 782 818 848 906 907 908 909 910 911 912 913 914 950 951 952 953 954 997 1046 1100 1101 1102 1105 1106 1107 1109 1110 1154 1155 1156 1157 1200 1201 1202 1203 1205 1268 1269 1270 1271 1272 1274 1286 1287 1299 1312 1406 1407 1408 1409 1410 1421 1471 1472 1473 1474 1475 1488 1495 1496 1497 1533 1534 1535 1578 1610 1611 1612 1664 1692 1693 1694 1695 1706 1769 1780 1782 1783 1810 1811 1852 1853 1900 1901 1970 1992 2012 2013 2083 2085 2123 2124 2139 2140 2141 2147 2155 2156 2171 2173 2179 2187 2188 2201 2205 2211 2215 2220 2230 2234 2239 2241 2246 2253 2254 2264 2267 2268 2270 2272 2273 2277 
94 160 272 385 675 781 905 906 907 908 944 949 1046 1047 1085 1086 1099 1194 1256 1464 1488 1569 1654 1706 1723 1763 
94 162 391 392 673 674 676 779 780 782 817 897 898 899 900 902 905 906 907 908 946 1044 1045 1046 1047 1090 1196 1258 1322 1388 1389 1390 1391 1486 1488 1493 1621 1704 1706 
94 138 139 161 162 391 392 480 673 674 676 779 780 782 817 900 902 905 907 945 946 1046 1087 1090 1195 1196 1257 1258 1388 1389 1390 1391 1488 1493 1573 1656 1706 1764 1827 1863 1961 2001 2068 
385 394 676 782 905 907 1046 1488 1706 
125 226 458 603 2051 2056 2057 2068 2070 2096 2099 
128 221 235 465 612 1937 1938 1950 1987 2095 
129 221 465 596 2095 
94 385 395 676 677 782 783 905 907 1046 1488 1706 
32 37 93 94 127 167 168 169 170 171 172 270 279 281 282 283 284 384 385 391 395 460 462 620 670 671 672 673 674 675 676 677 678 776 777 778 779 780 781 782 783 818 848 905 906 907 908 909 910 911 912 913 914 950 951 952 953 954 997 1100 1101 1102 1105 1106 1107 1109 1110 1154 1155 1156 1157 1200 1201 1202 1203 1205 1268 1269 1270 1271 1272 1286 1287 1299 1312 1406 1407 1408 1409 1410 1421 1471 1472 1473 1474 1475 1495 1496 1497 1533 1534 1535 1578 1610 1611 1612 1664 1692 1693 1694 1695 1769 1780 1782 1783 1810 1811 1828 1852 1853 1900 1901 1956 1970 2012 2013 2083 2085 2123 2124 2139 2140 2141 2147 2155 2156 2170 2171 2173 2178 2179 2187 2188 2201 2205 2210 2211 2215 2220 2230 2232 2233 2234 2235 2239 2241 2246 2253 2254 2264 2267 2272 2276 2280 2282 2284 2288 2295 2296 2299 2303 2305 
124 226 603 2056 2057 2068 2099 
194 267 2303 2305 
236 613 1939 1940 1946 1951 1988 
23 193 
50 236 295 613 1939 1940 1988 
130 241 994 1791 1944 1991 2026 
128 129 221 2095 
94 124 138 139 161 162 226 273 385 391 479 603 673 674 733 779 780 817 900 902 945 946 1028 1087 1088 1090 1195 1196 1257 1258 1388 1389 1390 1391 1493 1573 1656 1768 1827 1863 1961 2001 2056 2057 2099 
34 267 2303 2305 
