42 45 76 87 89 91 112 115 116 122 123 132 133 138 346 376 381 382 383 438 444 446 447 449 467 468 511 523 528 529 530 547 549 550 552 650 661 665 666 667 668 702 705 707 708 709 710 711 734 766 772 791 796 798 827 835 841 852 853 854 855 856 857 858 920 999 1013 1014 1029 1033 1128 1129 1130 1131 1169 1216 1217 1232 1233 1303 1306 1315 1483 1502 1542 1590 1671 1701 1739 1740 1788 1804 1840 1841 1871 1890 1962 1995 2002 2028 2067 2278 
42 43 45 69 87 89 91 112 116 123 132 133 136 137 376 381 382 383 431 444 446 447 449 467 468 477 478 523 528 529 530 547 549 550 552 661 665 666 667 668 701 702 703 705 707 708 709 710 711 772 790 791 796 798 834 835 836 841 852 853 854 855 856 857 858 917 920 999 1000 1013 1014 1033 1128 1129 1130 1131 1138 1169 1216 1217 1232 1233 1303 1306 1315 1483 1502 1542 1590 1671 1701 1739 1740 1788 1804 1840 1841 1871 1890 1995 2000 2028 2070 2278 
49 50 126 127 134 294 295 459 460 469 720 840 1588 1669 1745 1948 1956 1992 2277 2282 2286 2290 2293 2302 
49 50 126 127 134 294 295 459 460 469 470 617 1948 1956 1992 2277 2282 2286 2290 2293 2302 
49 50 126 127 135 163 165 166 275 278 294 295 387 388 459 460 470 670 671 678 720 723 776 777 799 840 847 901 902 903 948 995 996 1091 1095 1145 1197 1199 1260 1261 1262 1297 1311 1395 1396 1397 1400 1530 1588 1660 1669 1726 1745 1766 1838 1870 1946 1948 1956 1992 2277 2282 2286 2290 2293 2302 
42 44 46 100 102 104 122 134 135 407 408 412 413 414 421 422 424 426 433 469 470 531 532 536 537 538 539 541 543 544 683 686 687 688 689 690 692 693 698 739 740 784 787 793 802 842 859 860 861 862 863 864 921 976 1017 1018 1036 1133 1134 1135 1171 1172 1218 1219 1234 1294 1308 1317 1318 1484 1507 1508 1543 1591 1592 1672 1673 1741 1806 1842 1872 1948 1992 2277 
43 45 69 87 89 91 112 116 122 123 132 133 376 381 382 383 428 444 446 447 449 467 468 523 528 529 530 547 549 550 552 661 665 666 667 668 694 702 705 707 708 709 710 711 772 791 796 798 835 841 852 853 854 855 856 857 858 920 999 1013 1014 1033 1128 1129 1130 1131 1169 1216 1217 1232 1233 1303 1306 1315 1483 1502 1542 1590 1671 1701 1739 1740 1788 1804 1840 1841 1871 1890 1995 2028 2278 
49 126 127 134 135 294 295 459 460 469 470 615 1948 1956 1990 1992 2277 2282 2286 2290 2293 2302 
50 126 127 134 135 243 295 459 460 469 470 618 1746 1886 1887 1948 1949 1956 1992 2277 2282 2286 2290 2293 2302 
49 50 126 127 134 135 294 295 459 460 469 470 1948 1956 1992 2277 2282 2286 2290 2293 2302 
72 573 648 807 872 990 993 
207 342 597 598 648 806 813 814 872 876 990 993 
97 396 682 747 810 815 874 877 
47 222 230 292 599 1744 1882 1887 1929 1986 
70 207 
72 207 341 342 594 595 811 812 875 992 
48 230 292 607 1986 
72 207 342 648 807 872 990 993 
72 240 342 648 807 872 990 993 
223 600 2050 2051 2065 2070 2096 
9 
11 
15 
16 
191 
22 192 
23 193 
70 240 
96 810 874 
36 70 72 340 342 573 872 990 
93 94 384 385 386 388 389 391 393 394 395 669 670 671 672 673 674 675 676 677 678 776 777 778 779 780 781 782 783 800 849 918 956 957 958 959 960 961 962 963 1115 1117 1160 1206 1207 1209 1223 1225 1226 1275 1276 1277 1290 1291 1425 1428 1479 1538 1579 1583 1584 1618 1665 1666 1729 1730 1786 1829 1864 1888 1954 
47 48 230 1986 
125 223 458 600 2050 2051 2096 
31 206 266 578 2038 2039 2090 2111 
34 264 2111 
42 43 45 87 89 91 112 116 122 123 132 133 376 381 382 383 444 446 447 449 467 468 523 528 529 530 547 549 550 552 661 665 666 667 668 702 705 707 708 709 710 711 772 791 796 798 835 841 852 853 854 855 856 857 858 920 999 1013 1014 1033 1128 1129 1130 1131 1169 1216 1217 1232 1233 1303 1306 1315 1483 1502 1542 1590 1671 1701 1739 1740 1788 1804 1840 1841 1871 1890 1995 2028 2278 
