37 93 94 134 135 167 168 169 170 171 172 279 281 284 384 385 387 388 389 390 391 392 393 394 470 670 671 672 673 676 678 776 777 778 779 780 781 782 818 848 906 908 909 910 911 912 913 914 950 951 952 953 954 997 1047 1100 1101 1102 1105 1108 1109 1110 1112 1154 1155 1156 1158 1159 1200 1201 1202 1203 1204 1205 1268 1269 1270 1271 1272 1274 1286 1288 1289 1300 1313 1407 1408 1409 1410 1414 1415 1419 1420 1421 1471 1472 1476 1477 1478 1488 1495 1496 1497 1499 1533 1536 1537 1610 1611 1615 1617 1692 1693 1698 1699 1706 1780 1784 1785 1810 1852 1854 1855 1877 1900 1903 2012 2014 2031 2083 2086 2123 2125 2126 2129 2139 2142 2155 2157 2161 2171 2174 2187 2190 2200 2201 2206 2210 2215 2222 2232 2233 2234 2235 2238 2241 2247 2248 2252 2254 2257 2260 2262 2264 2267 2272 2273 2277 
68 132 133 136 145 146 147 333 335 468 477 641 643 727 759 761 883 884 885 927 928 929 1023 1056 1058 1061 1180 1181 1182 1241 1242 1243 1346 1347 1348 1442 1443 1515 1516 1560 1637 1638 1639 1715 1716 1753 1754 1835 1843 1868 1873 1950 1951 
44 46 67 68 137 145 328 335 478 642 643 701 727 760 761 790 834 836 883 917 927 1000 1023 1056 1138 1180 1241 1442 1515 1560 1637 1638 1715 1753 1843 1873 1950 2000 2070 
67 68 136 145 328 329 330 333 339 477 638 639 640 641 642 644 645 646 647 727 757 758 759 760 762 763 764 765 801 883 927 964 965 966 967 968 969 970 971 972 1023 1056 1119 1120 1121 1122 1123 1164 1165 1167 1180 1210 1211 1212 1213 1214 1227 1228 1230 1241 1278 1279 1280 1292 1293 1430 1431 1442 1482 1515 1541 1560 1585 1586 1619 1637 1638 1667 1668 1715 1731 1732 1753 1787 1831 1843 1865 1873 1889 1950 1955 
67 68 136 137 144 147 248 328 329 333 335 477 478 641 642 643 644 727 759 760 761 762 882 883 884 885 926 929 1023 1055 1061 1182 1240 1243 1337 1338 1339 1340 1341 1442 1489 1515 1559 1560 1636 1637 1638 1715 1752 1753 1822 1843 1859 1873 1950 1957 1997 2073 
8 52 67 68 145 304 328 335 477 622 642 643 727 730 749 760 761 819 883 927 1023 1026 1056 1180 1241 1442 1515 1560 1637 1638 1715 1753 1843 1873 1950 1959 1999 2071 
67 136 137 143 145 328 329 335 336 337 477 478 642 643 645 727 760 761 762 763 882 883 925 927 932 1023 1053 1056 1178 1180 1239 1241 1440 1442 1489 1515 1555 1560 1634 1636 1637 1638 1713 1715 1751 1753 1796 1843 1858 1873 1950 1958 1998 2072 
68 132 133 136 145 149 150 254 331 335 467 477 639 642 643 716 727 757 760 761 883 927 931 1005 1023 1056 1064 1180 1184 1241 1245 1435 1442 1515 1549 1550 1560 1625 1637 1638 1708 1715 1753 1802 1836 1843 1873 1887 1950 
94 167 392 780 905 906 907 908 909 950 1046 1047 1101 1200 1268 1326 1488 1706 
94 393 781 905 906 907 908 1046 1047 1488 1706 
385 393 677 781 783 905 906 907 908 1046 1047 1488 1706 
40 220 290 1926 1952 1981 1982 2021 2022 2023 
41 220 289 593 1982 2021 2023 
40 41 220 1982 2021 2023 
3 22 192 
7 58 307 497 625 629 752 822 982 1042 1236 
44 46 699 789 833 835 916 999 1175 1236 
94 385 393 394 395 676 677 781 782 783 905 906 908 1047 1488 1706 
67 68 136 145 328 335 477 642 643 727 760 761 883 927 1023 1056 1180 1241 1442 1515 1560 1637 1638 1715 1753 1843 1873 1950 
35 40 41 220 288 1982 2023 
