67 132 133 146 148 149 250 252 253 331 332 334 467 468 718 757 758 760 884 885 928 930 931 1007 1059 1062 1063 1064 1065 1183 1184 1242 1244 1245 1346 1347 1348 1443 1444 1516 1517 1562 1639 1641 1642 1716 1717 1754 1755 1834 1835 1867 1868 1951 1952 
94 138 139 160 161 272 273 392 393 479 480 734 780 781 944 945 949 1029 1086 1088 1099 1256 1257 1464 1569 1723 1763 1801 1826 1827 1862 1863 1961 1962 2001 2002 2067 2068 
94 138 161 164 273 387 389 392 479 670 672 736 776 778 780 817 900 901 902 904 945 947 1030 1088 1093 1198 1257 1259 1387 1388 1389 1390 1391 1493 1573 1656 1764 1827 1863 1961 1964 2001 2004 2065 2068 
75 94 123 139 161 164 273 353 387 389 392 480 514 652 670 672 734 776 778 780 817 827 900 901 902 904 945 947 1029 1088 1093 1198 1257 1259 1387 1388 1389 1390 1391 1493 1573 1656 1764 1827 1863 1961 1962 2001 2002 2067 2068 
138 139 161 162 164 273 274 385 387 389 392 480 670 672 673 776 778 779 780 817 900 901 902 904 945 946 947 1088 1090 1093 1198 1257 1258 1259 1296 1387 1388 1389 1390 1391 1392 1393 1394 1466 1493 1529 1573 1656 1657 1725 1764 1765 1827 1844 1863 1874 1945 1961 2001 2068 
132 133 148 149 150 252 254 331 332 467 468 639 716 757 758 886 930 931 1005 1062 1063 1064 1183 1184 1244 1245 1435 1445 1518 1549 1550 1563 1625 1644 1708 1756 1802 1833 1836 1866 1887 1953 
67 132 133 146 147 250 333 334 468 641 759 760 884 928 929 1059 1061 1182 1242 1243 1346 1347 1348 1443 1516 1639 1716 1754 1835 1868 1951 
49 50 67 132 133 146 147 250 295 333 334 468 641 759 760 884 928 929 1059 1061 1182 1242 1243 1346 1347 1348 1443 1516 1639 1716 1754 1835 1868 1940 1951 
132 133 146 147 149 150 250 254 331 333 334 467 468 639 641 716 757 759 760 884 928 929 931 1005 1059 1061 1064 1182 1184 1242 1243 1245 1346 1347 1348 1435 1443 1516 1549 1550 1625 1639 1708 1716 1754 1802 1835 1836 1868 1887 1951 
49 126 127 132 133 237 459 468 614 1941 1942 1947 1989 2274 2275 2278 2279 2281 2285 2289 2294 2302 
67 68 329 330 331 332 333 334 335 336 337 338 339 641 643 645 646 757 758 759 760 761 762 763 764 765 801 919 964 965 966 967 968 969 970 971 972 1120 1123 1124 1164 1165 1167 1211 1212 1213 1214 1227 1228 1230 1278 1279 1280 1292 1293 1427 1431 1482 1541 1582 1619 1668 1732 1734 1787 1831 1832 1865 1889 1955 
49 50 126 127 132 295 459 467 716 1005 1802 1836 1887 2274 2275 2278 2279 2281 2285 2289 2294 2302 
49 50 126 127 132 244 295 459 468 2274 2275 2278 2279 2281 2285 2289 2294 2302 
6 49 50 61 126 127 133 295 325 459 468 507 635 718 824 1007 1834 1867 1952 2274 2275 2278 2279 2281 2285 2289 2294 2302 
50 126 127 132 133 237 295 459 468 614 1941 1942 1947 1989 2274 2275 2278 2279 2281 2285 2289 2294 2302 
29 50 67 68 126 127 151 152 153 154 155 156 157 158 159 237 255 259 261 262 263 295 329 331 332 333 334 335 336 337 338 339 459 614 641 643 645 646 757 758 759 760 761 762 763 764 765 887 888 889 890 891 892 893 933 934 935 936 937 938 939 940 941 943 1067 1070 1072 1073 1075 1077 1079 1080 1081 1083 1084 1142 1186 1187 1188 1190 1191 1193 1247 1248 1249 1250 1251 1252 1253 1254 1255 1282 1356 1357 1358 1359 1360 1361 1362 1363 1364 1365 1366 1367 1371 1372 1373 1450 1451 1452 1453 1454 1455 1456 1457 1458 1490 1491 1492 1520 1521 1522 1564 1566 1567 1598 1600 1601 1602 1603 1645 1680 1681 1683 1684 1685 1736 1758 1773 1774 1823 1846 1847 1875 1893 1894 1895 1941 1942 1947 1967 1989 2006 2008 2076 2078 2104 2117 2119 2132 2133 2134 2144 2149 2151 2164 2166 2176 2181 2183 2196 2197 2202 2208 2213 2217 2226 2227 2228 2229 2236 2240 2242 2243 2249 2255 2259 2261 2263 2265 2269 2271 2275 2279 2281 2285 2289 2294 2302 
49 50 126 127 132 133 295 459 468 2274 2275 2278 2279 2281 2285 2289 2294 2302 
49 50 238 294 615 1884 1943 1953 1990 
49 236 294 613 1939 1940 1951 1988 
50 236 237 294 613 614 1939 1940 1941 1942 1947 1951 1988 1989 
385 394 676 782 895 897 1044 1486 1704 
385 394 677 782 783 895 897 1044 1486 1704 
128 234 611 2061 2062 2063 2068 2072 2101 2102 
128 235 466 1987 2061 2072 2101 
129 465 466 2060 2061 2067 2072 2101 
30 31 202 1973 2016 2111 
97 396 681 746 805 810 871 874 
94 394 782 895 897 898 899 1044 1097 1383 1486 1526 1704 
385 395 677 783 1486 1704 
94 164 387 389 394 395 670 672 776 778 782 783 817 895 897 900 901 902 904 947 1093 1147 1198 1259 1387 1388 1389 1390 1391 1493 1526 1573 1649 1656 1720 1760 1764 1797 1824 1860 1911 1912 
138 139 479 736 1030 1912 1964 2004 2065 
49 50 236 294 613 1939 1940 1951 1988 
128 129 466 2061 2072 2101 
34 267 2017 
194 264 2111 
194 267 2017 
194 267 2019 
195 340 993 
564 571 
199 201 
15 
36 195 
95 201 
140 481 564 
96 805 871 
69 122 428 699 702 789 833 835 916 999 1175 1236 
7 8 322 504 632 636 755 825 987 1043 1236 
67 132 133 148 252 331 332 468 757 758 886 930 1062 1063 1183 1244 1445 1518 1563 1644 1756 1833 1866 1953 
33 211 269 582 1919 1920 1977 2019 
41 219 290 592 1925 1926 1981 2022 
35 288 2022 
94 138 139 161 164 273 387 389 392 480 670 672 776 778 780 817 900 901 902 904 945 947 1088 1093 1198 1257 1259 1387 1388 1389 1390 1391 1493 1573 1656 1764 1827 1863 1961 2001 2068 
68 128 129 136 137 143 147 329 333 337 466 478 641 645 759 763 881 882 883 884 925 929 1052 1061 1140 1178 1182 1239 1243 1246 1337 1338 1339 1340 1341 1441 1489 1557 1559 1636 1714 1752 1821 1858 1958 1998 2061 2101 
34 264 2111 
29 49 50 67 68 126 127 151 152 153 154 155 156 157 158 159 255 259 261 262 263 295 329 331 332 333 334 335 336 337 338 339 459 641 643 645 646 757 758 759 760 761 762 763 764 765 887 888 889 890 891 892 893 933 934 935 936 937 938 939 940 941 943 1067 1070 1072 1073 1075 1077 1079 1080 1081 1083 1084 1142 1186 1187 1188 1190 1191 1193 1247 1248 1249 1250 1251 1252 1253 1254 1255 1282 1356 1357 1358 1359 1360 1361 1362 1363 1364 1365 1366 1367 1371 1372 1373 1450 1451 1452 1453 1454 1455 1456 1457 1458 1490 1491 1492 1520 1521 1522 1564 1566 1567 1598 1600 1601 1602 1603 1645 1680 1681 1683 1684 1685 1736 1758 1773 1774 1823 1846 1847 1875 1893 1894 1895 1967 2006 2008 2076 2078 2104 2117 2119 2132 2133 2134 2144 2149 2151 2164 2166 2176 2181 2183 2196 2197 2202 2208 2213 2217 2226 2227 2228 2229 2236 2240 2242 2243 2249 2255 2259 2261 2263 2265 2269 2271 2275 2279 2281 2285 2289 2294 2302 
