8 56 132 133 136 301 321 467 468 477 496 503 624 631 635 727 728 751 754 821 824 1007 1024 1867 1873 1950 1952 1957 1997 2073 
149 150 253 254 328 331 639 757 931 1065 1245 1435 1549 1708 1789 1971 
122 136 181 182 183 184 185 186 187 188 189 431 472 475 477 488 559 560 561 562 569 570 696 703 724 725 726 727 731 742 743 792 803 836 843 846 865 1000 1020 1021 1022 1039 1136 1137 1138 1173 1220 1221 1235 1295 1434 1509 1593 1675 1873 1950 1960 2000 2070 
7 54 136 299 495 623 727 729 750 820 1025 1873 1950 1958 1998 2072 
7 54 67 68 143 146 247 299 328 334 336 337 495 623 642 644 727 729 750 760 762 763 820 881 882 883 885 886 925 928 1025 1052 1053 1059 1140 1178 1181 1239 1242 1338 1339 1340 1341 1441 1489 1557 1559 1635 1636 1714 1796 1821 1858 1873 1950 1958 1998 2072 
8 54 132 133 136 137 299 321 467 468 495 503 623 631 635 729 750 754 820 824 1007 1025 1867 1952 1958 1998 2072 
7 56 68 137 141 245 301 338 339 477 496 624 728 731 751 764 765 821 879 923 1024 1049 1138 1237 1436 1437 1511 1512 1551 1626 1627 1628 1709 1710 1747 1748 1792 1794 1819 1856 1957 1960 1997 2000 2070 2073 
7 54 136 299 477 495 623 727 729 750 820 1025 1873 1950 1958 1998 2072 
7 54 137 299 495 623 729 750 820 1025 1905 1958 1971 1998 2072 
7 30 31 54 136 137 204 265 266 299 495 576 623 729 750 820 1025 1958 1998 2034 2035 2072 2088 
8 56 136 137 301 304 477 478 494 496 622 624 626 728 749 751 819 821 1024 1026 1957 1997 1999 2071 2073 
161 392 674 780 945 1088 1195 1257 1379 1546 1573 1656 1768 1863 1908 1972 
72 595 648 812 875 992 993 
240 341 342 594 595 875 992 993 
32 33 269 1920 1951 1977 2019 2303 2305 
32 33 269 1920 1951 1974 1977 2019 
124 125 227 458 603 604 1930 1931 1950 1983 2099 
124 457 458 603 2056 2068 2099 
47 292 293 599 1929 1932 1946 1984 
48 231 293 606 608 1985 2291 2292 2301 
48 229 292 606 1985 
47 48 230 599 607 1883 1885 1929 1936 1953 1986 
47 292 293 606 1934 1947 1985 
48 228 292 599 1929 1984 
125 224 457 603 2097 2099 
72 207 342 648 812 875 992 993 
128 129 221 596 2048 2049 2065 2095 
194 267 1974 
492 493 
207 240 
0 
27 
18 190 
70 207 
71 271 492 
36 70 72 340 342 595 875 992 
94 385 676 782 896 1380 1546 
69 181 182 183 184 185 186 187 188 189 472 475 488 559 560 561 562 569 570 724 725 726 742 743 803 843 846 865 1020 1021 1022 1039 1136 1137 1173 1220 1221 1235 1295 1434 1509 1593 1675 
67 149 150 253 254 331 757 931 1065 1245 1435 1549 1708 1789 1971 
93 165 387 388 670 671 776 777 903 948 1095 1098 1199 1222 1260 1468 1577 1663 1728 1790 1972 
47 48 292 606 1985 
39 212 287 585 1921 1922 1978 2020 
35 285 2020 
40 41 218 289 290 591 1881 1924 1980 2021 
35 288 2021 
73 123 138 139 343 479 480 513 654 829 1030 2004 2065 
2069 
7 56 136 137 301 496 624 728 751 821 1024 1957 1997 2073 
124 125 457 603 2099 
38 39 216 286 287 589 2046 2047 2094 2115 
35 285 2115 
34 267 2303 2305 
