94 138 139 160 161 273 385 392 393 394 480 675 676 780 781 782 895 896 915 944 945 1085 1088 1139 1146 1194 1256 1257 1263 1281 1310 1382 1510 1525 1646 1647 1677 1719 1735 1759 1799 1824 1827 1860 1863 1912 1961 1965 2001 2024 2025 2064 2068 
93 138 139 162 274 385 390 395 480 673 678 779 783 817 915 946 1089 1090 1139 1196 1258 1281 1310 1466 1510 1529 1574 1658 1677 1735 1765 1844 1874 1912 1945 1965 2024 2025 2064 
8 93 163 164 197 275 362 387 389 390 522 670 672 678 723 776 778 799 847 901 902 904 947 995 996 1091 1093 1197 1198 1259 1311 1395 1396 1397 1530 1660 1726 1766 1838 1870 1946 
134 138 139 160 162 163 164 275 387 389 391 393 469 480 670 672 673 675 676 723 776 778 779 781 782 799 817 847 896 899 901 902 904 944 946 947 995 996 1085 1089 1091 1093 1148 1150 1194 1196 1197 1198 1256 1258 1259 1265 1267 1296 1311 1379 1385 1392 1393 1394 1395 1396 1397 1465 1466 1527 1529 1530 1571 1651 1657 1660 1724 1725 1726 1761 1764 1765 1766 1768 1800 1826 1838 1844 1861 1862 1863 1870 1874 1945 1946 1961 1962 1963 2001 2002 2003 2066 2067 2068 
68 136 137 141 143 144 245 248 329 337 478 644 645 647 762 763 765 880 923 925 926 1049 1053 1054 1055 1178 1179 1237 1239 1240 1323 1327 1332 1333 1437 1487 1512 1552 1628 1629 1705 1710 1748 1752 1757 1792 1819 1856 1859 1957 1960 1997 2000 2070 2073 
67 68 136 137 145 148 153 249 329 332 333 334 335 337 478 640 641 642 645 646 758 759 760 761 763 764 867 879 882 883 884 885 887 888 927 930 935 1057 1063 1071 1183 1187 1241 1244 1249 1319 1320 1321 1323 1337 1338 1339 1340 1341 1342 1343 1344 1345 1352 1437 1442 1485 1487 1489 1512 1515 1559 1620 1629 1636 1637 1703 1705 1710 1715 1748 1752 1753 1792 1819 1843 1856 1873 1950 1960 2000 2070 
68 141 151 153 245 337 645 763 867 879 887 888 923 933 935 1049 1067 1071 1185 1187 1237 1247 1249 1319 1320 1321 1323 1352 1485 1487 1620 1703 1705 
67 136 137 141 145 148 245 249 329 332 333 334 335 478 640 641 642 646 647 758 759 760 761 764 765 879 883 884 885 923 927 930 1049 1057 1063 1183 1237 1241 1244 1323 1342 1343 1344 1345 1442 1487 1515 1637 1705 1715 1753 1843 1873 1950 
94 130 131 241 395 783 915 994 1139 1281 1310 1510 1677 1735 1791 1944 1965 1991 2024 2025 2026 2064 
134 163 164 165 275 277 384 387 389 390 469 670 671 672 678 721 723 776 777 778 799 847 901 902 903 904 947 948 995 996 1009 1091 1093 1095 1098 1197 1198 1222 1259 1260 1298 1311 1395 1396 1397 1468 1530 1576 1577 1660 1663 1726 1728 1766 1803 1838 1839 1870 1885 1946 
93 134 163 164 275 387 389 390 469 670 672 678 723 776 778 799 847 901 902 904 947 995 996 1091 1093 1197 1198 1259 1311 1395 1396 1397 1530 1660 1726 1766 1838 1870 1946 
94 395 783 915 1139 1281 1310 1510 1677 1735 1912 1965 2024 2025 2064 
128 233 610 2060 2061 2067 2101 
129 232 233 465 466 609 610 2058 2059 2060 2061 2066 2067 2071 2100 2101 
70 72 342 573 872 990 991 
124 225 458 2055 2072 2098 
125 457 458 2050 2055 2065 2072 2096 2098 
97 396 680 745 805 816 871 878 
124 125 458 2055 2072 2098 
48 222 599 1744 1745 1882 1887 1929 
195 340 991 
196 271 493 
9 
20 191 
71 196 
96 816 878 
36 340 991 
120 173 174 175 176 177 178 179 180 451 453 455 456 482 484 554 556 565 567 712 713 737 738 837 838 839 850 851 973 974 1002 1003 1004 1031 1125 1126 1231 1302 1432 1500 1587 
67 132 133 149 150 253 328 468 639 757 931 1064 1065 1184 1245 1435 1550 1625 1708 1802 1836 1887 
68 141 245 329 646 647 764 765 879 923 1049 1237 1323 1487 1705 
93 94 160 161 162 273 385 390 391 392 393 394 395 673 675 676 678 779 780 781 782 783 817 895 896 915 944 945 946 1085 1088 1089 1139 1146 1194 1196 1256 1257 1258 1263 1281 1310 1382 1388 1493 1510 1525 1647 1656 1677 1735 1759 1799 1860 1965 2024 2025 2064 
67 68 124 125 136 137 143 148 329 332 333 334 337 458 478 640 641 642 644 645 758 759 760 762 763 881 882 883 884 885 925 930 1053 1063 1140 1178 1183 1239 1244 1337 1338 1339 1340 1341 1441 1489 1558 1559 1635 1636 1714 1752 1821 1858 1958 1998 2055 2098 
128 129 233 466 610 2060 2061 2101 
