68 153 328 329 330 331 332 333 334 335 638 639 640 641 642 643 644 646 647 757 758 759 760 761 762 764 765 801 867 887 888 919 935 964 965 966 967 968 969 970 971 972 1071 1120 1121 1122 1123 1124 1164 1165 1166 1167 1187 1211 1212 1213 1214 1227 1228 1229 1230 1249 1278 1279 1280 1292 1293 1319 1320 1321 1352 1427 1431 1481 1485 1540 1582 1619 1620 1668 1703 1732 1734 1787 1831 1832 1865 1889 1955 
67 68 153 329 330 331 332 333 334 335 638 639 640 641 642 643 644 646 647 757 758 759 760 761 762 764 765 801 867 887 888 919 935 964 965 966 967 968 969 970 971 972 1071 1120 1121 1122 1123 1124 1165 1166 1167 1187 1211 1212 1213 1214 1227 1228 1229 1230 1249 1278 1279 1280 1292 1293 1319 1320 1321 1352 1426 1427 1431 1481 1485 1540 1541 1582 1585 1586 1619 1620 1667 1668 1703 1731 1732 1734 1787 1831 1832 1865 1889 1955 
67 68 141 153 328 331 335 336 339 638 639 640 641 642 643 644 646 647 757 758 759 760 761 762 764 765 801 867 870 879 880 881 887 888 919 923 935 964 965 966 967 968 969 970 971 972 1049 1071 1120 1121 1122 1123 1124 1165 1166 1167 1176 1187 1211 1212 1213 1214 1228 1229 1230 1237 1249 1278 1279 1280 1292 1293 1319 1320 1321 1323 1324 1325 1328 1352 1427 1431 1481 1485 1487 1540 1582 1619 1620 1622 1668 1703 1705 1732 1734 1787 1831 1832 1865 1889 1955 
151 153 329 337 339 645 647 763 765 867 887 888 933 935 1067 1071 1185 1187 1247 1249 1319 1320 1321 1352 1485 1620 1703 
67 68 152 153 158 262 328 329 331 335 638 639 640 641 642 643 644 647 757 758 759 760 761 762 765 801 867 887 888 919 934 935 940 964 965 966 967 968 969 970 971 972 1069 1071 1081 1082 1120 1121 1122 1123 1124 1165 1166 1167 1186 1187 1192 1211 1212 1213 1214 1228 1229 1230 1248 1249 1254 1278 1279 1280 1292 1293 1319 1320 1321 1352 1427 1431 1481 1485 1540 1582 1619 1620 1668 1703 1732 1734 1787 1831 1832 1865 1889 1955 
67 68 151 153 158 262 328 329 331 335 638 639 640 641 642 643 644 646 757 758 759 760 761 762 764 801 867 887 888 919 933 935 940 964 965 966 967 968 969 970 971 972 1067 1071 1081 1082 1120 1121 1122 1123 1124 1165 1166 1167 1185 1187 1192 1211 1212 1213 1214 1228 1229 1230 1247 1249 1254 1278 1279 1280 1292 1293 1319 1320 1321 1352 1427 1431 1481 1485 1540 1582 1619 1620 1668 1703 1732 1734 1787 1831 1832 1865 1889 1955 
67 68 143 144 248 328 329 331 335 638 639 640 641 642 643 644 646 647 757 758 759 760 761 762 764 765 801 870 879 880 919 925 926 964 965 966 967 968 969 970 971 972 1053 1054 1055 1120 1121 1122 1123 1124 1165 1166 1167 1178 1179 1211 1212 1213 1214 1228 1229 1230 1239 1240 1278 1279 1280 1292 1293 1323 1324 1325 1328 1427 1431 1481 1487 1540 1582 1619 1622 1668 1705 1732 1734 1787 1831 1832 1865 1889 1955 
152 153 329 337 338 645 646 763 764 867 887 888 934 935 1069 1071 1186 1187 1248 1249 1319 1320 1321 1352 1485 1620 1703 
67 142 153 328 329 331 335 338 638 639 640 641 642 643 644 646 647 757 758 759 760 761 762 764 765 801 867 870 879 880 887 888 919 924 935 964 965 966 967 968 969 970 971 972 1051 1071 1120 1121 1122 1123 1124 1165 1166 1167 1177 1187 1211 1212 1213 1214 1228 1229 1230 1238 1249 1278 1279 1280 1292 1293 1319 1320 1321 1323 1324 1325 1328 1352 1427 1431 1481 1485 1487 1540 1582 1619 1620 1622 1668 1703 1705 1732 1734 1787 1831 1832 1865 1889 1955 
67 142 143 144 248 328 329 331 335 337 338 638 639 640 641 642 643 644 646 647 757 758 759 760 761 762 763 764 765 801 870 879 880 919 924 925 926 964 965 966 967 968 969 970 971 972 1051 1053 1054 1055 1120 1121 1122 1123 1124 1165 1166 1167 1177 1178 1179 1211 1212 1213 1214 1228 1229 1230 1238 1239 1240 1278 1279 1280 1292 1293 1323 1324 1325 1328 1427 1431 1481 1487 1540 1582 1619 1622 1668 1705 1732 1734 1787 1831 1832 1865 1889 1955 
67 142 143 328 329 331 335 338 638 639 640 641 642 643 644 645 646 647 757 758 759 760 761 762 763 764 765 801 870 879 880 919 924 925 964 965 966 967 968 969 970 971 972 1051 1053 1120 1121 1122 1123 1124 1165 1166 1167 1177 1178 1211 1212 1213 1214 1228 1229 1230 1238 1239 1278 1279 1280 1292 1293 1323 1324 1325 1328 1427 1431 1481 1487 1540 1582 1619 1622 1668 1705 1732 1734 1787 1831 1832 1865 1889 1955 
67 68 153 158 262 328 329 331 335 638 639 640 641 642 643 644 646 647 757 758 759 760 761 762 764 765 801 867 887 888 919 935 940 964 965 966 967 968 969 970 971 972 1071 1081 1082 1120 1121 1122 1123 1124 1165 1166 1167 1187 1192 1211 1212 1213 1214 1228 1229 1230 1249 1254 1278 1279 1280 1292 1293 1319 1320 1321 1352 1427 1431 1481 1485 1540 1582 1619 1620 1668 1703 1732 1734 1787 1831 1832 1865 1889 1955 
68 153 337 645 763 867 887 888 935 1071 1187 1249 1319 1320 1321 1352 1485 1620 1703 
142 143 329 337 338 645 646 763 764 870 879 880 924 925 1051 1053 1177 1178 1238 1239 1323 1324 1325 1328 1487 1622 1705 
50 236 237 294 613 614 1939 1940 1941 1942 1946 1952 1988 1989 
128 233 465 610 2060 2061 2067 2072 2101 
129 233 610 2060 2061 2067 2072 2101 
564 571 
196 271 493 
14 
16 
27 
71 196 
140 481 564 
68 143 337 645 763 870 879 880 925 1053 1178 1239 1323 1324 1325 1328 1487 1622 1705 
49 132 133 237 294 468 614 718 1007 1834 1867 1941 1942 1989 
40 41 218 289 290 591 1881 1924 1980 2021 
35 288 2021 
128 129 136 137 233 465 478 610 729 1025 1958 1998 2060 2061 2101 
