93 94 134 135 167 168 169 170 171 172 242 279 281 282 283 284 384 385 391 469 617 670 671 672 673 674 675 676 678 776 777 778 779 780 781 782 818 848 905 906 908 909 910 911 912 913 914 950 951 952 953 954 997 1046 1100 1101 1102 1105 1106 1107 1109 1110 1112 1154 1155 1156 1157 1200 1201 1202 1203 1205 1268 1269 1270 1271 1272 1274 1287 1299 1312 1404 1406 1407 1408 1409 1410 1421 1471 1472 1473 1474 1475 1488 1495 1496 1497 1533 1534 1535 1578 1612 1664 1692 1693 1694 1695 1706 1769 1780 1782 1783 1810 1811 1852 1853 1899 1900 1901 1969 1970 1992 2012 2013 2083 2085 2106 2123 2124 2139 2140 2141 2146 2147 2155 2156 2170 2173 2178 2179 2187 2188 2201 2205 2211 2215 2220 2230 2234 2239 2241 2246 2253 2254 2264 2267 2268 2270 2272 2273 2277 
93 94 134 135 167 168 169 170 171 172 242 279 281 282 283 284 384 385 391 469 617 670 671 672 673 674 675 676 678 776 777 778 779 780 781 782 818 848 906 907 908 909 910 911 912 913 914 950 951 952 953 954 997 1046 1100 1101 1102 1105 1106 1107 1109 1110 1154 1155 1156 1157 1200 1201 1202 1203 1205 1268 1269 1270 1271 1272 1274 1286 1287 1299 1312 1406 1407 1408 1409 1410 1421 1471 1472 1473 1474 1475 1488 1495 1496 1497 1533 1534 1535 1578 1610 1611 1612 1664 1692 1693 1694 1695 1706 1769 1780 1782 1783 1810 1811 1852 1853 1900 1901 1970 1992 2012 2013 2083 2085 2123 2124 2139 2140 2141 2147 2155 2156 2171 2173 2179 2187 2188 2201 2205 2211 2215 2220 2230 2234 2239 2241 2246 2253 2254 2264 2267 2268 2270 2272 2273 2277 
94 162 385 391 673 676 779 782 817 895 896 900 902 946 1044 1090 1097 1147 1196 1258 1264 1383 1388 1389 1390 1391 1486 1488 1493 1526 1573 1648 1649 1656 1704 1706 1720 1760 1764 1797 1824 1860 1912 
94 385 676 782 897 1044 1146 1147 1263 1486 1525 1526 1647 1649 1704 1720 1759 1760 1764 1797 1799 1824 1860 1912 
94 160 272 385 675 781 905 906 907 908 944 949 1046 1047 1085 1086 1099 1194 1256 1464 1488 1569 1654 1706 1723 1763 
93 94 384 386 391 392 669 670 671 672 673 674 676 678 776 777 778 779 780 782 800 849 905 906 907 908 918 956 957 958 959 960 961 962 963 1046 1047 1113 1114 1115 1117 1206 1207 1209 1223 1224 1225 1226 1275 1276 1277 1290 1291 1425 1428 1488 1538 1539 1579 1583 1584 1618 1665 1666 1706 1729 1730 1786 1830 1864 1888 1954 
47 127 134 135 231 242 292 460 464 469 599 608 617 1929 1956 1992 2273 2276 2277 2280 2282 2286 2290 2291 2292 2301 
48 49 127 134 135 231 239 242 295 460 464 469 608 617 1956 1992 2273 2276 2277 2280 2282 2286 2290 2291 2292 2294 2301 2302 
93 384 386 391 392 394 669 670 671 672 673 674 676 678 776 777 778 779 780 782 800 849 895 896 897 898 918 956 957 958 959 960 961 962 963 1044 1045 1113 1114 1115 1117 1206 1207 1209 1223 1224 1225 1226 1275 1276 1277 1290 1291 1425 1428 1486 1538 1539 1579 1583 1584 1618 1665 1666 1704 1729 1730 1786 1830 1864 1888 1954 
160 162 391 673 779 817 895 896 897 898 900 902 944 946 1044 1045 1085 1090 1097 1147 1194 1196 1256 1258 1264 1322 1383 1388 1389 1390 1391 1486 1488 1493 1526 1573 1648 1649 1656 1704 1706 1720 1760 1764 1797 1824 1860 1912 
94 160 161 392 394 674 676 780 782 895 896 897 898 899 944 945 1044 1045 1085 1087 1097 1147 1194 1195 1256 1257 1264 1380 1383 1486 1526 1573 1621 1648 1649 1656 1704 1720 1760 1764 1797 1824 1860 1912 
385 394 676 782 905 907 1046 1488 1706 
94 138 139 160 161 392 394 480 674 676 780 782 895 896 897 898 944 945 1044 1045 1085 1087 1194 1195 1256 1257 1380 1486 1573 1621 1656 1704 1764 1827 1863 1961 2001 2068 
385 394 676 782 905 907 1046 1486 1488 1704 1706 
385 393 675 781 895 896 897 898 1044 1045 1486 1704 
385 394 675 781 782 895 896 897 898 1044 1045 1486 1704 
162 391 392 394 673 674 676 779 780 782 817 895 896 897 899 900 902 946 1044 1045 1090 1097 1147 1196 1258 1264 1383 1388 1389 1390 1391 1486 1493 1526 1573 1648 1649 1656 1704 1720 1760 1764 1797 1824 1860 1912 
138 139 161 162 391 392 394 480 673 674 676 779 780 782 817 895 897 900 902 945 946 1044 1087 1090 1195 1196 1257 1258 1388 1389 1390 1391 1486 1493 1573 1656 1704 1764 1827 1863 1961 2001 2068 
171 388 670 671 776 777 914 953 1107 1204 1271 1406 1547 
384 387 670 776 914 1406 1547 
93 94 138 139 160 161 163 275 384 392 480 672 674 676 678 778 780 782 847 895 896 897 898 901 944 945 996 1044 1045 1085 1087 1194 1195 1197 1256 1257 1296 1380 1389 1466 1486 1493 1529 1574 1621 1658 1704 1765 1844 1874 1945 
385 394 676 782 895 897 1044 1486 1704 
94 162 391 392 673 674 676 779 780 782 817 895 896 897 899 900 902 946 1044 1045 1090 1097 1147 1196 1258 1264 1383 1388 1389 1390 1391 1486 1493 1526 1573 1648 1649 1656 1704 1720 1760 1764 1797 1824 1860 1912 
47 48 127 134 231 242 460 464 469 470 608 617 722 1010 1837 1869 1947 1956 1992 2273 2276 2277 2280 2282 2286 2290 2291 2292 2301 
47 48 127 134 135 231 242 460 464 469 608 617 1956 1992 2273 2276 2277 2280 2282 2286 2290 2291 2292 2301 
124 224 601 2052 2053 2066 2097 
168 391 673 779 951 1102 1201 1269 1406 1547 
225 227 457 458 602 604 1930 1931 1945 1950 1983 2054 2055 2098 
125 224 227 457 601 604 1930 1931 1950 1983 2052 2053 2066 2097 
223 227 604 1930 1931 1945 1950 1983 2096 
97 396 400 682 747 815 877 
125 226 458 603 2051 2056 2057 2068 2070 2096 2099 
385 394 676 782 906 1401 1547 
94 385 675 781 895 896 897 898 1044 1045 1486 1704 
38 39 286 585 1978 2020 2113 
40 41 285 288 289 591 1980 2021 2113 
40 217 590 1743 1745 1880 1923 1979 
41 219 289 591 1979 1980 1981 2021 2022 
128 221 235 465 612 1937 1938 1950 1987 2095 
129 221 465 596 2095 
49 236 294 613 1939 1940 1951 1988 
30 31 93 138 139 162 163 265 266 275 384 391 480 672 673 678 778 779 847 901 946 996 1090 1196 1197 1258 1296 1466 1529 1574 1658 1765 1844 1874 1913 1973 2016 2109 
94 172 284 385 674 780 954 1109 1110 1205 1272 1401 1547 
124 226 603 2056 2057 2068 2099 
124 227 604 1930 1931 1945 1950 1983 
125 227 604 1930 1931 1945 1950 1983 
124 125 224 601 2052 2053 2066 2097 
124 125 227 604 1930 1931 1945 1983 
32 208 579 1742 1745 1878 1915 1974 
236 613 1939 1940 1946 1951 1988 
194 264 2109 
93 384 670 776 914 1406 1547 
30 31 93 138 139 162 163 265 266 275 384 391 480 672 673 678 778 779 847 901 946 996 1090 1196 1197 1258 1296 1466 1529 1574 1658 1765 1844 1874 1913 1945 
34 264 2109 
194 267 1974 
199 201 
23 193 
95 199 
96 815 877 
7 8 305 495 623 627 750 820 984 1042 1236 
44 69 429 699 789 833 835 916 999 1175 1236 
94 385 395 676 677 782 783 905 907 1046 1488 1706 
94 138 139 162 385 391 480 673 675 676 779 781 782 817 896 898 900 902 946 1090 1149 1196 1258 1388 1389 1390 1391 1493 1528 1573 1653 1656 1722 1762 1764 1798 1825 1861 1963 2003 2066 
32 93 134 166 208 384 469 579 670 720 776 840 903 1145 1261 1297 1400 1588 1669 1742 1878 1915 1974 
40 41 217 290 590 1743 1880 1923 1979 
50 236 295 613 1939 1940 1988 
130 241 994 1791 1944 1991 2026 
128 129 221 2095 
94 124 138 139 161 162 226 273 385 391 479 603 673 674 733 779 780 817 900 902 945 946 1028 1087 1088 1090 1195 1196 1257 1258 1388 1389 1390 1391 1493 1573 1656 1768 1827 1863 1961 2001 2056 2057 2099 
35 285 2113 
37 47 48 93 94 127 167 168 169 170 171 172 231 279 281 282 283 284 384 385 391 395 460 464 608 670 671 672 673 674 675 676 677 678 776 777 778 779 780 781 782 783 818 848 905 906 907 908 909 910 911 912 913 914 950 951 952 953 954 997 1100 1101 1102 1105 1106 1107 1109 1110 1154 1155 1156 1157 1200 1201 1202 1203 1205 1268 1269 1270 1271 1272 1286 1287 1299 1312 1406 1407 1408 1409 1410 1421 1471 1472 1473 1474 1475 1495 1496 1497 1533 1534 1535 1578 1610 1611 1612 1664 1692 1693 1694 1695 1769 1780 1782 1783 1810 1811 1828 1852 1853 1900 1901 1956 1970 2012 2013 2083 2085 2123 2124 2139 2140 2141 2147 2155 2156 2170 2171 2173 2178 2179 2187 2188 2201 2205 2210 2211 2215 2220 2230 2232 2233 2234 2235 2239 2241 2246 2253 2254 2264 2267 2272 2276 2280 2282 2286 2290 2291 2292 2301 
49 50 239 2302 
34 267 2303 2305 
