94 171 384 385 386 388 389 390 391 393 394 395 669 670 671 672 673 674 675 676 677 678 776 777 778 779 780 781 782 783 800 818 849 907 908 909 910 911 912 918 953 956 957 958 959 960 961 962 963 1046 1047 1107 1115 1117 1160 1204 1206 1207 1209 1223 1225 1226 1271 1275 1276 1277 1290 1291 1326 1407 1408 1409 1410 1425 1428 1429 1479 1488 1496 1538 1579 1580 1583 1584 1618 1623 1665 1666 1706 1729 1730 1786 1829 1864 1888 1954 
94 160 161 165 273 385 388 393 394 395 671 674 675 676 677 777 780 781 782 783 895 896 897 898 899 944 945 948 1085 1088 1095 1097 1147 1194 1199 1256 1257 1260 1264 1380 1383 1387 1526 1573 1621 1648 1649 1656 1704 1720 1760 1764 1797 1824 1860 1912 
93 94 172 384 386 388 389 391 393 394 669 670 671 672 673 675 676 678 776 777 778 779 781 782 800 849 907 908 909 918 954 956 957 958 959 960 961 962 963 1046 1047 1109 1115 1117 1160 1205 1206 1207 1209 1223 1225 1226 1272 1275 1276 1277 1290 1291 1326 1401 1425 1428 1479 1486 1488 1538 1579 1583 1584 1618 1623 1665 1666 1704 1706 1729 1730 1786 1829 1864 1888 1954 
94 160 161 165 172 273 388 393 394 671 675 676 777 781 782 895 896 897 899 907 908 909 944 945 948 954 1044 1045 1046 1047 1085 1088 1095 1097 1109 1147 1194 1199 1205 1256 1257 1260 1264 1272 1326 1380 1383 1387 1401 1486 1488 1526 1573 1621 1623 1648 1649 1656 1704 1706 1720 1760 1764 1797 1824 1860 1912 
93 94 384 385 386 388 389 391 669 670 671 672 673 674 678 776 777 778 779 780 800 849 895 896 897 898 918 956 957 958 959 960 961 962 963 1044 1045 1115 1117 1160 1206 1207 1209 1223 1225 1226 1275 1276 1277 1290 1291 1425 1428 1479 1486 1538 1579 1583 1584 1618 1665 1666 1704 1729 1730 1786 1829 1864 1888 1954 
94 160 161 165 273 385 388 394 671 674 676 777 780 782 895 896 897 898 899 944 945 948 1044 1045 1085 1088 1095 1097 1147 1194 1199 1256 1257 1260 1264 1380 1383 1387 1486 1526 1573 1621 1648 1649 1656 1704 1720 1760 1764 1797 1824 1860 1912 
93 160 161 162 172 273 384 391 393 673 675 678 779 781 817 895 896 897 907 908 909 944 945 946 954 1044 1046 1047 1085 1088 1089 1109 1194 1196 1205 1256 1257 1258 1272 1326 1380 1388 1401 1486 1488 1493 1621 1623 1704 1706 
94 160 161 165 273 385 388 393 671 674 675 777 780 781 895 896 897 899 944 945 948 1044 1045 1085 1088 1095 1097 1147 1194 1199 1256 1257 1260 1264 1380 1383 1387 1486 1526 1573 1621 1648 1649 1656 1704 1720 1760 1764 1797 1824 1860 1912 
93 94 160 161 162 273 384 385 391 393 673 674 675 678 779 780 781 817 895 896 897 944 945 946 1044 1085 1088 1089 1194 1196 1256 1257 1258 1380 1388 1486 1493 1621 1704 
93 94 160 161 162 273 384 385 391 394 673 674 676 678 779 780 782 817 895 896 897 898 944 945 946 1044 1045 1085 1088 1089 1194 1196 1256 1257 1258 1380 1388 1486 1493 1621 1704 
93 94 160 161 162 172 273 384 391 393 394 673 675 676 678 779 781 782 817 895 896 897 907 908 909 944 945 946 954 1044 1046 1047 1085 1088 1089 1109 1194 1196 1205 1256 1257 1258 1272 1326 1380 1388 1401 1486 1488 1493 1621 1623 1704 1706 
93 160 161 162 273 384 385 391 393 394 673 674 675 678 779 780 781 782 817 895 896 897 944 945 946 1044 1085 1088 1089 1194 1196 1256 1257 1258 1380 1388 1486 1493 1621 1704 
94 160 161 165 273 385 388 393 394 671 674 675 676 777 780 781 782 895 896 898 899 944 945 948 1044 1085 1088 1095 1097 1147 1194 1199 1256 1257 1260 1264 1380 1383 1387 1486 1526 1573 1621 1648 1649 1656 1704 1720 1760 1764 1797 1824 1860 1912 
69 122 136 137 223 431 600 696 703 731 792 836 1000 1138 1960 2000 2050 2051 2065 2096 
49 126 127 134 135 294 295 459 460 469 470 615 1948 1956 1990 1992 2277 2282 2286 2290 2293 2302 
50 126 127 134 135 243 295 459 460 469 470 618 1746 1886 1887 1948 1949 1956 1992 2277 2282 2286 2290 2293 2302 
49 50 126 127 134 135 294 295 459 460 469 470 1948 1956 1992 2277 2282 2286 2290 2293 2302 
72 573 648 807 872 990 993 
207 342 597 598 648 806 813 814 872 876 990 993 
124 226 227 457 458 603 604 1930 1931 1983 2056 2057 2068 2073 2099 
97 396 682 747 810 815 874 877 
47 222 230 292 599 1744 1882 1887 1929 1986 
70 207 
72 207 341 342 594 595 811 812 875 992 
48 230 292 607 1986 
124 223 457 600 2050 2051 2070 2096 
72 207 342 648 807 872 990 993 
72 240 342 648 807 872 990 993 
124 125 227 457 458 604 1930 1931 1983 
223 600 2050 2051 2065 2070 2096 
492 493 
4 
9 
11 
15 
16 
191 
22 192 
23 193 
70 240 
71 271 493 
96 810 874 
36 70 72 340 342 573 872 990 
93 94 384 385 386 388 389 391 393 394 395 669 670 671 672 673 674 675 676 677 678 776 777 778 779 780 781 782 783 800 849 918 956 957 958 959 960 961 962 963 1115 1117 1160 1206 1207 1209 1223 1225 1226 1275 1276 1277 1290 1291 1425 1428 1479 1538 1579 1583 1584 1618 1665 1666 1729 1730 1786 1829 1864 1888 1954 
32 33 208 268 269 579 1742 1878 1915 1974 
34 267 1974 
47 48 230 1986 
125 223 458 600 2050 2051 2096 
31 206 266 578 2038 2039 2090 2111 
34 264 2111 
42 43 45 87 89 91 112 116 122 123 132 133 376 381 382 383 444 446 447 449 467 468 523 528 529 530 547 549 550 552 661 665 666 667 668 702 705 707 708 709 710 711 772 791 796 798 835 841 852 853 854 855 856 857 858 920 999 1013 1014 1033 1128 1129 1130 1131 1169 1216 1217 1232 1233 1303 1306 1315 1483 1502 1542 1590 1671 1701 1739 1740 1788 1804 1840 1841 1871 1890 1995 2028 2278 
