129 221 596 2048 2049 2061 2065 2072 2095 2101 
129 234 466 611 2058 2061 2062 2063 2066 2072 2100 2101 2102 
234 465 466 611 2058 2061 2062 2063 2066 2072 2100 2101 2102 
68 150 254 329 644 762 932 1066 1327 1328 1331 1335 1337 1345 1348 1350 1351 1435 1436 1438 1440 1442 1443 1444 1445 1511 1513 1515 1516 1517 1518 1548 1549 1550 1551 1553 1555 1559 1560 1561 1562 1563 1625 1626 1627 1630 1631 1636 1637 1638 1639 1640 1641 1642 1643 1644 1708 1709 1711 1713 1715 1716 1717 1718 1747 1749 1751 1752 1753 1754 1755 1756 1757 1789 1794 1795 1796 1812 1813 1814 1815 1819 1820 1821 1822 1856 1857 1858 1859 1904 1905 1906 1907 1971 
141 335 339 647 761 765 882 923 1049 1176 1237 1328 1489 1548 1622 1705 
49 126 294 295 464 618 1949 2290 2293 2302 
50 126 294 295 464 1943 1953 1990 2290 2293 2302 
5 6 132 326 467 508 636 716 717 825 1006 1833 1836 1866 1887 1953 
70 72 341 342 572 872 990 991 
133 468 716 717 1006 1833 1836 1866 1887 1953 
32 33 268 581 1976 2018 2019 
128 138 139 221 480 596 736 1030 1964 2004 2048 2049 2095 
129 465 466 2058 2061 2066 2072 2100 2101 
124 125 458 1931 1950 1983 
194 267 2019 
195 340 991 
36 340 991 
8 197 198 362 522 744 1041 1174 
73 123 343 513 654 804 1040 1174 
68 141 339 647 765 923 1049 1176 1237 1328 1548 
132 133 467 716 1836 1887 
47 48 132 133 293 467 716 1836 1882 1929 
136 137 478 727 1023 1843 1873 1950 
34 267 2019 
128 129 138 139 465 466 479 735 2003 2058 2100 
49 50 126 294 295 464 2290 2293 2302 
