134 242 470 617 723 744 799 1041 1174 1838 1870 1946 1992 2273 2277 
138 734 978 1029 1040 1174 1962 2002 2067 
77 123 138 354 480 515 653 733 734 828 1028 1029 1961 1962 2001 2002 2067 2068 
77 123 138 354 479 515 653 733 735 828 1028 1961 2001 2003 2066 2068 
135 242 469 470 617 722 1010 1837 1869 1947 1992 2273 2277 
72 341 583 648 808 873 991 993 
70 72 240 342 583 597 598 648 813 814 873 876 991 993 
240 341 342 583 584 873 991 993 
72 240 341 342 583 873 991 993 
70 72 341 342 583 873 991 993 
124 136 137 224 477 601 727 1873 1931 1983 2052 2053 2066 2097 
96 805 871 
397 679 748 816 878 
139 480 734 1029 1962 2002 2067 
128 129 235 465 612 1937 1938 1950 1987 
49 50 237 294 614 1941 1942 1952 1989 
40 218 591 1881 1885 1924 1980 2021 
132 133 467 718 1867 1952 
49 50 132 133 295 467 718 1867 1942 1952 
49 50 295 1943 1953 1990 
491 493 
0 
13 
15 
3 22 192 
23 193 
71 271 491 
96 816 878 
36 70 72 340 341 342 583 873 991 
43 74 349 510 649 768 868 1040 1174 
7 58 307 497 625 629 752 822 982 1042 1236 
44 69 429 699 789 833 835 916 999 1175 1236 
68 158 262 329 644 762 940 1081 1082 1192 1254 1352 1545 
157 332 640 758 939 1079 1191 1253 1359 1545 
93 163 275 390 678 847 995 996 1091 1197 1387 1546 
94 395 783 895 1380 1546 
136 137 477 727 1873 1950 
132 133 468 717 1006 1833 1866 1953 
35 288 2021 
138 139 480 734 1029 1962 2002 2067 
125 224 458 601 2052 2053 2097 
134 135 242 470 617 1992 2273 2277 
