93 94 138 139 161 384 385 386 387 388 389 390 391 392 393 394 480 669 672 673 674 678 776 777 778 779 780 781 782 800 849 895 897 918 945 956 957 958 959 960 961 962 963 1088 1114 1115 1118 1147 1161 1162 1163 1195 1207 1209 1224 1225 1226 1257 1275 1276 1277 1290 1291 1379 1424 1425 1428 1479 1526 1538 1583 1584 1618 1648 1665 1666 1720 1729 1730 1760 1768 1786 1797 1799 1824 1829 1860 1863 1864 1888 1912 1954 1961 2001 2068 
93 94 138 139 161 384 385 386 387 388 389 390 391 392 393 395 480 669 672 673 674 678 776 777 778 779 780 781 783 800 849 896 898 899 918 945 956 957 958 959 960 961 962 963 1088 1114 1115 1118 1149 1161 1162 1163 1195 1207 1209 1224 1225 1226 1257 1266 1275 1276 1277 1290 1291 1379 1386 1424 1425 1428 1479 1528 1538 1583 1584 1618 1652 1653 1665 1666 1722 1729 1730 1762 1764 1768 1786 1798 1825 1829 1861 1863 1864 1888 1954 1961 1963 2001 2003 2066 2068 
93 94 138 139 160 161 384 385 386 387 388 389 390 391 392 394 395 479 480 669 672 673 674 678 734 776 777 778 779 780 782 783 800 849 899 918 944 945 956 957 958 959 960 961 962 963 1029 1086 1088 1114 1115 1118 1150 1161 1162 1163 1194 1195 1207 1209 1224 1225 1226 1256 1257 1275 1276 1277 1290 1291 1379 1424 1425 1428 1465 1479 1538 1571 1583 1584 1618 1655 1665 1666 1724 1729 1730 1768 1786 1801 1826 1829 1862 1863 1864 1888 1954 1961 1962 2001 2002 2067 2068 
93 94 138 139 161 163 273 384 385 386 387 388 389 390 391 393 394 395 480 669 672 673 678 776 777 778 779 781 782 783 800 817 847 849 900 918 945 956 957 958 959 960 961 962 963 996 1088 1091 1114 1115 1118 1161 1162 1163 1197 1207 1209 1224 1225 1226 1257 1275 1276 1277 1290 1291 1388 1389 1390 1391 1424 1425 1428 1479 1493 1538 1573 1583 1584 1618 1656 1665 1666 1729 1730 1764 1786 1827 1829 1863 1864 1888 1954 1961 2001 2068 
93 94 138 139 161 384 386 387 388 389 390 392 393 394 395 480 669 672 674 678 776 777 778 780 781 782 783 800 849 900 918 945 956 957 958 959 960 961 962 963 1088 1114 1115 1118 1161 1162 1163 1195 1207 1209 1224 1225 1226 1257 1275 1276 1277 1290 1291 1379 1424 1425 1428 1479 1493 1538 1583 1584 1618 1656 1665 1666 1729 1730 1768 1786 1829 1863 1864 1888 1954 1961 2001 2068 
94 134 135 165 166 278 384 385 386 388 389 390 391 392 393 394 395 469 470 669 671 672 673 674 678 721 777 778 779 780 781 782 783 800 849 903 904 918 948 956 957 958 959 960 961 962 963 1009 1094 1114 1115 1118 1145 1161 1162 1163 1199 1207 1209 1222 1224 1225 1226 1260 1261 1275 1276 1277 1290 1291 1298 1400 1424 1425 1428 1468 1479 1538 1576 1577 1583 1584 1588 1618 1663 1665 1666 1669 1728 1729 1730 1745 1786 1803 1829 1839 1864 1885 1888 1954 
93 94 134 163 164 236 275 384 385 386 387 388 389 391 392 393 394 395 469 613 669 672 673 674 723 776 777 778 779 780 781 782 783 799 800 847 849 902 918 947 956 957 958 959 960 961 962 963 996 1092 1114 1115 1118 1161 1162 1163 1197 1198 1207 1209 1224 1225 1226 1259 1275 1276 1277 1290 1291 1311 1395 1424 1425 1428 1479 1494 1530 1538 1583 1584 1618 1659 1660 1665 1666 1726 1729 1730 1766 1786 1829 1838 1864 1870 1888 1939 1940 1951 1954 1988 
134 135 163 164 165 166 278 384 388 389 390 469 470 671 672 678 721 777 778 847 902 903 904 947 948 996 1009 1091 1092 1094 1145 1197 1198 1199 1222 1259 1260 1261 1298 1311 1395 1400 1468 1494 1530 1576 1577 1588 1660 1663 1669 1728 1745 1766 1803 1838 1839 1870 1885 1946 
93 94 134 164 385 386 387 388 389 391 392 393 394 395 469 669 672 673 674 678 722 776 777 778 779 780 781 782 783 800 849 902 918 947 956 957 958 959 960 961 962 963 1010 1092 1113 1114 1115 1117 1161 1162 1163 1198 1206 1207 1209 1224 1225 1226 1259 1275 1276 1277 1290 1291 1425 1428 1467 1479 1531 1538 1575 1579 1583 1584 1618 1661 1662 1665 1666 1727 1729 1730 1767 1786 1829 1837 1864 1869 1888 1947 1954 
93 134 163 164 236 275 388 389 469 613 672 678 722 723 777 778 799 847 901 902 947 996 1010 1092 1197 1198 1259 1311 1467 1494 1530 1531 1575 1659 1660 1661 1662 1726 1727 1766 1767 1837 1838 1869 1870 1939 1940 1947 1951 1988 
93 138 139 161 384 385 386 387 388 389 390 392 393 394 395 480 669 672 673 674 678 776 777 778 779 780 781 782 783 800 849 900 918 945 956 957 958 959 960 961 962 963 1088 1114 1115 1118 1161 1162 1163 1195 1207 1209 1224 1225 1226 1257 1275 1276 1277 1290 1291 1379 1424 1425 1428 1479 1493 1538 1583 1584 1618 1656 1665 1666 1729 1730 1768 1786 1829 1863 1864 1888 1954 1961 2001 2068 
93 94 134 135 164 167 168 169 170 171 172 242 279 282 283 384 385 387 388 390 391 392 393 394 395 469 617 673 674 678 722 776 777 779 780 781 782 783 818 848 902 905 906 907 908 909 910 911 912 913 914 947 950 951 952 953 954 997 1010 1092 1100 1103 1104 1105 1106 1107 1108 1109 1154 1155 1156 1158 1159 1198 1201 1202 1203 1204 1205 1259 1268 1269 1270 1271 1272 1285 1300 1313 1405 1407 1408 1409 1410 1414 1415 1467 1471 1472 1476 1477 1478 1495 1496 1497 1499 1531 1533 1536 1537 1575 1610 1611 1615 1661 1662 1692 1693 1697 1699 1700 1727 1738 1767 1781 1784 1785 1837 1852 1855 1869 1900 1903 1947 1992 2012 2014 2015 2031 2083 2086 2123 2126 2129 2138 2139 2142 2146 2155 2158 2161 2171 2174 2178 2187 2189 2193 2201 2206 2210 2215 2222 2232 2233 2234 2235 2238 2241 2248 2253 2257 2260 2262 2264 2267 2270 2272 2273 2277 
49 50 93 94 134 135 164 276 294 295 385 386 387 388 390 391 392 393 394 395 470 669 672 673 674 678 776 777 778 779 780 781 782 783 800 849 902 918 947 956 957 958 959 960 961 962 963 1092 1093 1114 1115 1118 1161 1162 1163 1198 1207 1209 1224 1225 1226 1259 1275 1276 1277 1290 1291 1424 1425 1428 1467 1479 1531 1538 1575 1583 1584 1618 1662 1665 1666 1729 1730 1767 1786 1829 1837 1864 1869 1888 1941 1954 1989 
49 50 93 94 134 135 164 276 294 295 384 385 386 387 388 390 391 392 393 394 395 470 669 673 674 678 776 777 779 780 781 782 783 800 849 902 918 947 956 957 958 959 960 961 962 963 1092 1093 1114 1115 1118 1161 1162 1163 1198 1207 1209 1224 1225 1226 1259 1275 1276 1277 1290 1291 1424 1425 1428 1467 1479 1531 1538 1575 1583 1584 1618 1662 1665 1666 1729 1730 1767 1786 1829 1837 1864 1869 1888 1941 1954 1989 
93 94 134 165 384 385 386 387 389 390 391 392 393 394 395 469 669 672 673 674 678 721 776 778 779 780 781 782 783 800 849 904 918 948 956 957 958 959 960 961 962 963 1009 1094 1114 1115 1118 1161 1162 1163 1199 1207 1209 1222 1224 1225 1226 1260 1275 1276 1277 1290 1291 1298 1424 1425 1428 1468 1479 1538 1576 1577 1583 1584 1618 1663 1665 1666 1728 1729 1730 1786 1803 1829 1839 1864 1885 1888 1954 
49 50 93 134 135 163 164 276 294 295 388 390 470 672 678 777 778 847 902 947 996 1091 1092 1093 1197 1198 1259 1311 1395 1467 1494 1530 1531 1575 1660 1662 1766 1767 1837 1838 1869 1870 1941 1946 1989 
134 135 164 165 166 278 384 388 389 469 470 671 672 721 722 777 778 902 903 904 947 948 1009 1010 1092 1094 1145 1198 1199 1222 1259 1260 1261 1298 1400 1467 1468 1531 1575 1576 1577 1588 1661 1662 1663 1669 1727 1728 1745 1767 1803 1837 1839 1869 1885 1947 
124 223 226 458 600 603 2050 2051 2056 2057 2068 2070 2096 2099 
32 33 268 582 1974 1977 2019 
49 50 238 295 615 1884 1941 1943 1947 1989 1990 
49 238 294 615 1884 1941 1943 1947 1989 1990 
50 294 295 1941 1942 1947 1952 1989 
399 681 746 810 874 
125 223 458 600 2050 2051 2070 2096 
132 467 718 1007 1813 1834 1867 1952 1971 
49 50 294 295 1941 1947 1989 
236 613 1939 1940 1946 1951 1988 
49 236 613 1939 1940 1946 1988 
194 267 1974 
196 271 493 
71 196 
96 816 878 
69 181 182 183 184 185 186 187 188 189 471 473 488 489 558 560 562 563 569 570 724 725 726 742 743 843 844 845 846 865 866 1021 1022 1039 1136 1137 1220 1221 1235 1295 1433 1509 1593 1675 
93 94 384 385 386 387 388 389 390 391 392 393 394 395 669 672 673 674 678 776 777 778 779 780 781 782 783 800 849 918 956 957 958 959 960 961 962 963 1114 1115 1118 1161 1162 1163 1207 1209 1224 1225 1226 1275 1276 1277 1290 1291 1424 1425 1428 1479 1538 1583 1584 1618 1665 1666 1729 1730 1786 1829 1864 1888 1954 
67 148 252 328 640 758 886 930 1063 1244 1351 1445 1518 1643 1718 1756 1812 1971 
34 267 1974 
124 125 223 458 600 2050 2051 2096 
38 39 213 286 287 586 2040 2041 2091 2112 
35 285 2112 
