120 173 174 175 176 177 178 179 180 451 453 455 482 484 554 556 565 567 712 713 737 738 837 838 839 850 851 973 974 1002 1003 1004 1031 1125 1126 1231 1302 1432 1500 1587 
94 138 139 160 161 273 385 392 393 394 480 675 676 780 781 782 895 896 915 944 945 1085 1088 1139 1146 1194 1256 1257 1263 1281 1310 1382 1510 1525 1646 1647 1677 1719 1735 1759 1799 1824 1827 1860 1863 1912 1961 1965 2001 2024 2025 2064 2068 
68 136 137 141 143 144 245 248 329 337 478 644 645 647 762 763 765 880 923 925 926 1049 1053 1054 1055 1178 1179 1237 1239 1240 1323 1327 1332 1333 1437 1487 1512 1552 1628 1629 1705 1710 1748 1752 1757 1792 1819 1856 1859 1957 1960 1997 2000 2070 2073 
67 68 136 137 145 148 153 249 329 332 333 334 335 337 478 640 641 642 645 646 758 759 760 761 763 764 867 879 882 883 884 885 887 888 927 930 935 1057 1063 1071 1183 1187 1241 1244 1249 1319 1320 1321 1323 1337 1338 1339 1340 1341 1342 1343 1344 1345 1352 1437 1442 1485 1487 1489 1512 1515 1559 1620 1629 1636 1637 1703 1705 1710 1715 1748 1752 1753 1792 1819 1843 1856 1873 1950 1960 2000 2070 
68 141 151 153 245 337 645 763 867 879 887 888 923 933 935 1049 1067 1071 1185 1187 1237 1247 1249 1319 1320 1321 1323 1352 1485 1487 1620 1703 1705 
124 225 458 2055 2072 2098 
125 457 458 2050 2055 2065 2072 2096 2098 
67 68 124 125 136 137 143 144 148 332 333 334 337 458 478 640 641 642 645 758 759 760 763 881 882 883 884 885 925 926 930 1053 1054 1063 1140 1178 1179 1183 1239 1240 1244 1337 1338 1339 1340 1341 1441 1489 1558 1559 1635 1636 1714 1752 1821 1822 1858 1859 1957 1958 1997 1998 2055 2073 2098 
67 136 137 141 145 148 245 249 329 332 333 334 335 478 640 641 642 646 647 758 759 760 761 764 765 879 883 884 885 923 927 930 1049 1057 1063 1183 1237 1241 1244 1323 1342 1343 1344 1345 1442 1487 1515 1637 1705 1715 1753 1843 1873 1950 
93 138 139 162 274 385 390 395 480 673 678 779 783 817 915 946 1089 1090 1139 1196 1258 1281 1310 1466 1510 1529 1574 1658 1677 1735 1765 1844 1874 1912 1945 1965 2024 2025 2064 
94 395 783 915 1139 1281 1310 1510 1677 1735 1912 1965 2024 2025 2064 
124 125 458 2055 2072 2098 
120 173 174 175 176 177 178 179 180 451 453 455 456 482 484 554 556 565 567 712 713 737 738 837 838 839 850 851 973 974 1002 1003 1004 1031 1125 1126 1231 1302 1432 1500 1587 
68 141 245 329 646 647 764 765 879 923 1049 1237 1323 1487 1705 
93 94 160 161 162 273 385 390 391 392 393 394 395 673 675 676 678 779 780 781 782 783 817 895 896 915 944 945 946 1085 1088 1089 1139 1146 1194 1196 1256 1257 1258 1263 1281 1310 1382 1388 1493 1510 1525 1647 1656 1677 1735 1759 1799 1860 1965 2024 2025 2064 
67 68 124 125 136 137 143 148 329 332 333 334 337 458 478 640 641 642 644 645 758 759 760 762 763 881 882 883 884 885 925 930 1053 1063 1140 1178 1183 1239 1244 1337 1338 1339 1340 1341 1441 1489 1558 1559 1635 1636 1714 1752 1821 1858 1958 1998 2055 2098 
