46 69 136 432 477 478 697 701 729 790 834 836 917 1000 1138 1998 2000 2070 2072 
136 137 477 729 1998 2072 
44 46 136 701 728 790 834 836 917 1000 1024 1138 1957 1997 2000 2070 2073 
44 46 67 68 143 145 328 329 332 335 337 477 478 640 643 645 701 727 758 761 763 790 834 836 881 882 885 886 917 925 927 1000 1023 1052 1057 1138 1140 1178 1180 1239 1241 1246 1337 1338 1339 1340 1341 1441 1489 1557 1559 1636 1714 1752 1821 1843 1858 1873 1950 1958 1998 2000 2070 2072 
8 52 67 68 142 145 246 304 328 329 332 335 337 338 477 478 622 640 643 645 727 730 749 758 761 763 764 819 880 881 882 885 886 924 927 1023 1026 1050 1051 1057 1177 1180 1238 1241 1336 1337 1338 1339 1340 1341 1439 1489 1514 1554 1559 1633 1636 1750 1793 1795 1820 1843 1857 1873 1950 1959 1999 2071 
136 137 728 729 1024 1957 1997 1998 2072 2073 
67 137 143 144 145 248 249 329 334 336 337 477 643 645 727 728 729 760 761 762 763 881 883 925 926 927 1023 1024 1052 1055 1057 1140 1178 1239 1240 1241 1246 1327 1441 1442 1515 1557 1560 1637 1638 1714 1715 1753 1757 1821 1822 1843 1858 1859 1873 1950 1957 1958 1997 1998 2072 2073 
8 44 46 52 67 143 146 147 250 251 304 328 332 333 334 337 478 622 640 645 701 727 730 749 758 759 760 763 790 819 834 836 881 882 883 885 886 917 925 928 929 1000 1023 1026 1052 1058 1059 1060 1061 1138 1140 1178 1181 1182 1239 1242 1243 1246 1337 1338 1339 1340 1341 1441 1442 1489 1515 1557 1559 1560 1636 1637 1638 1714 1715 1752 1753 1821 1843 1858 1873 1950 1958 1959 1998 1999 2000 2070 2071 2072 
8 52 67 68 142 145 246 304 328 329 332 335 337 338 622 640 643 645 729 730 749 758 761 763 764 819 880 881 882 885 886 924 927 1026 1050 1051 1057 1177 1180 1238 1241 1336 1337 1338 1339 1340 1341 1439 1489 1514 1554 1559 1633 1636 1750 1793 1795 1820 1857 1959 1998 1999 2071 2072 
44 46 136 477 701 727 790 834 836 917 1000 1023 1138 1843 1873 1950 2000 2070 
8 52 136 304 477 622 729 730 749 819 1026 1959 1998 1999 2071 2072 
133 468 716 719 1008 1835 1836 1868 1887 1951 
8 60 132 320 467 630 716 719 753 823 1008 1835 1836 1868 1887 1951 
68 151 338 764 867 887 933 1068 1185 1247 1319 1485 1703 
38 39 213 287 586 2040 2041 2044 2066 2091 2093 2112 2114 2115 
38 213 286 586 2040 2041 2044 2066 2091 2093 2112 2114 2115 
39 286 287 2044 2045 2066 2071 2093 2114 2115 
38 39 286 287 2044 2066 2093 2114 2115 
329 339 647 765 867 1485 1703 
133 244 467 716 1836 1887 2278 
137 478 728 1024 1957 1997 2073 
97 399 746 810 815 874 877 
93 94 384 385 387 389 392 393 669 670 671 672 673 674 675 676 677 678 776 777 778 779 780 781 782 783 800 849 956 957 958 959 960 961 962 963 1001 1114 1116 1117 1118 1162 1163 1207 1208 1209 1223 1224 1225 1226 1275 1276 1277 1290 1291 1424 1425 1428 1538 1539 1583 1584 1618 1665 1666 1729 1730 1786 1830 1864 1888 1954 
1911 1912 1972 
490 493 
199 201 
9 
11 
12 
95 199 
71 271 490 
96 815 877 
68 339 765 867 1485 1703 
132 133 467 716 1836 1887 
93 164 165 277 384 387 389 670 671 672 776 777 778 903 947 948 1093 1095 1198 1259 1260 1399 1467 1531 1575 1662 1767 1816 1972 
136 137 478 728 1024 1957 1997 2073 
35 38 39 138 139 285 286 287 479 735 2003 2044 2093 2114 
