138 139 479 480 735 2003 2066 
138 734 978 1029 1040 1174 1962 2002 2067 
77 123 138 354 480 515 653 733 734 828 1028 1029 1961 1962 2001 2002 2067 2068 
77 123 138 354 479 515 653 733 735 828 1028 1961 2001 2003 2066 2068 
124 136 137 224 477 601 727 1873 1931 1983 2052 2053 2066 2097 
96 805 871 
397 679 748 816 878 
139 480 734 1029 1962 2002 2067 
128 129 235 465 612 1937 1938 1950 1987 
49 50 237 294 614 1941 1942 1952 1989 
132 133 467 718 1867 1952 
49 50 132 133 295 467 718 1867 1942 1952 
49 50 295 1943 1953 1990 
491 493 
13 
15 
3 22 192 
23 193 
71 271 491 
96 816 878 
43 74 349 510 649 768 868 1040 1174 
136 137 477 727 1873 1950 
132 133 468 717 1006 1833 1866 1953 
40 134 135 218 470 591 721 1009 1803 1839 1881 1924 1980 2021 
35 288 2021 
138 139 480 734 1029 1962 2002 2067 
125 224 458 601 2052 2053 2097 
