53 81 134 136 137 298 305 366 477 478 495 499 520 623 627 659 722 750 820 831 1010 1025 1837 1869 1947 1998 2072 
45 76 138 139 346 350 479 480 511 650 652 766 827 1029 2002 2067 
72 341 583 584 597 808 809 873 876 991 992 993 
47 48 222 292 599 1744 1882 1929 1936 1953 1986 
240 342 583 584 648 808 809 814 873 876 991 992 993 
39 213 287 586 2040 2041 2091 2112 
38 216 286 589 2044 2046 2047 2066 2093 2094 2114 2115 
47 222 231 292 599 1744 1882 1887 1929 2301 
48 222 599 1744 1882 1887 1929 1932 1946 1984 
124 224 457 601 2052 2053 2057 2073 2097 2099 
48 222 293 599 1744 1882 1883 1885 1887 1929 1986 
35 285 2020 
40 41 289 590 1923 1979 2021 
49 237 294 614 1745 1746 1941 1942 1949 1989 
47 48 222 292 599 1744 1882 1887 1929 
48 292 293 1883 1885 1936 1953 1986 
47 231 293 1936 1953 1986 2301 
48 292 293 1932 1936 1946 1953 1984 1986 
124 226 458 2057 2073 2099 
125 457 458 2056 2057 2068 2073 2099 
49 237 294 614 1939 1941 1942 1946 1988 1989 
39 216 287 589 2046 2047 2094 2115 
50 238 295 615 1884 1943 1990 
72 207 341 342 597 876 992 993 
70 207 
72 240 342 583 584 808 809 873 991 
5 197 198 362 522 744 1041 1174 
5 63 322 326 504 632 636 755 825 987 1043 1236 
124 125 458 2057 2073 2099 
47 48 293 1936 1953 1986 
8 47 48 66 132 222 292 323 599 633 716 756 826 1005 1744 1802 1836 1882 1929 
47 48 293 1933 1951 1984 
492 493 
207 240 
13 
16 
26 
18 190 
71 271 493 
70 72 342 583 584 808 809 873 991 
73 123 343 513 654 804 1040 1174 
44 46 699 789 833 835 916 999 1175 1236 
94 160 272 385 675 781 944 1085 1086 1194 1256 1380 1546 
93 164 389 672 778 947 1093 1198 1259 1387 1546 
94 167 279 385 675 781 950 1100 1101 1200 1268 1401 1547 
93 170 389 672 778 952 1105 1203 1270 1406 1547 
6 81 134 366 520 659 722 831 1010 1837 1869 1947 
8 60 132 320 630 719 753 823 1008 1835 1868 1951 
68 143 145 247 335 337 643 761 763 881 882 884 885 925 927 1053 1057 1140 1180 1239 1241 1246 1337 1338 1339 1340 1341 1441 1489 1557 1559 1636 1714 1752 1821 1858 1905 1971 
67 149 150 253 331 757 931 1064 1065 1184 1245 1435 1550 1625 1708 1789 1971 
34 267 1974 
49 50 238 295 615 1884 1943 1990 
32 33 210 269 581 1917 1918 1976 2018 
34 267 2018 
35 288 2021 
43 45 138 139 350 479 480 511 650 652 766 827 1029 2002 2067 
5 55 124 125 136 137 306 310 458 477 478 496 624 628 751 821 1024 1997 2057 2099 
38 39 213 287 586 2040 2041 2091 2112 
35 285 2112 
38 39 216 287 589 2046 2047 2094 2115 
35 285 2115 
