94 395 783 915 1139 1281 1310 1676 1677 1735 1912 2024 2025 2064 
93 384 385 386 387 388 389 390 391 393 395 670 673 674 675 676 677 678 776 777 778 779 780 781 782 783 800 849 915 956 957 958 959 960 961 962 963 1113 1114 1116 1118 1139 1160 1162 1206 1207 1208 1209 1223 1225 1275 1276 1277 1281 1290 1291 1310 1424 1428 1479 1480 1538 1539 1579 1618 1665 1676 1677 1729 1733 1735 1786 1830 1888 1912 1954 2024 2025 2064 
72 584 648 809 873 990 991 
72 341 595 597 598 812 813 814 875 876 990 992 993 
240 342 572 573 583 584 648 806 807 872 873 990 991 
341 594 595 648 811 812 875 990 992 
67 147 150 328 333 641 759 929 1061 1182 1243 1350 1351 1435 1444 1445 1517 1518 1550 1562 1563 1625 1642 1644 1708 1755 1756 1789 1812 1813 1971 
32 211 268 582 1917 1919 1920 1947 1976 1977 2018 2019 
47 48 50 237 292 293 614 1934 1941 1942 1952 1985 1989 
33 208 269 579 1742 1878 1887 1915 1917 1947 1974 1976 2018 2019 
38 216 286 589 2041 2046 2047 2073 2091 2094 2112 2115 
38 213 287 2041 2073 2091 2112 2115 
39 286 287 2040 2041 2068 2073 2091 2112 2115 
47 49 50 231 294 295 608 2291 2292 2293 2301 2302 
49 50 134 135 294 295 469 720 1669 1746 1949 
49 126 236 294 464 613 1939 1940 1988 2290 2293 2302 
50 126 237 295 464 614 1941 1942 1952 1989 2290 2293 2302 
49 236 294 613 1745 1746 1939 1940 1949 1988 
50 237 295 614 1745 1746 1941 1942 1949 1952 1989 
124 125 129 232 457 458 609 2052 2058 2059 2071 2097 2100 
38 39 287 2041 2073 2091 2112 2115 
47 222 292 599 1744 1882 1887 1929 1934 1947 1985 
240 341 342 583 584 873 990 991 
72 595 648 812 875 990 992 
240 341 342 594 595 875 990 992 
72 595 648 812 875 992 993 
240 341 342 584 594 873 875 991 992 993 
72 240 342 584 873 991 993 
70 72 342 595 875 992 993 
47 292 293 606 1934 1947 1985 
48 222 293 599 1744 1882 1887 1929 1934 1947 1985 
40 41 285 288 290 1928 1951 1982 2023 2115 
128 129 234 466 611 2060 2062 2063 2067 2101 2102 
129 465 466 2060 2061 2067 2072 2101 
128 234 465 611 2060 2062 2063 2067 2101 2102 
133 468 719 1008 1835 1868 1951 
166 278 1145 1261 1387 1400 1544 1546 1972 
129 138 139 232 480 609 735 922 1963 2003 2058 2059 2071 2100 
124 125 457 458 2052 2066 2097 
128 129 465 466 2060 2067 2101 
134 135 469 723 1870 1946 
32 33 211 582 1919 1920 1946 1977 2019 
47 48 292 293 1934 1947 1985 
47 228 605 1932 1933 1946 1984 
200 481 571 
140 200 
36 70 72 340 342 595 875 992 
94 394 782 896 1380 1546 
93 163 384 390 678 847 996 1091 1197 1387 1546 
94 391 394 395 779 782 783 895 897 900 1146 1263 1493 1525 1647 1656 1759 1799 1860 1912 
132 133 468 719 1008 1835 1868 1951 
93 94 384 385 386 387 388 389 390 391 392 393 394 395 670 674 678 776 777 778 779 780 781 782 783 800 849 956 957 958 959 960 961 962 963 1001 1113 1114 1116 1118 1161 1162 1163 1206 1207 1208 1224 1225 1226 1275 1276 1277 1290 1291 1425 1428 1479 1538 1579 1583 1584 1618 1665 1666 1729 1730 1786 1829 1864 1888 1954 
68 144 145 329 332 335 336 640 643 644 758 761 762 882 883 884 885 886 926 927 1054 1057 1179 1180 1240 1241 1337 1338 1339 1340 1341 1489 1559 1636 1752 1822 1859 1904 1971 
67 146 147 250 328 332 333 334 640 641 758 759 760 884 885 886 928 929 1059 1061 1182 1242 1243 1346 1347 1348 1443 1516 1639 1716 1754 1814 1971 
94 391 393 394 779 781 782 896 898 900 1148 1265 1493 1527 1651 1656 1761 1800 1861 1910 1972 
93 166 278 384 387 670 776 903 1145 1261 1400 1544 1972 
47 48 134 135 292 293 469 722 1869 1934 1985 
32 33 34 134 135 267 268 269 469 722 1869 1917 1976 2018 
138 139 480 735 922 1963 2003 2066 
2069 
128 129 138 139 465 466 479 734 2002 2060 2101 
35 38 39 136 137 285 287 477 728 1997 2041 2091 2112 
49 50 126 294 295 464 2290 2293 2302 
