398 680 745 805 871 
70 72 195 340 341 342 597 876 993 
49 237 243 618 1745 1746 1886 1887 1949 1989 
96 805 871 
397 679 748 816 878 
72 195 240 340 341 342 648 813 876 993 
50 243 618 1745 1746 1886 1887 1949 
202 574 1913 1914 1945 1950 1973 2016 
213 586 2040 2041 2068 2073 2091 2112 
492 493 
4 
15 
36 195 
207 
70 240 
71 271 493 
96 816 878 
49 50 132 133 243 294 467 468 618 716 1005 1746 1802 1836 1886 1949 
30 136 137 202 265 477 478 574 727 1023 1843 1873 1913 1914 1973 2016 
38 138 139 213 479 480 586 733 1028 1961 2001 2040 2041 2091 2112 
