42 43 45 69 87 89 91 112 116 123 132 133 136 137 376 381 382 383 431 444 446 447 449 467 468 477 478 523 528 529 530 547 549 550 552 661 665 666 667 668 701 702 703 705 707 708 709 710 711 772 790 791 796 798 834 835 836 841 852 853 854 855 856 857 858 917 920 999 1000 1013 1014 1033 1128 1129 1130 1131 1138 1169 1216 1217 1232 1233 1303 1306 1315 1483 1502 1542 1590 1671 1701 1739 1740 1788 1804 1840 1841 1871 1890 1995 2000 2028 2070 2278 
42 43 45 73 121 122 132 133 138 139 343 376 381 382 383 444 446 447 449 467 468 479 480 513 523 528 529 530 547 549 550 552 654 661 665 666 667 668 702 705 707 708 709 710 711 772 791 796 798 829 835 841 852 853 854 855 856 857 858 920 999 1013 1014 1030 1033 1128 1129 1130 1131 1169 1216 1217 1232 1233 1303 1306 1315 1483 1502 1542 1590 1671 1701 1739 1740 1788 1804 1840 1841 1871 1890 1995 2004 2028 2065 2278 
42 43 45 67 87 89 91 112 116 122 123 133 146 147 148 149 251 252 253 331 332 333 334 376 381 382 383 444 446 447 449 468 523 528 529 530 547 549 550 552 642 661 665 666 667 668 702 705 707 708 709 710 711 719 757 758 759 760 772 791 796 798 835 841 852 853 854 855 856 857 858 920 928 929 930 931 999 1008 1013 1014 1033 1058 1061 1063 1065 1128 1129 1130 1131 1169 1181 1216 1217 1232 1233 1242 1243 1244 1245 1303 1306 1315 1348 1443 1483 1502 1516 1542 1561 1590 1639 1640 1671 1701 1716 1739 1740 1754 1788 1804 1835 1840 1841 1868 1871 1890 1951 1995 2028 2278 
42 43 45 87 89 91 112 116 122 123 132 133 376 381 382 383 444 446 447 449 468 523 528 529 530 547 549 550 552 661 665 666 667 668 702 705 707 708 709 710 711 719 772 791 796 798 835 841 852 853 854 855 856 857 858 920 999 1008 1013 1014 1033 1128 1129 1130 1131 1169 1216 1217 1232 1233 1303 1306 1315 1483 1502 1542 1590 1671 1701 1739 1740 1788 1804 1835 1840 1841 1868 1871 1890 1951 1995 2028 2278 
42 43 45 87 89 91 112 116 122 123 132 376 381 382 383 444 446 447 449 467 523 528 529 530 547 549 550 552 661 665 666 667 668 702 705 707 708 709 710 711 719 772 791 796 798 835 841 852 853 854 855 856 857 858 920 999 1008 1013 1014 1033 1128 1129 1130 1131 1169 1216 1217 1232 1233 1303 1306 1315 1483 1502 1542 1590 1671 1701 1739 1740 1788 1804 1835 1840 1841 1868 1871 1890 1951 1995 2028 2278 
341 572 573 648 806 807 872 990 991 
207 342 594 595 597 598 806 811 812 813 814 872 875 876 990 991 992 993 
72 207 342 594 595 807 811 812 872 875 990 991 992 
72 341 573 597 598 813 814 872 876 990 991 993 
72 240 341 342 594 595 648 809 811 812 875 992 
72 207 341 342 597 598 813 814 876 993 
207 342 594 595 648 806 811 812 872 875 990 991 992 
72 573 648 807 872 990 991 
72 207 342 648 807 872 990 991 
42 45 76 87 89 91 112 115 116 122 123 132 133 138 346 376 381 382 383 438 444 446 447 449 467 468 511 523 528 529 530 547 549 550 552 650 661 665 666 667 668 702 705 707 708 709 710 711 734 766 772 791 796 798 827 835 841 852 853 854 855 856 857 858 920 999 1013 1014 1029 1033 1128 1129 1130 1131 1169 1216 1217 1232 1233 1303 1306 1315 1483 1502 1542 1590 1671 1701 1739 1740 1788 1804 1840 1841 1871 1890 1962 1995 2002 2028 2067 2278 
43 45 69 87 89 91 112 116 122 123 132 133 376 381 382 383 428 444 446 447 449 467 468 523 528 529 530 547 549 550 552 661 665 666 667 668 694 702 705 707 708 709 710 711 772 791 796 798 835 841 852 853 854 855 856 857 858 920 999 1013 1014 1033 1128 1129 1130 1131 1169 1216 1217 1232 1233 1303 1306 1315 1483 1502 1542 1590 1671 1701 1739 1740 1788 1804 1840 1841 1871 1890 1995 2028 2278 
72 573 648 807 872 990 993 
207 342 597 598 648 806 813 814 872 876 990 993 
97 396 682 747 810 815 874 877 
70 207 
72 207 341 342 594 595 811 812 875 992 
72 207 342 648 807 872 990 993 
72 240 342 648 807 872 990 993 
223 600 2050 2051 2065 2070 2096 
9 
16 
22 192 
23 193 
70 240 
96 810 874 
36 70 72 340 342 573 872 990 
125 223 458 600 2050 2051 2096 
42 43 45 87 89 91 112 116 122 123 132 133 376 381 382 383 444 446 447 449 467 468 523 528 529 530 547 549 550 552 661 665 666 667 668 702 705 707 708 709 710 711 772 791 796 798 835 841 852 853 854 855 856 857 858 920 999 1013 1014 1033 1128 1129 1130 1131 1169 1216 1217 1232 1233 1303 1306 1315 1483 1502 1542 1590 1671 1701 1739 1740 1788 1804 1840 1841 1871 1890 1995 2028 2278 
