94 124 138 161 226 273 385 479 603 673 674 733 779 780 900 945 1028 1088 1257 1379 1493 1656 1764 1768 1827 1863 1961 2001 2056 2057 2099 
124 139 226 480 603 733 736 1028 1961 2001 2004 2056 2057 2065 2099 
128 221 234 465 611 2062 2063 2073 2095 2102 
49 237 243 618 1745 1746 1886 1887 1949 1989 
30 31 34 264 266 2039 2070 2090 2111 
96 805 871 
96 815 877 
397 679 748 816 878 
128 221 466 2049 2070 2095 
49 237 295 1942 1952 1989 
72 195 240 340 341 342 648 813 876 993 
137 478 731 1138 1960 2000 2070 
97 399 746 810 815 874 877 
30 31 266 2016 2039 2070 2090 2111 
128 129 466 2049 2070 2095 
136 137 477 478 731 1138 1960 2000 2070 
128 129 466 2059 2071 2100 
38 213 586 2040 2041 2068 2091 2112 
50 243 618 1745 1746 1886 1887 1949 
202 574 1913 1914 1945 1950 1973 2016 
129 234 611 2062 2063 2068 2073 2102 
492 493 
4 
15 
17 
36 195 
207 
70 240 
71 271 493 
96 816 878 
68 141 245 329 647 765 923 1048 1049 1176 1237 1328 1548 
147 333 641 759 929 1061 1182 1243 1337 1548 
132 133 467 468 718 1007 1834 1867 1952 
136 137 477 478 730 1026 1959 1999 2071 
124 138 139 226 479 480 603 733 1028 1961 2001 2056 2057 2099 
128 129 136 137 234 465 477 478 611 728 1024 1957 1997 2062 2063 2102 
38 138 139 213 479 480 586 733 1028 1961 2001 2040 2041 2091 2112 
47 126 231 459 464 608 2286 2290 2291 2292 2301 
