136 137 478 727 1023 1843 1873 1950 
8 44 46 52 67 68 136 142 145 246 304 328 329 332 335 337 338 622 640 643 645 701 728 730 749 758 761 763 764 790 819 834 836 880 881 882 885 886 917 924 927 1000 1024 1026 1050 1051 1057 1138 1177 1180 1238 1241 1336 1337 1338 1339 1340 1341 1439 1489 1514 1554 1559 1633 1636 1750 1793 1795 1820 1857 1957 1959 1997 1999 2000 2070 2071 2073 
8 44 46 52 67 68 142 145 246 304 328 329 332 335 337 338 477 622 640 643 645 701 728 730 749 758 761 763 764 790 819 834 836 880 881 882 885 886 917 924 927 1000 1024 1026 1050 1051 1057 1138 1177 1180 1238 1241 1336 1337 1338 1339 1340 1341 1439 1489 1514 1554 1559 1633 1636 1750 1793 1795 1820 1857 1957 1959 1997 1999 2000 2070 2071 2073 
136 137 728 729 1024 1957 1997 1998 2072 2073 
68 137 143 144 248 336 337 477 645 728 729 762 763 881 925 926 1024 1052 1055 1140 1178 1239 1240 1246 1327 1441 1557 1714 1757 1821 1822 1858 1859 1957 1958 1997 1998 2072 2073 
8 52 67 68 143 145 304 328 329 332 335 337 478 622 640 643 645 727 730 749 758 761 763 819 881 882 885 886 925 927 1023 1026 1052 1057 1140 1178 1180 1239 1241 1246 1337 1338 1339 1340 1341 1441 1489 1557 1559 1636 1714 1752 1821 1843 1858 1873 1950 1958 1959 1998 1999 2071 2072 
8 52 67 68 142 145 246 304 328 329 330 331 332 333 334 335 336 337 339 622 639 640 643 645 729 730 749 757 758 759 760 761 762 763 765 801 819 880 881 882 885 886 919 924 927 964 965 966 967 968 969 970 971 972 1026 1050 1051 1057 1120 1123 1124 1166 1167 1177 1180 1211 1212 1213 1214 1227 1228 1229 1230 1238 1241 1278 1279 1280 1292 1293 1336 1337 1338 1339 1340 1341 1427 1431 1439 1489 1514 1540 1541 1554 1559 1582 1619 1633 1636 1668 1732 1734 1750 1787 1793 1795 1820 1832 1857 1889 1955 1959 1998 1999 2071 2072 
67 68 145 151 328 329 332 335 337 640 643 645 758 761 763 867 870 879 880 881 882 885 886 887 927 933 1057 1068 1180 1185 1241 1247 1319 1323 1324 1325 1338 1339 1340 1341 1485 1487 1489 1622 1703 1705 
151 329 338 646 764 867 887 933 1068 1185 1247 1319 1485 1703 
142 144 246 336 338 644 762 764 924 926 1050 1051 1055 1177 1179 1238 1240 1328 1548 
142 246 329 338 647 764 765 867 924 1050 1051 1177 1238 1328 1485 1548 1703 
141 144 245 336 339 644 762 765 923 926 1048 1049 1055 1176 1179 1237 1240 1328 1548 
8 52 67 68 142 145 246 304 328 329 332 335 337 338 622 640 643 645 729 730 749 758 761 763 764 819 880 881 882 885 886 924 927 1026 1050 1051 1057 1177 1180 1238 1241 1336 1337 1338 1339 1340 1341 1439 1489 1514 1554 1559 1633 1636 1750 1793 1795 1820 1857 1959 1998 1999 2071 2072 
75 123 124 125 138 345 350 457 458 479 511 514 650 652 735 736 766 827 1029 1030 1964 2002 2003 2004 2052 2065 2067 2097 
5 65 132 244 323 327 467 505 619 633 637 756 826 1005 1836 1887 2028 2274 2278 
8 62 132 321 467 631 716 718 754 824 1007 1834 1836 1867 1887 1952 
132 133 244 467 716 1836 1887 
8 60 132 244 320 468 619 630 719 753 823 1008 1835 1868 1951 2028 2274 2278 
44 46 136 477 701 727 790 834 836 917 1000 1023 1138 1843 1873 1950 2000 2070 
8 52 136 304 477 622 729 730 749 819 1026 1959 1998 1999 2071 2072 
68 151 338 764 867 887 933 1068 1185 1247 1319 1485 1703 
144 336 339 644 762 765 867 926 1055 1179 1240 1328 1485 1548 1703 
124 125 139 457 458 480 733 735 1028 1961 2001 2003 2052 2068 2097 
133 244 467 468 619 719 1008 1835 1868 1951 2028 2274 2278 
8 60 132 320 467 630 716 719 753 823 1008 1835 1836 1868 1887 1951 
133 468 716 718 1007 1834 1836 1867 1887 1952 
68 145 329 335 643 761 927 1057 1180 1241 1337 1548 
68 142 143 144 246 248 336 337 338 645 762 763 764 924 925 926 1050 1051 1052 1055 1177 1178 1238 1239 1240 1328 1335 1438 1513 1548 1553 1631 
329 339 647 765 867 1485 1703 
137 478 728 1024 1957 1997 2073 
97 399 746 810 815 874 877 
124 125 457 458 2052 2066 2097 
93 94 384 385 387 389 392 393 669 670 671 672 673 674 675 676 677 678 776 777 778 779 780 781 782 783 800 849 956 957 958 959 960 961 962 963 1001 1114 1116 1117 1118 1162 1163 1207 1208 1209 1223 1224 1225 1226 1275 1276 1277 1290 1291 1424 1425 1428 1538 1539 1583 1584 1618 1665 1666 1729 1730 1786 1830 1864 1888 1954 
1911 1912 1972 
490 493 
199 201 
9 
11 
12 
95 199 
71 271 490 
96 815 877 
68 339 765 867 1485 1703 
93 164 165 277 384 387 389 670 671 672 776 777 778 903 947 948 1093 1095 1198 1259 1260 1399 1467 1531 1575 1662 1767 1816 1972 
136 137 478 728 1024 1957 1997 2073 
124 125 138 139 457 458 479 735 2003 2052 2097 
35 38 39 138 139 285 286 287 479 735 2003 2044 2093 2114 
132 133 244 468 619 2028 2274 2278 
