7 8 136 297 304 477 494 622 729 730 749 819 1026 1959 1998 1999 2071 2072 
44 46 136 701 728 790 834 836 917 1000 1024 1138 1957 1997 2000 2070 2073 
46 69 136 432 477 697 701 728 790 834 836 917 1000 1024 1138 1957 1997 2000 2070 2073 
8 44 46 52 68 142 145 246 304 329 335 337 338 477 622 643 645 701 728 730 749 761 763 764 790 819 834 836 880 881 882 886 917 924 927 1000 1024 1026 1050 1051 1057 1138 1177 1180 1238 1241 1336 1337 1338 1339 1340 1341 1439 1489 1514 1554 1559 1633 1636 1750 1793 1795 1820 1857 1957 1959 1997 1999 2000 2070 2071 2073 
8 44 46 52 68 136 142 145 246 304 329 335 337 338 622 643 645 701 728 730 749 761 763 764 790 819 834 836 880 881 882 886 917 924 927 1000 1024 1026 1050 1051 1057 1138 1177 1180 1238 1241 1336 1337 1338 1339 1340 1341 1439 1489 1514 1554 1559 1633 1636 1750 1793 1795 1820 1857 1957 1959 1997 1999 2000 2070 2071 2073 
44 46 136 477 701 728 790 834 836 917 1000 1024 1138 1957 1997 2000 2070 2073 
137 478 729 730 1026 1959 1998 1999 2071 2072 
136 137 477 729 1998 2072 
136 137 478 727 1023 1843 1873 1950 
8 44 46 52 67 68 142 144 145 246 248 304 328 329 332 335 336 337 338 622 640 643 645 701 728 729 730 749 758 761 762 763 764 790 819 834 836 880 881 885 886 917 924 926 927 1000 1024 1026 1050 1051 1055 1057 1138 1177 1180 1238 1240 1241 1327 1336 1337 1338 1339 1340 1341 1439 1489 1514 1554 1559 1633 1636 1750 1752 1757 1793 1795 1820 1822 1857 1859 1957 1959 1997 1998 1999 2000 2070 2071 2072 2073 
8 52 68 142 145 246 304 329 335 337 338 622 643 645 729 730 749 761 763 764 819 880 881 882 886 924 927 1026 1050 1051 1057 1177 1180 1238 1241 1336 1337 1338 1339 1340 1341 1439 1489 1514 1554 1559 1633 1636 1750 1793 1795 1820 1857 1959 1998 1999 2071 2072 
8 52 67 68 141 145 245 304 328 329 332 335 338 339 478 622 640 643 727 730 749 758 761 764 765 819 879 882 885 886 923 927 1023 1026 1048 1049 1057 1176 1180 1237 1241 1337 1338 1339 1340 1341 1437 1489 1512 1559 1629 1636 1710 1748 1752 1792 1819 1843 1856 1873 1950 1959 1960 1999 2000 2070 2071 
8 52 67 68 142 145 246 304 328 329 330 331 332 333 334 335 336 338 339 622 639 640 643 729 730 749 757 758 759 760 761 762 764 765 801 819 880 881 882 885 886 919 924 927 964 965 966 967 968 969 970 971 972 1026 1050 1051 1057 1120 1121 1122 1123 1124 1166 1167 1177 1180 1211 1212 1213 1214 1227 1228 1229 1230 1238 1241 1278 1279 1280 1292 1293 1336 1337 1338 1339 1340 1341 1427 1431 1439 1489 1514 1540 1541 1554 1559 1582 1619 1633 1636 1668 1732 1734 1750 1787 1793 1795 1820 1832 1857 1889 1955 1959 1998 1999 2071 2072 
44 46 67 68 143 145 328 329 332 335 337 477 478 640 643 645 701 727 758 761 763 790 834 836 881 882 885 886 917 925 927 1000 1023 1052 1057 1138 1140 1178 1180 1239 1241 1246 1337 1338 1339 1340 1341 1441 1489 1557 1559 1636 1714 1752 1821 1843 1858 1873 1950 1958 1998 2000 2070 2072 
8 52 67 68 142 145 246 304 328 329 332 335 337 338 477 478 622 640 643 645 727 730 749 758 761 763 764 819 880 881 882 885 886 924 927 1023 1026 1050 1051 1057 1177 1180 1238 1241 1336 1337 1338 1339 1340 1341 1439 1489 1514 1554 1559 1633 1636 1750 1793 1795 1820 1843 1857 1873 1950 1959 1999 2071 
68 137 141 143 245 337 338 339 477 645 728 729 763 764 765 879 881 923 925 1024 1048 1049 1052 1140 1176 1178 1237 1239 1246 1436 1441 1511 1551 1557 1627 1714 1747 1752 1794 1821 1856 1858 1957 1958 1960 1997 1998 2000 2070 2072 2073 
136 137 728 729 1024 1957 1997 1998 2072 2073 
67 137 143 144 145 248 249 329 334 336 337 477 643 645 727 728 729 760 761 762 763 881 883 925 926 927 1023 1024 1052 1055 1057 1140 1178 1239 1240 1241 1246 1327 1441 1442 1515 1557 1560 1637 1638 1714 1715 1753 1757 1821 1822 1843 1858 1859 1873 1950 1957 1958 1997 1998 2072 2073 
8 44 46 52 67 143 146 147 250 251 304 328 332 333 334 337 478 622 640 645 701 727 730 749 758 759 760 763 790 819 834 836 881 882 883 885 886 917 925 928 929 1000 1023 1026 1052 1058 1059 1060 1061 1138 1140 1178 1181 1182 1239 1242 1243 1246 1337 1338 1339 1340 1341 1441 1442 1489 1515 1557 1559 1560 1636 1637 1638 1714 1715 1752 1753 1821 1843 1858 1873 1950 1958 1959 1998 1999 2000 2070 2071 2072 
8 52 67 68 142 145 246 304 328 329 332 335 337 338 622 640 643 645 729 730 749 758 761 763 764 819 880 881 882 885 886 924 927 1026 1050 1051 1057 1177 1180 1238 1241 1336 1337 1338 1339 1340 1341 1439 1489 1514 1554 1559 1633 1636 1750 1793 1795 1820 1857 1959 1998 1999 2071 2072 
44 46 136 477 701 727 790 834 836 917 1000 1023 1138 1843 1873 1950 2000 2070 
8 52 136 304 477 622 729 730 749 819 1026 1959 1998 1999 2071 2072 
68 151 338 764 867 887 933 1068 1185 1247 1319 1485 1703 
329 339 647 765 867 1485 1703 
137 478 728 1024 1957 1997 2073 
1911 1912 1972 
12 
68 339 765 867 1485 1703 
93 164 165 277 384 387 389 670 671 672 776 777 778 903 947 948 1093 1095 1198 1259 1260 1399 1467 1531 1575 1662 1767 1816 1972 
136 137 478 728 1024 1957 1997 2073 
