128 129 136 137 232 465 477 478 609 730 1026 1959 1999 2058 2059 2100 
139 480 735 736 922 1963 2003 2004 2065 2066 
38 39 286 287 2044 2066 2093 2112 2114 
124 125 129 232 457 458 466 609 2049 2052 2058 2059 2070 2095 2097 2100 
30 31 194 264 266 2037 2071 2089 2110 
128 221 234 465 611 2062 2063 2073 2095 2102 
124 125 129 136 137 232 457 458 477 478 609 730 1026 1959 1999 2052 2058 2059 2097 2100 
49 237 243 618 1745 1746 1886 1887 1949 1989 
35 40 41 288 289 290 1927 1946 1982 2023 
35 40 41 288 289 290 1925 1947 1981 2022 
30 31 34 264 266 2037 2071 2089 2110 
124 125 226 603 2056 2057 2068 2099 
30 31 34 264 266 2039 2070 2090 2111 
96 805 871 
96 815 877 
397 679 748 816 878 
49 237 295 1942 1952 1989 
32 33 132 133 269 467 468 718 1007 1834 1867 1918 1952 
49 237 295 1943 1953 1989 1990 
72 195 240 340 341 342 648 813 876 993 
128 221 466 2049 2070 2095 
128 129 234 465 611 2062 2063 2073 2102 
137 478 731 1138 1960 2000 2070 
135 470 723 799 1838 1870 1946 
97 399 746 810 815 874 877 
30 31 266 2016 2039 2070 2090 2111 
125 226 603 2056 2057 2068 2073 2099 
213 586 2040 2041 2068 2073 2091 2112 
138 139 479 480 735 922 1963 2003 2066 
128 129 466 2049 2070 2095 
38 213 586 2040 2041 2068 2091 2112 
225 602 2054 2055 2067 2072 2098 
124 225 602 2054 2055 2067 2098 
124 125 457 458 2052 2066 2097 
50 243 618 1745 1746 1886 1887 1949 
202 574 1913 1914 1945 1950 1973 2016 
129 234 611 2062 2063 2068 2073 2102 
492 493 
4 
15 
17 
36 195 
207 
70 240 
71 271 493 
96 816 878 
68 141 245 329 647 765 923 1048 1049 1176 1237 1328 1548 
147 333 641 759 929 1061 1182 1243 1337 1548 
134 135 469 470 722 1010 1837 1869 1947 
132 133 467 468 717 1006 1833 1866 1953 
136 137 477 478 730 1026 1959 1999 2071 
124 138 139 226 479 480 603 733 1028 1961 2001 2056 2057 2099 
128 129 136 137 234 465 477 478 611 728 1024 1957 1997 2062 2063 2102 
38 138 139 213 479 480 586 733 1028 1961 2001 2040 2041 2091 2112 
47 126 231 459 464 608 2286 2290 2291 2292 2301 
