 
MCS.c880.000.matrix.txt 1 1th set: 16 65 107 , ;     
MCS.c880.001.matrix.txt 0  
MCS.c880.002.matrix.txt 0  
MCS.c880.003.matrix.txt 1 1th set: 10 78 , ;     
MCS.c880.004.matrix.txt 1 1th set: 5 60 86 121 , 2th set: 7 60 86 121 , ;     
MCS.c880.005.matrix.txt 1 1th set: 16 65 107 , ;     
MCS.c880.006.matrix.txt  
MCS.c880.007.matrix.txt  
MCS.c880.008.matrix.txt 1 1th set: 3 4 28 56 58 72 83 95 115 116 127 136 140 161 162 184 197 224 225 251 280 301 320 331 342 352 , 2th set: 52 252 320 331 342 352 , ;     
MCS.c880.009.matrix.txt 1 1th set: 3 4 31 56 58 83 95 113 115 127 134 135 153 154 180 193 212 213 239 266 293 356 364 372 376 , 2th set: 45 347 356 364 372 376 , ;     
MCS.c880.010.matrix.txt 1 1th set: 10 78 , ;     
MCS.c880.011.matrix.txt 1 1th set: 66 67 88 108 123 , 2th set: 18 66 88 123 , ;     
MCS.c880.012.matrix.txt 2 1th set: 3 4 28 56 58 72 83 95 115 116 127 136 140 161 162 184 197 224 225 251 280 301 320 331 342 352 , 2th set: 52 252 320 331 342 352 , ;    1th set: 35 38 40 41 42 74 75 76 77 98 99 101 118 141 142 163 164 165 166 185 186 198 199 202 228 289 , ;     
MCS.c880.013.matrix.txt 2 1th set: 3 4 31 56 58 83 95 113 115 127 134 135 153 154 180 193 212 213 239 266 293 356 364 372 376 , 2th set: 45 347 356 364 372 376 , ;    1th set: 13 62 105 , ;     
MCS.c880.014.matrix.txt 2 1th set: 9 51 52 114 140 161 162 174 184 197 225 226 251 252 280 281 301 308 314 320 331 342 352 , 2th set: 28 51 52 72 140 161 162 174 184 197 225 226 251 252 280 281 301 308 314 320 331 342 352 , ;    1th set: 27 177 190 203 229 256 351 360 368 , ;     
MCS.c880.015.matrix.txt 2 1th set: 16 65 107 , ;    1th set: 19 21 22 23 24 26 68 69 70 71 89 91 93 94 110 111 125 126 143 144 145 146 175 176 187 188 201 227 288 , ;     
MCS.c880.016.matrix.txt  
MCS.c880.017.matrix.txt  
MCS.c880.018.matrix.txt 1 1th set: 12 80 , ;     
MCS.c880.019.matrix.txt 1 1th set: 16 65 107 , ;     
MCS.c880.020.matrix.txt 1 1th set: 12 80 , ;     
MCS.c880.021.matrix.txt 3 1th set: 3 4 31 56 58 83 95 113 115 127 134 135 153 154 180 193 212 213 239 266 293 356 364 372 376 , 2th set: 45 347 356 364 372 376 , ;    1th set: 13 62 105 , ;    1th set: 46 328 339 348 357 365 , ;     
MCS.c880.022.matrix.txt 3 1th set: 5 60 86 121 , 2th set: 7 60 86 121 , ;    1th set: 15 64 106 , ;    1th set: 66 88 123 , ;     
MCS.c880.023.matrix.txt 1 1th set: 16 65 107 , ;     
MCS.c880.024.matrix.txt 3 1th set: 28 31 45 112 134 135 153 154 170 180 193 212 214 238 240 266 267 293 338 347 356 364 372 376 , 2th set: 31 45 112 113 134 135 153 154 170 180 193 212 214 238 240 266 267 293 338 347 356 364 372 376 , ;    1th set: 2 54 82 119 , 2th set: 1 82 119 , ;    1th set: 13 62 105 , ;     
MCS.c880.025.matrix.txt 1 1th set: 66 67 88 108 123 , 2th set: 18 66 88 123 , ;     
MCS.c880.026.matrix.txt  
MCS.c880.027.matrix.txt  
MCS.c880.028.matrix.txt 3 1th set: 16 65 107 , ;    1th set: 18 66 88 123 , ;    1th set: 19 21 22 23 24 26 68 69 70 71 89 91 93 94 110 111 125 126 143 144 145 146 175 176 187 188 201 227 288 , ;     
MCS.c880.029.matrix.txt 1 1th set: 9 51 52 114 140 161 162 174 184 197 225 226 251 252 280 281 301 308 314 320 331 342 352 , 2th set: 28 51 52 72 140 161 162 174 184 197 225 226 251 252 280 281 301 308 314 320 331 342 352 , ;     
MCS.c880.030.matrix.txt 4 1th set: 16 65 107 , ;    1th set: 3 57 84 120 , ;    1th set: 18 66 88 123 , ;    1th set: 19 21 22 23 24 26 68 69 70 71 89 91 93 94 110 111 125 126 143 144 145 146 175 176 187 188 201 227 288 , ;     
MCS.c880.031.matrix.txt 4 1th set: 5 60 86 121 , 2th set: 7 60 86 121 , ;    1th set: 10 78 , ;    1th set: 15 64 106 , ;    1th set: 66 88 123 , ;     
MCS.c880.032.matrix.txt 2 1th set: 1 55 104 , ;    1th set: 16 65 107 , ;     
MCS.c880.033.matrix.txt 2 1th set: 10 78 , ;    1th set: 1 55 104 , ;     
MCS.c880.034.matrix.txt 2 1th set: 12 80 , ;    1th set: 16 65 107 , ;     
MCS.c880.035.matrix.txt 4 1th set: 3 4 31 56 58 83 95 113 115 127 134 135 153 154 180 193 212 213 239 266 293 356 364 372 376 , 2th set: 45 347 356 364 372 376 , ;    1th set: 10 78 , ;    1th set: 13 62 105 , ;    1th set: 46 328 339 348 357 365 , ;     
MCS.c880.036.matrix.txt  
MCS.c880.037.matrix.txt  
MCS.c880.038.matrix.txt 2 1th set: 28 31 45 112 134 135 153 154 170 180 193 212 214 238 240 266 267 293 338 347 356 364 372 376 , 2th set: 31 45 112 113 134 135 153 154 170 180 193 212 214 238 240 266 267 293 338 347 356 364 372 376 , ;    1th set: 13 62 105 , ;     
MCS.c880.039.matrix.txt 2 1th set: 32 56 57 83 84 112 120 132 152 192 211 237 371 375 379 382 , 2th set: 3 57 84 120 , ;    1th set: 66 67 88 108 123 , 2th set: 18 66 88 123 , ;     
MCS.c880.040.matrix.txt 5 1th set: 3 4 31 56 58 83 95 113 115 127 134 135 153 154 180 193 212 213 239 266 293 356 364 372 376 , 2th set: 45 347 356 364 372 376 , ;    1th set: 10 78 , ;    1th set: 11 79 , ;    1th set: 13 62 105 , ;    1th set: 46 328 339 348 357 365 , ;     
MCS.c880.041.matrix.txt 3 1th set: 1 55 104 , ;    1th set: 13 62 105 , ;    1th set: 16 65 107 , ;     
MCS.c880.042.matrix.txt 3 1th set: 9 51 52 114 140 161 162 174 184 197 225 226 251 252 280 281 301 308 314 320 331 342 352 , 2th set: 28 51 52 72 140 161 162 174 184 197 225 226 251 252 280 281 301 308 314 320 331 342 352 , ;    1th set: 0 53 103 , ;    1th set: 1 82 119 , ;     
MCS.c880.043.matrix.txt 3 1th set: 28 31 45 112 134 135 153 154 170 180 193 212 214 238 240 266 267 293 338 347 356 364 372 376 , 2th set: 31 45 112 113 134 135 153 154 170 180 193 212 214 238 240 266 267 293 338 347 356 364 372 376 , ;    1th set: 17 81 , ;    1th set: 13 62 105 , ;     
MCS.c880.044.matrix.txt 5 1th set: 7 60 86 121 , 2th set: 5 60 86 121 , ;    1th set: 16 65 107 , ;    1th set: 3 57 84 120 , ;    1th set: 18 66 88 123 , ;    1th set: 19 21 22 23 24 26 68 69 70 71 89 91 93 94 110 111 125 126 143 144 145 146 175 176 187 188 201 227 288 , ;     
MCS.c880.045.matrix.txt 5 1th set: 3 4 28 56 58 72 83 95 115 116 127 136 140 161 162 184 197 224 225 251 280 301 320 331 342 352 , 2th set: 52 252 320 331 342 352 , ;    1th set: 15 64 106 , ;    1th set: 66 88 123 , ;    1th set: 35 38 40 41 42 74 75 76 77 98 99 101 118 141 142 163 164 165 166 185 186 198 199 202 228 289 , ;    1th set: 46 328 339 348 357 365 , ;     
MCS.c880.046.matrix.txt  
MCS.c880.047.matrix.txt  
MCS.c880.048.matrix.txt 3 1th set: 10 78 , ;    1th set: 0 53 103 , ;    1th set: 1 55 104 , ;     
MCS.c880.049.matrix.txt 5 1th set: 5 60 86 121 , 2th set: 7 60 86 121 , ;    1th set: 10 78 , ;    1th set: 15 64 106 , ;    1th set: 18 67 108 , ;    1th set: 66 88 123 , ;     
MCS.c880.050.matrix.txt 4 1th set: 12 80 , ;    1th set: 0 53 103 , ;    1th set: 16 65 107 , ;    1th set: 19 22 23 24 25 26 68 69 70 71 91 92 93 111 125 126 143 144 146 175 176 188 189 201 227 288 , ;     
MCS.c880.051.matrix.txt 6 1th set: 7 60 86 121 , 2th set: 5 60 86 121 , ;    1th set: 12 80 , ;    1th set: 16 65 107 , ;    1th set: 3 57 84 120 , ;    1th set: 18 66 88 123 , ;    1th set: 19 21 22 23 24 26 68 69 70 71 89 91 93 94 110 111 125 126 143 144 145 146 175 176 187 188 201 227 288 , ;     
MCS.c880.052.matrix.txt 4 1th set: 9 51 52 114 140 161 162 174 184 197 225 226 251 252 280 281 301 308 314 320 331 342 352 , 2th set: 28 51 52 72 140 161 162 174 184 197 225 226 251 252 280 281 301 308 314 320 331 342 352 , ;    1th set: 0 53 103 , ;    1th set: 1 82 119 , ;    1th set: 8 61 87 122 , ;     
MCS.c880.053.matrix.txt 4 1th set: 28 31 45 112 134 135 153 154 170 180 193 212 214 238 240 266 267 293 338 347 356 364 372 376 , 2th set: 31 45 112 113 134 135 153 154 170 180 193 212 214 238 240 266 267 293 338 347 356 364 372 376 , ;    1th set: 17 81 , ;    1th set: 13 62 105 , ;    1th set: 5 60 86 121 , ;     
MCS.c880.054.matrix.txt 4 1th set: 15 64 106 , ;    1th set: 66 88 123 , ;    1th set: 35 38 40 41 42 74 75 76 77 98 99 101 118 141 142 163 164 165 166 185 186 198 199 202 228 289 , ;    1th set: 46 328 339 348 357 365 , ;     
MCS.c880.055.matrix.txt 6 1th set: 5 60 86 121 , 2th set: 7 60 86 121 , ;    1th set: 10 78 , ;    1th set: 12 80 , ;    1th set: 15 64 106 , ;    1th set: 18 67 108 , ;    1th set: 66 88 123 , ;     
MCS.c880.056.matrix.txt  
MCS.c880.057.matrix.txt  
MCS.c880.058.matrix.txt 3 1th set: 10 78 , ;    1th set: 0 53 103 , ;    1th set: 1 55 104 , ;     
MCS.c880.059.matrix.txt 6 1th set: 3 4 31 56 58 83 95 113 115 127 134 135 153 154 180 193 212 213 239 266 293 356 364 372 376 , 2th set: 45 347 356 364 372 376 , ;    1th set: 10 78 , ;    1th set: 11 79 , ;    1th set: 13 62 105 , ;    1th set: 15 64 106 , ;    1th set: 46 328 339 348 357 365 , ;     
MCS.c880.060.matrix.txt 5 1th set: 12 80 , ;    1th set: 0 53 103 , ;    1th set: 16 65 107 , ;    1th set: 3 57 84 120 , ;    1th set: 19 22 23 24 25 26 68 69 70 71 91 92 93 111 125 126 143 144 146 175 176 188 189 201 227 288 , ;     
MCS.c880.061.matrix.txt 6 1th set: 5 60 86 121 , 2th set: 7 60 86 121 , ;    1th set: 10 78 , ;    1th set: 12 80 , ;    1th set: 15 64 106 , ;    1th set: 18 67 108 , ;    1th set: 66 88 123 , ;     
MCS.c880.062.matrix.txt 7 1th set: 204 229 230 256 332 333 343 344 351 353 360 361 368 369 373 377 380 , 2th set: 4 27 29 30 32 33 58 73 95 112 113 115 127 128 129 130 131 132 133 147 148 149 150 151 152 177 178 179 190 191 192 203 204 206 209 210 230 232 235 259 286 287 323 324 332 333 344 353 361 369 373 377 380 , ;    1th set: 7 60 86 121 , 2th set: 5 60 86 121 , ;    1th set: 12 80 , ;    1th set: 16 65 107 , ;    1th set: 3 57 84 120 , ;    1th set: 18 66 88 123 , ;    1th set: 19 21 22 23 24 26 68 69 70 71 89 91 93 94 110 111 125 126 143 144 145 146 175 176 187 188 201 227 288 , ;     
MCS.c880.063.matrix.txt 5 1th set: 8 61 87 122 , 2th set: 5 61 87 122 , ;    1th set: 1 55 104 , ;    1th set: 13 62 105 , ;    1th set: 16 65 107 , ;    1th set: 46 328 339 348 357 365 , ;     
MCS.c880.064.matrix.txt 5 1th set: 11 79 , ;    1th set: 15 64 106 , ;    1th set: 66 88 123 , ;    1th set: 35 38 40 41 42 74 75 76 77 98 99 101 118 141 142 163 164 165 166 185 186 198 199 202 228 289 , ;    1th set: 46 328 339 348 357 365 , ;     
MCS.c880.065.matrix.txt 5 1th set: 28 31 45 112 134 135 153 154 170 180 193 212 214 238 240 266 267 293 338 347 356 364 372 376 , 2th set: 31 45 112 113 134 135 153 154 170 180 193 212 214 238 240 266 267 293 338 347 356 364 372 376 , ;    1th set: 10 78 , ;    1th set: 17 81 , ;    1th set: 13 62 105 , ;    1th set: 5 60 86 121 , ;     
MCS.c880.066.matrix.txt  
MCS.c880.067.matrix.txt  
MCS.c880.068.matrix.txt 3 1th set: 10 78 , ;    1th set: 0 53 103 , ;    1th set: 1 55 104 , ;     
MCS.c880.069.matrix.txt 3 1th set: 66 67 88 108 123 , 2th set: 18 66 88 123 , ;    1th set: 1 55 104 , ;    1th set: 13 62 105 , ;     
MCS.c880.070.matrix.txt 6 1th set: 8 61 87 122 , 2th set: 5 61 87 122 , ;    1th set: 0 53 103 , ;    1th set: 1 55 104 , ;    1th set: 13 62 105 , ;    1th set: 16 65 107 , ;    1th set: 46 328 339 348 357 365 , ;     
MCS.c880.071.matrix.txt 4 1th set: 10 78 , ;    1th set: 17 81 , ;    1th set: 13 62 105 , ;    1th set: 5 60 86 121 , ;     
MCS.c880.072.matrix.txt 6 1th set: 54 55 82 104 119 , 2th set: 2 54 82 119 , ;    1th set: 11 79 , ;    1th set: 15 64 106 , ;    1th set: 66 88 123 , ;    1th set: 35 38 40 41 42 74 75 76 77 98 99 101 118 141 142 163 164 165 166 185 186 198 199 202 228 289 , ;    1th set: 46 328 339 348 357 365 , ;     
MCS.c880.073.matrix.txt 7 1th set: 5 60 86 121 , 2th set: 7 60 86 121 , ;    1th set: 10 78 , ;    1th set: 12 80 , ;    1th set: 15 64 106 , ;    1th set: 18 67 108 , ;    1th set: 66 88 123 , ;    1th set: 35 36 37 38 39 40 41 74 75 76 77 96 97 100 101 117 118 141 142 163 164 165 185 186 199 200 202 228 289 , ;     
MCS.c880.074.matrix.txt 4 1th set: 10 78 , ;    1th set: 12 80 , ;    1th set: 0 53 103 , ;    1th set: 1 55 104 , ;     
MCS.c880.075.matrix.txt 4 1th set: 66 67 88 108 123 , 2th set: 18 66 88 123 , ;    1th set: 11 79 , ;    1th set: 1 55 104 , ;    1th set: 13 62 105 , ;     
MCS.c880.076.matrix.txt  
MCS.c880.077.matrix.txt  
MCS.c880.078.matrix.txt 5 1th set: 12 80 , ;    1th set: 16 65 107 , ;    1th set: 3 57 84 120 , ;    1th set: 18 66 88 123 , ;    1th set: 19 21 22 23 24 26 68 69 70 71 89 91 93 94 110 111 125 126 143 144 145 146 175 176 187 188 201 227 288 , ;     
MCS.c880.079.matrix.txt 5 1th set: 9 51 52 114 140 161 162 174 184 197 225 226 251 252 280 281 301 308 314 320 331 342 352 , 2th set: 28 51 52 72 140 161 162 174 184 197 225 226 251 252 280 281 301 308 314 320 331 342 352 , ;    1th set: 0 53 103 , ;    1th set: 1 82 119 , ;    1th set: 8 61 87 122 , ;    1th set: 35 37 38 39 40 41 42 74 75 76 77 96 98 99 100 117 118 141 142 163 164 166 185 186 199 200 202 228 289 , ;     
MCS.c880.080.matrix.txt 5 1th set: 12 80 , ;    1th set: 16 65 107 , ;    1th set: 3 57 84 120 , ;    1th set: 18 66 88 123 , ;    1th set: 19 21 22 23 24 26 68 69 70 71 89 91 93 94 110 111 125 126 143 144 145 146 175 176 187 188 201 227 288 , ;     
MCS.c880.081.matrix.txt 7 1th set: 54 55 82 104 119 , 2th set: 2 54 82 119 , ;    1th set: 11 79 , ;    1th set: 15 64 106 , ;    1th set: 18 67 108 , ;    1th set: 66 88 123 , ;    1th set: 35 38 40 41 42 74 75 76 77 98 99 101 118 141 142 163 164 165 166 185 186 198 199 202 228 289 , ;    1th set: 46 328 339 348 357 365 , ;     
MCS.c880.082.matrix.txt 4 1th set: 66 67 88 108 123 , 2th set: 18 66 88 123 , ;    1th set: 11 79 , ;    1th set: 1 55 104 , ;    1th set: 13 62 105 , ;     
MCS.c880.083.matrix.txt 8 1th set: 5 60 86 121 , 2th set: 7 60 86 121 , ;    1th set: 10 78 , ;    1th set: 12 80 , ;    1th set: 15 64 106 , ;    1th set: 18 67 108 , ;    1th set: 66 88 123 , ;    1th set: 35 36 37 38 39 40 41 74 75 76 77 96 97 100 101 117 118 141 142 163 164 165 185 186 199 200 202 228 289 , ;    1th set: 43 85 109 124 168 208 234 260 261 291 354 362 370 374 378 381 , ;     
MCS.c880.084.matrix.txt 3 1th set: 10 78 , ;    1th set: 12 80 , ;    1th set: 0 53 103 , ;     
MCS.c880.085.matrix.txt 6 1th set: 9 51 52 114 140 161 162 174 184 197 225 226 251 252 280 281 301 308 314 320 331 342 352 , 2th set: 28 51 52 72 140 161 162 174 184 197 225 226 251 252 280 281 301 308 314 320 331 342 352 , ;    1th set: 0 53 103 , ;    1th set: 15 64 106 , ;    1th set: 1 82 119 , ;    1th set: 8 61 87 122 , ;    1th set: 35 37 38 39 40 41 42 74 75 76 77 96 98 99 100 117 118 141 142 163 164 166 185 186 199 200 202 228 289 , ;     
MCS.c880.086.matrix.txt  
MCS.c880.087.matrix.txt  
MCS.c880.088.matrix.txt 5 1th set: 207 232 233 260 261 291 370 374 378 381 , ;    1th set: 12 80 , ;    1th set: 0 53 103 , ;    1th set: 16 65 107 , ;    1th set: 19 22 23 24 25 26 68 69 70 71 91 92 93 111 125 126 143 144 146 175 176 188 189 201 227 288 , ;     
MCS.c880.089.matrix.txt 7 1th set: 28 31 45 112 134 135 153 154 170 180 193 212 214 238 240 266 267 293 338 347 356 364 372 376 , 2th set: 31 45 112 113 134 135 153 154 170 180 193 212 214 238 240 266 267 293 338 347 356 364 372 376 , ;    1th set: 66 67 88 108 123 , 2th set: 18 66 88 123 , ;    1th set: 10 78 , ;    1th set: 17 81 , ;    1th set: 13 62 105 , ;    1th set: 5 60 86 121 , ;    1th set: 44 363 371 375 379 382 , ;     
MCS.c880.090.matrix.txt 4 1th set: 8 61 87 122 , 2th set: 5 61 87 122 , ;    1th set: 10 78 , ;    1th set: 12 80 , ;    1th set: 0 53 103 , ;     
MCS.c880.091.matrix.txt 5 1th set: 66 67 88 108 123 , 2th set: 18 66 88 123 , ;    1th set: 11 79 , ;    1th set: 1 55 104 , ;    1th set: 13 62 105 , ;    1th set: 5 60 86 121 , ;     
MCS.c880.092.matrix.txt 6 1th set: 8 61 87 122 , 2th set: 5 61 87 122 , ;    1th set: 17 81 , ;    1th set: 0 53 103 , ;    1th set: 1 55 104 , ;    1th set: 13 62 105 , ;    1th set: 16 65 107 , ;     
MCS.c880.093.matrix.txt 6 1th set: 2 54 82 119 , 2th set: 1 82 119 , ;    1th set: 12 80 , ;    1th set: 16 65 107 , ;    1th set: 3 57 84 120 , ;    1th set: 18 66 88 123 , ;    1th set: 19 21 22 23 24 26 68 69 70 71 89 91 93 94 110 111 125 126 143 144 145 146 175 176 187 188 201 227 288 , ;     
MCS.c880.094.matrix.txt 8 1th set: 49 330 341 350 359 367 , 2th set: 50 249 341 350 359 367 , ;    1th set: 54 55 82 104 119 , 2th set: 2 54 82 119 , ;    1th set: 11 79 , ;    1th set: 15 64 106 , ;    1th set: 18 67 108 , ;    1th set: 66 88 123 , ;    1th set: 35 38 40 41 42 74 75 76 77 98 99 101 118 141 142 163 164 165 166 185 186 198 199 202 228 289 , ;    1th set: 46 328 339 348 357 365 , ;     
MCS.c880.095.matrix.txt 10 1th set: 3 4 31 56 58 83 95 113 115 127 134 135 153 154 180 193 212 213 239 266 293 356 364 372 376 , 2th set: 45 347 356 364 372 376 , ;    1th set: 136 157 182 195 220 246 340 349 358 366 , 2th set: 47 329 340 349 358 366 , ;    1th set: 10 78 , ;    1th set: 11 79 , ;    1th set: 1 55 104 , ;    1th set: 13 62 105 , ;    1th set: 15 64 106 , ;    1th set: 16 65 107 , ;    1th set: 67 108 , ;    1th set: 46 328 339 348 357 365 , ;     
MCS.c880.096.matrix.txt  
MCS.c880.097.matrix.txt  
MCS.c880.098.matrix.txt 6 1th set: 207 232 233 260 261 291 370 374 378 381 , ;    1th set: 12 80 , ;    1th set: 0 53 103 , ;    1th set: 15 64 106 , ;    1th set: 16 65 107 , ;    1th set: 19 22 23 24 25 26 68 69 70 71 91 92 93 111 125 126 143 144 146 175 176 188 189 201 227 288 , ;     
MCS.c880.099.matrix.txt 6 1th set: 66 67 88 108 123 , 2th set: 18 66 88 123 , ;    1th set: 10 78 , ;    1th set: 17 81 , ;    1th set: 13 62 105 , ;    1th set: 5 60 86 121 , ;    1th set: 44 363 371 375 379 382 , ;     
MCS.c880.100.matrix.txt 10 1th set: 5 60 86 121 , 2th set: 7 60 86 121 , ;    1th set: 10 78 , ;    1th set: 12 80 , ;    1th set: 1 55 104 , ;    1th set: 15 64 106 , ;    1th set: 18 67 108 , ;    1th set: 66 88 123 , ;    1th set: 35 36 37 38 39 40 41 74 75 76 77 96 97 100 101 117 118 141 142 163 164 165 185 186 199 200 202 228 289 , ;    1th set: 43 85 109 124 168 208 234 260 261 291 354 362 370 374 378 381 , ;    1th set: 44 169 211 237 263 264 292 355 363 371 375 379 382 , ;     
MCS.c880.101.matrix.txt 5 1th set: 8 61 87 122 , 2th set: 5 61 87 122 , ;    1th set: 10 78 , ;    1th set: 12 80 , ;    1th set: 0 53 103 , ;    1th set: 15 64 106 , ;     
MCS.c880.102.matrix.txt 8 1th set: 49 330 341 350 359 367 , 2th set: 50 249 341 350 359 367 , ;    1th set: 54 55 82 104 119 , 2th set: 2 54 82 119 , ;    1th set: 11 79 , ;    1th set: 15 64 106 , ;    1th set: 18 67 108 , ;    1th set: 66 88 123 , ;    1th set: 35 38 40 41 42 74 75 76 77 98 99 101 118 141 142 163 164 165 166 185 186 198 199 202 228 289 , ;    1th set: 46 328 339 348 357 365 , ;     
MCS.c880.103.matrix.txt 8 1th set: 9 51 52 114 140 161 162 174 184 197 225 226 251 252 280 281 301 308 314 320 331 342 352 , 2th set: 28 51 52 72 140 161 162 174 184 197 225 226 251 252 280 281 301 308 314 320 331 342 352 , ;    1th set: 0 53 103 , ;    1th set: 13 62 105 , ;    1th set: 15 64 106 , ;    1th set: 16 65 107 , ;    1th set: 1 82 119 , ;    1th set: 8 61 87 122 , ;    1th set: 35 37 38 39 40 41 42 74 75 76 77 96 98 99 100 117 118 141 142 163 164 166 185 186 199 200 202 228 289 , ;     
MCS.c880.104.matrix.txt 7 1th set: 8 61 87 122 , 2th set: 5 61 87 122 , ;    1th set: 17 81 , ;    1th set: 0 53 103 , ;    1th set: 1 55 104 , ;    1th set: 13 62 105 , ;    1th set: 16 65 107 , ;    1th set: 35 36 37 38 40 41 74 75 76 77 96 97 101 117 141 142 163 164 165 166 185 186 198 199 202 228 289 , ;     
MCS.c880.105.matrix.txt 5 1th set: 66 67 88 108 123 , 2th set: 18 66 88 123 , ;    1th set: 11 79 , ;    1th set: 1 55 104 , ;    1th set: 13 62 105 , ;    1th set: 5 60 86 121 , ;     
MCS.c880.106.matrix.txt  
MCS.c880.107.matrix.txt  
MCS.c880.108.matrix.txt 11 1th set: 3 4 31 56 58 83 95 113 115 127 134 135 153 154 180 193 212 213 239 266 293 356 364 372 376 , 2th set: 45 347 356 364 372 376 , ;    1th set: 136 157 182 195 220 246 340 349 358 366 , 2th set: 47 329 340 349 358 366 , ;    1th set: 10 78 , ;    1th set: 11 79 , ;    1th set: 1 55 104 , ;    1th set: 13 62 105 , ;    1th set: 15 64 106 , ;    1th set: 16 65 107 , ;    1th set: 67 108 , ;    1th set: 66 88 123 , ;    1th set: 46 328 339 348 357 365 , ;     
MCS.c880.109.matrix.txt 9 1th set: 207 232 233 260 261 291 370 374 378 381 , ;    1th set: 219 244 245 272 273 297 340 349 358 366 , ;    1th set: 12 80 , ;    1th set: 0 53 103 , ;    1th set: 13 62 105 , ;    1th set: 15 64 106 , ;    1th set: 16 65 107 , ;    1th set: 3 57 84 120 , ;    1th set: 19 22 23 24 25 26 68 69 70 71 91 92 93 111 125 126 143 144 146 175 176 188 189 201 227 288 , ;     
MCS.c880.110.matrix.txt 11 1th set: 5 60 86 121 , 2th set: 7 60 86 121 , ;    1th set: 10 78 , ;    1th set: 12 80 , ;    1th set: 1 55 104 , ;    1th set: 15 64 106 , ;    1th set: 18 67 108 , ;    1th set: 66 88 123 , ;    1th set: 35 36 37 38 39 40 41 74 75 76 77 96 97 100 101 117 118 141 142 163 164 165 185 186 199 200 202 228 289 , ;    1th set: 47 48 172 220 246 272 273 297 318 329 340 349 358 366 , ;    1th set: 43 85 109 124 168 208 234 260 261 291 354 362 370 374 378 381 , ;    1th set: 44 169 211 237 263 264 292 355 363 371 375 379 382 , ;     
MCS.c880.111.matrix.txt 8 1th set: 2 54 82 119 , 2th set: 1 82 119 , ;    1th set: 10 78 , ;    1th set: 12 80 , ;    1th set: 16 65 107 , ;    1th set: 67 108 , ;    1th set: 3 57 84 120 , ;    1th set: 18 66 88 123 , ;    1th set: 19 21 22 23 24 26 68 69 70 71 89 91 93 94 110 111 125 126 143 144 145 146 175 176 187 188 201 227 288 , ;     
MCS.c880.112.matrix.txt 12 1th set: 3 4 31 56 58 83 95 113 115 127 134 135 153 154 180 193 212 213 239 266 293 356 364 372 376 , 2th set: 45 347 356 364 372 376 , ;    1th set: 136 157 182 195 220 246 340 349 358 366 , 2th set: 47 329 340 349 358 366 , ;    1th set: 10 78 , ;    1th set: 11 79 , ;    1th set: 1 55 104 , ;    1th set: 13 62 105 , ;    1th set: 15 64 106 , ;    1th set: 16 65 107 , ;    1th set: 67 108 , ;    1th set: 66 88 123 , ;    1th set: 19 21 23 24 26 68 69 70 71 91 93 94 111 125 126 143 144 145 175 176 188 189 201 227 288 , ;    1th set: 46 328 339 348 357 365 , ;     
MCS.c880.113.matrix.txt 10 1th set: 14 46 58 63 85 95 109 114 115 124 127 137 147 149 155 156 171 177 178 181 190 191 194 204 206 215 217 232 241 243 259 269 270 295 317 324 328 339 343 348 351 357 360 365 368 , 2th set: 4 46 58 85 95 109 114 115 124 127 137 155 156 171 181 194 215 217 241 243 269 270 295 317 328 339 348 357 365 , ;    1th set: 66 67 88 108 123 , 2th set: 18 66 88 123 , ;    1th set: 10 78 , ;    1th set: 12 80 , ;    1th set: 17 81 , ;    1th set: 13 62 105 , ;    1th set: 5 60 86 121 , ;    1th set: 35 36 37 38 39 42 74 75 76 77 96 97 101 117 141 142 164 165 166 185 186 198 200 202 228 289 , ;    1th set: 31 45 112 113 134 135 153 154 170 180 193 212 214 238 240 266 267 293 338 347 356 364 372 376 , ;    1th set: 44 363 371 375 379 382 , ;     
MCS.c880.114.matrix.txt 9 1th set: 9 51 52 114 140 161 162 174 184 197 225 226 251 252 280 281 301 308 314 320 331 342 352 , 2th set: 28 51 52 72 140 161 162 174 184 197 225 226 251 252 280 281 301 308 314 320 331 342 352 , ;    1th set: 17 81 , ;    1th set: 0 53 103 , ;    1th set: 13 62 105 , ;    1th set: 15 64 106 , ;    1th set: 16 65 107 , ;    1th set: 1 82 119 , ;    1th set: 8 61 87 122 , ;    1th set: 35 37 38 39 40 41 42 74 75 76 77 96 98 99 100 117 118 141 142 163 164 166 185 186 199 200 202 228 289 , ;     
MCS.c880.115.matrix.txt 6 1th set: 8 61 87 122 , 2th set: 5 61 87 122 , ;    1th set: 10 78 , ;    1th set: 11 79 , ;    1th set: 12 80 , ;    1th set: 0 53 103 , ;    1th set: 15 64 106 , ;     
MCS.c880.116.matrix.txt  
MCS.c880.117.matrix.txt  
MCS.c880.118.matrix.txt 9 1th set: 49 330 341 350 359 367 , 2th set: 50 249 341 350 359 367 , ;    1th set: 54 55 82 104 119 , 2th set: 2 54 82 119 , ;    1th set: 11 79 , ;    1th set: 15 64 106 , ;    1th set: 18 67 108 , ;    1th set: 66 88 123 , ;    1th set: 20 21 22 23 25 26 68 69 70 71 89 91 92 94 110 111 125 126 143 145 146 175 176 187 189 201 227 288 , ;    1th set: 35 38 40 41 42 74 75 76 77 98 99 101 118 141 142 163 164 165 166 185 186 198 199 202 228 289 , ;    1th set: 46 328 339 348 357 365 , ;     
MCS.c880.119.matrix.txt 10 1th set: 207 232 233 260 261 291 370 374 378 381 , ;    1th set: 219 244 245 272 273 297 340 349 358 366 , ;    1th set: 11 79 , ;    1th set: 12 80 , ;    1th set: 0 53 103 , ;    1th set: 13 62 105 , ;    1th set: 15 64 106 , ;    1th set: 16 65 107 , ;    1th set: 3 57 84 120 , ;    1th set: 19 22 23 24 25 26 68 69 70 71 91 92 93 111 125 126 143 144 146 175 176 188 189 201 227 288 , ;     
MCS.c880.120.matrix.txt 7 1th set: 66 67 88 108 123 , 2th set: 18 66 88 123 , ;    1th set: 11 79 , ;    1th set: 17 81 , ;    1th set: 0 53 103 , ;    1th set: 1 55 104 , ;    1th set: 13 62 105 , ;    1th set: 5 60 86 121 , ;     
MCS.c880.121.matrix.txt 10 1th set: 49 330 341 350 359 367 , 2th set: 50 249 341 350 359 367 , ;    1th set: 54 55 82 104 119 , 2th set: 2 54 82 119 , ;    1th set: 11 79 , ;    1th set: 0 53 103 , ;    1th set: 15 64 106 , ;    1th set: 18 67 108 , ;    1th set: 66 88 123 , ;    1th set: 20 21 22 23 25 26 68 69 70 71 89 91 92 94 110 111 125 126 143 145 146 175 176 187 189 201 227 288 , ;    1th set: 35 38 40 41 42 74 75 76 77 98 99 101 118 141 142 163 164 165 166 185 186 198 199 202 228 289 , ;    1th set: 46 328 339 348 357 365 , ;     
MCS.c880.122.matrix.txt 13 1th set: 3 4 31 56 58 83 95 113 115 127 134 135 153 154 180 193 212 213 239 266 293 356 364 372 376 , 2th set: 45 347 356 364 372 376 , ;    1th set: 136 157 182 195 220 246 340 349 358 366 , 2th set: 47 329 340 349 358 366 , ;    1th set: 10 78 , ;    1th set: 11 79 , ;    1th set: 1 55 104 , ;    1th set: 13 62 105 , ;    1th set: 15 64 106 , ;    1th set: 16 65 107 , ;    1th set: 67 108 , ;    1th set: 66 88 123 , ;    1th set: 19 21 23 24 26 68 69 70 71 91 93 94 111 125 126 143 144 145 175 176 188 189 201 227 288 , ;    1th set: 46 328 339 348 357 365 , ;    1th set: 43 362 370 374 378 381 , ;     
MCS.c880.123.matrix.txt 9 1th set: 8 61 87 122 , 2th set: 5 61 87 122 , ;    1th set: 17 81 , ;    1th set: 0 53 103 , ;    1th set: 1 55 104 , ;    1th set: 13 62 105 , ;    1th set: 15 64 106 , ;    1th set: 16 65 107 , ;    1th set: 35 36 37 38 40 41 74 75 76 77 96 97 101 117 141 142 163 164 165 166 185 186 198 199 202 228 289 , ;    1th set: 50 249 341 350 359 367 , ;     
MCS.c880.124.matrix.txt 10 1th set: 207 232 233 260 261 291 370 374 378 381 , ;    1th set: 219 244 245 272 273 297 340 349 358 366 , ;    1th set: 11 79 , ;    1th set: 12 80 , ;    1th set: 0 53 103 , ;    1th set: 13 62 105 , ;    1th set: 15 64 106 , ;    1th set: 16 65 107 , ;    1th set: 3 57 84 120 , ;    1th set: 19 22 23 24 25 26 68 69 70 71 91 92 93 111 125 126 143 144 146 175 176 188 189 201 227 288 , ;     
MCS.c880.125.matrix.txt 10 1th set: 28 72 102 361 369 373 377 380 , 2th set: 46 85 109 114 124 137 147 155 156 171 177 181 190 194 205 215 217 231 241 243 269 270 295 317 328 339 348 357 365 369 373 377 380 , 3th set: 4 46 58 85 95 109 114 115 124 127 137 155 156 171 181 194 215 217 241 243 269 270 295 317 328 339 348 357 365 , ;    1th set: 66 67 88 108 123 , 2th set: 18 66 88 123 , ;    1th set: 10 78 , ;    1th set: 12 80 , ;    1th set: 17 81 , ;    1th set: 13 62 105 , ;    1th set: 5 60 86 121 , ;    1th set: 35 36 37 38 39 42 74 75 76 77 96 97 101 117 141 142 164 165 166 185 186 198 200 202 228 289 , ;    1th set: 31 45 112 113 134 135 153 154 170 180 193 212 214 238 240 266 267 293 338 347 356 364 372 376 , ;    1th set: 44 363 371 375 379 382 , ;     
MCS.c880.126.matrix.txt  
MCS.c880.127.matrix.txt  
MCS.c880.128.matrix.txt 6 1th set: 7 60 86 121 , 2th set: 5 60 86 121 , 3th set: 5 61 87 122 , 4th set: 8 61 87 122 , ;    1th set: 10 78 , ;    1th set: 11 79 , ;    1th set: 12 80 , ;    1th set: 0 53 103 , ;    1th set: 15 64 106 , ;     
MCS.c880.129.matrix.txt 9 1th set: 2 54 82 119 , 2th set: 1 82 119 , ;    1th set: 10 78 , ;    1th set: 12 80 , ;    1th set: 16 65 107 , ;    1th set: 67 108 , ;    1th set: 3 57 84 120 , ;    1th set: 18 66 88 123 , ;    1th set: 19 21 22 23 24 26 68 69 70 71 89 91 93 94 110 111 125 126 143 144 145 146 175 176 187 188 201 227 288 , ;    1th set: 35 37 38 39 40 41 42 74 75 76 77 96 98 99 100 117 118 141 142 163 164 165 166 185 186 198 199 202 228 289 , ;     
MCS.c880.130.matrix.txt 9 1th set: 49 330 341 350 359 367 , 2th set: 136 159 183 196 223 249 341 350 359 367 , 3th set: 136 157 182 195 220 246 340 349 358 366 , 4th set: 47 329 340 349 358 366 , ;    1th set: 2 54 82 119 , 2th set: 1 82 119 , ;    1th set: 10 78 , ;    1th set: 11 79 , ;    1th set: 17 81 , ;    1th set: 15 64 106 , ;    1th set: 66 88 123 , ;    1th set: 19 20 21 22 23 25 26 68 69 70 71 89 90 92 94 110 111 125 126 143 144 145 175 176 188 189 201 227 288 , ;    1th set: 36 37 39 40 41 74 75 76 77 98 100 101 118 141 142 163 164 165 185 186 199 200 202 228 289 , ;     
MCS.c880.131.matrix.txt 9 1th set: 216 241 242 269 270 295 339 348 357 365 , 2th set: 215 216 217 242 243 269 295 339 348 357 365 , ;    1th set: 66 67 88 108 123 , 2th set: 18 66 88 123 , ;    1th set: 11 79 , ;    1th set: 17 81 , ;    1th set: 0 53 103 , ;    1th set: 1 55 104 , ;    1th set: 13 62 105 , ;    1th set: 5 60 86 121 , ;    1th set: 35 37 38 39 40 41 42 74 75 76 77 96 98 99 100 117 118 141 142 163 165 166 185 186 198 200 202 228 289 , ;     
MCS.c880.132.matrix.txt 11 1th set: 28 72 102 361 369 373 377 380 , 2th set: 46 85 109 114 124 137 147 155 156 171 177 181 190 194 205 215 217 231 241 243 269 270 295 317 328 339 348 357 365 369 373 377 380 , 3th set: 4 46 58 85 95 109 114 115 124 127 137 155 156 171 181 194 215 217 241 243 269 270 295 317 328 339 348 357 365 , ;    1th set: 66 67 88 108 123 , 2th set: 18 66 88 123 , ;    1th set: 10 78 , ;    1th set: 12 80 , ;    1th set: 17 81 , ;    1th set: 13 62 105 , ;    1th set: 3 57 84 120 , ;    1th set: 5 60 86 121 , ;    1th set: 35 36 37 38 39 42 74 75 76 77 96 97 101 117 141 142 164 165 166 185 186 198 200 202 228 289 , ;    1th set: 31 45 112 113 134 135 153 154 170 180 193 212 214 238 240 266 267 293 338 347 356 364 372 376 , ;    1th set: 44 363 371 375 379 382 , ;     
MCS.c880.133.matrix.txt 7 1th set: 1 55 104 , 2th set: 1 82 119 , 3th set: 2 54 82 119 , ;    1th set: 5 60 86 121 , 2th set: 5 61 87 122 , 3th set: 8 61 87 122 , ;    1th set: 10 78 , ;    1th set: 11 79 , ;    1th set: 12 80 , ;    1th set: 0 53 103 , ;    1th set: 15 64 106 , ;     
MCS.c880.134.matrix.txt 12 1th set: 3 4 31 56 58 83 95 113 115 127 134 135 153 154 180 193 212 213 239 266 293 356 364 372 376 , 2th set: 45 347 356 364 372 376 , ;    1th set: 136 157 182 195 220 246 340 349 358 366 , 2th set: 47 329 340 349 358 366 , ;    1th set: 10 78 , ;    1th set: 11 79 , ;    1th set: 13 62 105 , ;    1th set: 15 64 106 , ;    1th set: 16 65 107 , ;    1th set: 67 108 , ;    1th set: 66 88 123 , ;    1th set: 19 21 23 24 26 68 69 70 71 91 93 94 111 125 126 143 144 145 175 176 188 189 201 227 288 , ;    1th set: 46 328 339 348 357 365 , ;    1th set: 43 362 370 374 378 381 , ;     
MCS.c880.135.matrix.txt 10 1th set: 5 61 87 122 , 2th set: 5 60 86 121 , 3th set: 7 60 86 121 , ;    1th set: 10 78 , ;    1th set: 12 80 , ;    1th set: 1 55 104 , ;    1th set: 15 64 106 , ;    1th set: 18 67 108 , ;    1th set: 66 88 123 , ;    1th set: 35 36 37 38 39 40 41 74 75 76 77 96 97 100 101 117 118 141 142 163 164 165 185 186 199 200 202 228 289 , ;    1th set: 47 48 172 220 246 272 273 297 318 329 340 349 358 366 , ;    1th set: 44 169 211 237 263 264 292 355 363 371 375 379 382 , ;     
MCS.c880.136.matrix.txt  
MCS.c880.137.matrix.txt  
MCS.c880.138.matrix.txt 10 1th set: 28 51 52 72 140 161 162 174 184 197 225 226 251 252 280 281 301 308 314 320 331 342 352 , 2th set: 28 46 72 137 155 156 171 181 194 216 217 242 243 269 270 295 317 328 339 348 357 365 , 3th set: 9 46 114 137 155 156 171 181 194 216 217 242 243 269 270 295 317 328 339 348 357 365 , ;    1th set: 17 81 , ;    1th set: 0 53 103 , ;    1th set: 13 62 105 , ;    1th set: 15 64 106 , ;    1th set: 16 65 107 , ;    1th set: 1 82 119 , ;    1th set: 8 61 87 122 , ;    1th set: 66 88 123 , ;    1th set: 35 37 38 39 40 41 42 74 75 76 77 96 98 99 100 117 118 141 142 163 164 166 185 186 199 200 202 228 289 , ;     
MCS.c880.139.matrix.txt 9 1th set: 2 54 82 119 , 2th set: 1 82 119 , ;    1th set: 10 78 , ;    1th set: 12 80 , ;    1th set: 16 65 107 , ;    1th set: 67 108 , ;    1th set: 3 57 84 120 , ;    1th set: 18 66 88 123 , ;    1th set: 19 21 22 23 24 26 68 69 70 71 89 91 93 94 110 111 125 126 143 144 145 146 175 176 187 188 201 227 288 , ;    1th set: 35 37 38 39 40 41 42 74 75 76 77 96 98 99 100 117 118 141 142 163 164 165 166 185 186 198 199 202 228 289 , ;     
MCS.c880.140.matrix.txt 11 1th set: 224 225 226 251 252 278 279 300 308 314 320 331 342 352 , ;    1th set: 8 61 87 122 , 2th set: 5 61 87 122 , ;    1th set: 12 80 , ;    1th set: 17 81 , ;    1th set: 0 53 103 , ;    1th set: 1 55 104 , ;    1th set: 13 62 105 , ;    1th set: 15 64 106 , ;    1th set: 16 65 107 , ;    1th set: 35 36 37 38 40 41 74 75 76 77 96 97 101 117 141 142 163 164 165 166 185 186 198 199 202 228 289 , ;    1th set: 50 249 341 350 359 367 , ;     
MCS.c880.141.matrix.txt 11 1th set: 49 330 341 350 359 367 , 2th set: 50 249 341 350 359 367 , ;    1th set: 54 55 82 104 119 , 2th set: 2 54 82 119 , ;    1th set: 11 79 , ;    1th set: 12 80 , ;    1th set: 0 53 103 , ;    1th set: 15 64 106 , ;    1th set: 18 67 108 , ;    1th set: 66 88 123 , ;    1th set: 20 21 22 23 25 26 68 69 70 71 89 91 92 94 110 111 125 126 143 145 146 175 176 187 189 201 227 288 , ;    1th set: 35 38 40 41 42 74 75 76 77 98 99 101 118 141 142 163 164 165 166 185 186 198 199 202 228 289 , ;    1th set: 46 328 339 348 357 365 , ;     
MCS.c880.142.matrix.txt 10 1th set: 49 330 341 350 359 367 , 2th set: 136 159 183 196 223 249 341 350 359 367 , 3th set: 136 157 182 195 220 246 340 349 358 366 , 4th set: 47 329 340 349 358 366 , ;    1th set: 2 54 82 119 , 2th set: 1 82 119 , ;    1th set: 10 78 , ;    1th set: 11 79 , ;    1th set: 12 80 , ;    1th set: 17 81 , ;    1th set: 15 64 106 , ;    1th set: 66 88 123 , ;    1th set: 19 20 21 22 23 25 26 68 69 70 71 89 90 92 94 110 111 125 126 143 144 145 175 176 188 189 201 227 288 , ;    1th set: 36 37 39 40 41 74 75 76 77 98 100 101 118 141 142 163 164 165 185 186 199 200 202 228 289 , ;     
MCS.c880.143.matrix.txt 11 1th set: 28 51 52 72 140 161 162 174 184 197 225 226 251 252 280 281 301 308 314 320 331 342 352 , 2th set: 28 46 72 137 155 156 171 181 194 216 217 242 243 269 270 295 317 328 339 348 357 365 , 3th set: 9 46 114 137 155 156 171 181 194 216 217 242 243 269 270 295 317 328 339 348 357 365 , ;    1th set: 17 81 , ;    1th set: 0 53 103 , ;    1th set: 13 62 105 , ;    1th set: 15 64 106 , ;    1th set: 16 65 107 , ;    1th set: 1 82 119 , ;    1th set: 8 61 87 122 , ;    1th set: 66 88 123 , ;    1th set: 19 20 21 24 26 68 69 70 71 90 91 94 110 125 126 143 144 145 146 175 176 187 188 201 227 288 , ;    1th set: 35 37 38 39 40 41 42 74 75 76 77 96 98 99 100 117 118 141 142 163 164 166 185 186 199 200 202 228 289 , ;     
MCS.c880.144.matrix.txt 8 1th set: 1 55 104 , 2th set: 1 82 119 , 3th set: 2 54 82 119 , ;    1th set: 5 60 86 121 , 2th set: 5 61 87 122 , 3th set: 8 61 87 122 , ;    1th set: 10 78 , ;    1th set: 11 79 , ;    1th set: 12 80 , ;    1th set: 0 53 103 , ;    1th set: 15 64 106 , ;    1th set: 35 36 38 39 41 42 74 75 76 77 97 98 99 101 117 118 141 142 163 164 165 166 185 186 198 199 202 228 289 , ;     
MCS.c880.145.matrix.txt 13 1th set: 3 4 31 56 58 83 95 113 115 127 134 135 153 154 180 193 212 213 239 266 293 356 364 372 376 , 2th set: 45 347 356 364 372 376 , ;    1th set: 136 157 182 195 220 246 340 349 358 366 , 2th set: 47 329 340 349 358 366 , ;    1th set: 8 61 87 122 , 2th set: 5 61 87 122 , ;    1th set: 10 78 , ;    1th set: 11 79 , ;    1th set: 13 62 105 , ;    1th set: 15 64 106 , ;    1th set: 16 65 107 , ;    1th set: 67 108 , ;    1th set: 66 88 123 , ;    1th set: 19 21 23 24 26 68 69 70 71 91 93 94 111 125 126 143 144 145 175 176 188 189 201 227 288 , ;    1th set: 46 328 339 348 357 365 , ;    1th set: 43 362 370 374 378 381 , ;     
MCS.c880.146.matrix.txt  
MCS.c880.147.matrix.txt  
MCS.c880.148.matrix.txt 12 1th set: 28 72 102 361 369 373 377 380 , 2th set: 46 85 109 114 124 137 147 155 156 171 177 181 190 194 205 215 217 231 241 243 269 270 295 317 328 339 348 357 365 369 373 377 380 , 3th set: 4 46 58 85 95 109 114 115 124 127 137 155 156 171 181 194 215 217 241 243 269 270 295 317 328 339 348 357 365 , ;    1th set: 66 67 88 108 123 , 2th set: 18 66 88 123 , ;    1th set: 10 78 , ;    1th set: 11 79 , ;    1th set: 12 80 , ;    1th set: 17 81 , ;    1th set: 13 62 105 , ;    1th set: 3 57 84 120 , ;    1th set: 5 60 86 121 , ;    1th set: 35 36 37 38 39 42 74 75 76 77 96 97 101 117 141 142 164 165 166 185 186 198 200 202 228 289 , ;    1th set: 31 45 112 113 134 135 153 154 170 180 193 212 214 238 240 266 267 293 338 347 356 364 372 376 , ;    1th set: 44 363 371 375 379 382 , ;     
MCS.c880.149.matrix.txt 10 1th set: 2 54 82 119 , 2th set: 1 82 119 , ;    1th set: 10 78 , ;    1th set: 12 80 , ;    1th set: 17 81 , ;    1th set: 16 65 107 , ;    1th set: 67 108 , ;    1th set: 3 57 84 120 , ;    1th set: 18 66 88 123 , ;    1th set: 19 21 22 23 24 26 68 69 70 71 89 91 93 94 110 111 125 126 143 144 145 146 175 176 187 188 201 227 288 , ;    1th set: 35 37 38 39 40 41 42 74 75 76 77 96 98 99 100 117 118 141 142 163 164 165 166 185 186 198 199 202 228 289 , ;     
MCS.c880.150.matrix.txt 9 1th set: 49 330 341 350 359 367 , 2th set: 136 159 183 196 223 249 341 350 359 367 , 3th set: 136 157 182 195 220 246 340 349 358 366 , 4th set: 47 329 340 349 358 366 , ;    1th set: 10 78 , ;    1th set: 11 79 , ;    1th set: 12 80 , ;    1th set: 17 81 , ;    1th set: 15 64 106 , ;    1th set: 66 88 123 , ;    1th set: 19 20 21 22 23 25 26 68 69 70 71 89 90 92 94 110 111 125 126 143 144 145 175 176 188 189 201 227 288 , ;    1th set: 36 37 39 40 41 74 75 76 77 98 100 101 118 141 142 163 164 165 185 186 199 200 202 228 289 , ;     
MCS.c880.151.matrix.txt 10 1th set: 17 81 , ;    1th set: 0 53 103 , ;    1th set: 13 62 105 , ;    1th set: 15 64 106 , ;    1th set: 16 65 107 , ;    1th set: 1 82 119 , ;    1th set: 8 61 87 122 , ;    1th set: 66 88 123 , ;    1th set: 19 20 21 24 26 68 69 70 71 90 91 94 110 125 126 143 144 145 146 175 176 187 188 201 227 288 , ;    1th set: 35 37 38 39 40 41 42 74 75 76 77 96 98 99 100 117 118 141 142 163 164 166 185 186 199 200 202 228 289 , ;     
MCS.c880.152.matrix.txt 13 1th set: 28 72 102 361 369 373 377 380 , 2th set: 46 85 109 114 124 137 147 155 156 171 177 181 190 194 205 215 217 231 241 243 269 270 295 317 328 339 348 357 365 369 373 377 380 , 3th set: 4 46 58 85 95 109 114 115 124 127 137 155 156 171 181 194 215 217 241 243 269 270 295 317 328 339 348 357 365 , ;    1th set: 66 67 88 108 123 , 2th set: 18 66 88 123 , ;    1th set: 10 78 , ;    1th set: 11 79 , ;    1th set: 12 80 , ;    1th set: 17 81 , ;    1th set: 13 62 105 , ;    1th set: 15 64 106 , ;    1th set: 3 57 84 120 , ;    1th set: 5 60 86 121 , ;    1th set: 35 36 37 38 39 42 74 75 76 77 96 97 101 117 141 142 164 165 166 185 186 198 200 202 228 289 , ;    1th set: 31 45 112 113 134 135 153 154 170 180 193 212 214 238 240 266 267 293 338 347 356 364 372 376 , ;    1th set: 44 363 371 375 379 382 , ;     
MCS.c880.153.matrix.txt 10 1th set: 216 241 242 269 270 295 339 348 357 365 , 2th set: 215 216 217 242 243 269 295 339 348 357 365 , ;    1th set: 5 60 86 121 , 2th set: 5 61 87 122 , 3th set: 8 61 87 122 , ;    1th set: 66 67 88 108 123 , 2th set: 18 66 88 123 , ;    1th set: 11 79 , ;    1th set: 17 81 , ;    1th set: 0 53 103 , ;    1th set: 1 55 104 , ;    1th set: 13 62 105 , ;    1th set: 19 22 23 24 25 26 68 69 70 71 91 92 93 111 125 126 143 144 146 175 176 188 189 201 227 288 , ;    1th set: 35 37 38 39 40 41 42 74 75 76 77 96 98 99 100 117 118 141 142 163 165 166 185 186 198 200 202 228 289 , ;     
MCS.c880.154.matrix.txt 12 1th set: 49 330 341 350 359 367 , 2th set: 50 249 341 350 359 367 , ;    1th set: 54 55 82 104 119 , 2th set: 2 54 82 119 , ;    1th set: 10 78 , ;    1th set: 11 79 , ;    1th set: 12 80 , ;    1th set: 0 53 103 , ;    1th set: 15 64 106 , ;    1th set: 18 67 108 , ;    1th set: 66 88 123 , ;    1th set: 20 21 22 23 25 26 68 69 70 71 89 91 92 94 110 111 125 126 143 145 146 175 176 187 189 201 227 288 , ;    1th set: 35 38 40 41 42 74 75 76 77 98 99 101 118 141 142 163 164 165 166 185 186 198 199 202 228 289 , ;    1th set: 46 328 339 348 357 365 , ;     
MCS.c880.155.matrix.txt 11 1th set: 2 54 82 119 , 2th set: 1 82 119 , ;    1th set: 10 78 , ;    1th set: 12 80 , ;    1th set: 17 81 , ;    1th set: 0 53 103 , ;    1th set: 16 65 107 , ;    1th set: 67 108 , ;    1th set: 3 57 84 120 , ;    1th set: 18 66 88 123 , ;    1th set: 19 21 22 23 24 26 68 69 70 71 89 91 93 94 110 111 125 126 143 144 145 146 175 176 187 188 201 227 288 , ;    1th set: 35 37 38 39 40 41 42 74 75 76 77 96 98 99 100 117 118 141 142 163 164 165 166 185 186 198 199 202 228 289 , ;     
MCS.c880.156.matrix.txt  
MCS.c880.157.matrix.txt  
MCS.c880.158.matrix.txt 13 1th set: 10 78 , ;    1th set: 11 79 , ;    1th set: 12 80 , ;    1th set: 1 55 104 , ;    1th set: 15 64 106 , ;    1th set: 18 67 108 , ;    1th set: 7 60 86 121 , ;    1th set: 5 61 87 122 , ;    1th set: 66 88 123 , ;    1th set: 19 21 22 23 25 26 68 69 70 71 89 91 92 94 110 111 125 126 143 145 175 176 189 227 288 , ;    1th set: 35 36 37 38 39 40 41 74 75 76 77 96 97 100 101 117 118 141 142 163 164 165 185 186 199 200 202 228 289 , ;    1th set: 47 48 172 220 246 272 273 297 318 329 340 349 358 366 , ;    1th set: 44 169 211 237 263 264 292 355 363 371 375 379 382 , ;     
MCS.c880.159.matrix.txt 12 1th set: 224 225 226 251 252 278 279 300 308 314 320 331 342 352 , ;    1th set: 8 61 87 122 , 2th set: 5 61 87 122 , ;    1th set: 11 79 , ;    1th set: 12 80 , ;    1th set: 17 81 , ;    1th set: 0 53 103 , ;    1th set: 1 55 104 , ;    1th set: 13 62 105 , ;    1th set: 15 64 106 , ;    1th set: 16 65 107 , ;    1th set: 35 36 37 38 40 41 74 75 76 77 96 97 101 117 141 142 163 164 165 166 185 186 198 199 202 228 289 , ;    1th set: 50 249 341 350 359 367 , ;     
MCS.c880.160.matrix.txt 11 1th set: 10 78 , ;    1th set: 17 81 , ;    1th set: 0 53 103 , ;    1th set: 13 62 105 , ;    1th set: 15 64 106 , ;    1th set: 16 65 107 , ;    1th set: 1 82 119 , ;    1th set: 8 61 87 122 , ;    1th set: 66 88 123 , ;    1th set: 19 20 21 24 26 68 69 70 71 90 91 94 110 125 126 143 144 145 146 175 176 187 188 201 227 288 , ;    1th set: 35 37 38 39 40 41 42 74 75 76 77 96 98 99 100 117 118 141 142 163 164 166 185 186 199 200 202 228 289 , ;     
MCS.c880.161.matrix.txt 12 1th set: 224 225 226 251 252 278 279 300 308 314 320 331 342 352 , ;    1th set: 5 60 86 121 , 2th set: 5 61 87 122 , 3th set: 8 61 87 122 , ;    1th set: 11 79 , ;    1th set: 12 80 , ;    1th set: 17 81 , ;    1th set: 0 53 103 , ;    1th set: 1 55 104 , ;    1th set: 13 62 105 , ;    1th set: 15 64 106 , ;    1th set: 16 65 107 , ;    1th set: 35 36 37 38 40 41 74 75 76 77 96 97 101 117 141 142 163 164 165 166 185 186 198 199 202 228 289 , ;    1th set: 50 249 341 350 359 367 , ;     
MCS.c880.162.matrix.txt 14 1th set: 3 4 31 56 58 83 95 113 115 127 134 135 153 154 180 193 212 213 239 266 293 356 364 372 376 , 2th set: 45 347 356 364 372 376 , ;    1th set: 218 219 220 245 246 272 297 340 349 358 366 , 2th set: 47 329 340 349 358 366 , ;    1th set: 8 61 87 122 , 2th set: 5 61 87 122 , ;    1th set: 10 78 , ;    1th set: 11 79 , ;    1th set: 13 62 105 , ;    1th set: 15 64 106 , ;    1th set: 16 65 107 , ;    1th set: 67 108 , ;    1th set: 66 88 123 , ;    1th set: 19 21 23 24 26 68 69 70 71 91 93 94 111 125 126 143 144 145 175 176 188 189 201 227 288 , ;    1th set: 46 328 339 348 357 365 , ;    1th set: 43 362 370 374 378 381 , ;    1th set: 44 363 371 375 379 382 , ;     
MCS.c880.163.matrix.txt 14 1th set: 10 78 , ;    1th set: 11 79 , ;    1th set: 12 80 , ;    1th set: 1 55 104 , ;    1th set: 15 64 106 , ;    1th set: 18 67 108 , ;    1th set: 7 60 86 121 , ;    1th set: 5 61 87 122 , ;    1th set: 66 88 123 , ;    1th set: 19 21 22 23 25 26 68 69 70 71 89 91 92 94 110 111 125 126 143 145 175 176 189 227 288 , ;    1th set: 35 36 37 38 39 40 41 74 75 76 77 96 97 100 101 117 118 141 142 163 164 165 185 186 199 200 202 228 289 , ;    1th set: 47 48 172 220 246 272 273 297 318 329 340 349 358 366 , ;    1th set: 102 167 205 231 257 258 290 353 361 369 373 377 380 , ;    1th set: 44 169 211 237 263 264 292 355 363 371 375 379 382 , ;     
MCS.c880.164.matrix.txt 12 1th set: 2 54 82 119 , 2th set: 1 82 119 , ;    1th set: 10 78 , ;    1th set: 12 80 , ;    1th set: 17 81 , ;    1th set: 0 53 103 , ;    1th set: 15 64 106 , ;    1th set: 16 65 107 , ;    1th set: 67 108 , ;    1th set: 3 57 84 120 , ;    1th set: 18 66 88 123 , ;    1th set: 19 21 22 23 24 26 68 69 70 71 89 91 93 94 110 111 125 126 143 144 145 146 175 176 187 188 201 227 288 , ;    1th set: 35 37 38 39 40 41 42 74 75 76 77 96 98 99 100 117 118 141 142 163 164 165 166 185 186 198 199 202 228 289 , ;     
MCS.c880.165.matrix.txt 12 1th set: 49 330 341 350 359 367 , 2th set: 50 249 341 350 359 367 , ;    1th set: 54 55 82 104 119 , 2th set: 2 54 82 119 , ;    1th set: 10 78 , ;    1th set: 11 79 , ;    1th set: 12 80 , ;    1th set: 0 53 103 , ;    1th set: 15 64 106 , ;    1th set: 18 67 108 , ;    1th set: 66 88 123 , ;    1th set: 20 21 22 23 25 26 68 69 70 71 89 91 92 94 110 111 125 126 143 145 146 175 176 187 189 201 227 288 , ;    1th set: 35 38 40 41 42 74 75 76 77 98 99 101 118 141 142 163 164 165 166 185 186 198 199 202 228 289 , ;    1th set: 46 328 339 348 357 365 , ;     
MCS.c880.166.matrix.txt  
MCS.c880.167.matrix.txt  
MCS.c880.168.matrix.txt 10 1th set: 1 55 104 , 2th set: 1 82 119 , 3th set: 2 54 82 119 , ;    1th set: 5 60 86 121 , 2th set: 5 61 87 122 , 3th set: 8 61 87 122 , ;    1th set: 10 78 , ;    1th set: 11 79 , ;    1th set: 12 80 , ;    1th set: 17 81 , ;    1th set: 0 53 103 , ;    1th set: 13 62 105 , ;    1th set: 15 64 106 , ;    1th set: 35 36 38 39 41 42 74 75 76 77 97 98 99 101 117 118 141 142 163 164 165 166 185 186 198 199 202 228 289 , ;     
MCS.c880.169.matrix.txt 10 1th set: 216 241 242 269 270 295 339 348 357 365 , 2th set: 215 216 217 242 243 269 295 339 348 357 365 , ;    1th set: 5 60 86 121 , 2th set: 5 61 87 122 , 3th set: 8 61 87 122 , ;    1th set: 66 67 88 108 123 , 2th set: 18 66 88 123 , ;    1th set: 11 79 , ;    1th set: 17 81 , ;    1th set: 0 53 103 , ;    1th set: 1 55 104 , ;    1th set: 13 62 105 , ;    1th set: 19 22 23 24 25 26 68 69 70 71 91 92 93 111 125 126 143 144 146 175 176 188 189 201 227 288 , ;    1th set: 35 37 38 39 40 41 42 74 75 76 77 96 98 99 100 117 118 141 142 163 165 166 185 186 198 200 202 228 289 , ;     
MCS.c880.170.matrix.txt 13 1th set: 224 225 226 251 252 278 279 300 308 314 320 331 342 352 , ;    1th set: 5 60 86 121 , 2th set: 5 61 87 122 , 3th set: 8 61 87 122 , ;    1th set: 10 78 , ;    1th set: 11 79 , ;    1th set: 12 80 , ;    1th set: 17 81 , ;    1th set: 0 53 103 , ;    1th set: 1 55 104 , ;    1th set: 13 62 105 , ;    1th set: 15 64 106 , ;    1th set: 16 65 107 , ;    1th set: 35 36 37 38 40 41 74 75 76 77 96 97 101 117 141 142 163 164 165 166 185 186 198 199 202 228 289 , ;    1th set: 50 249 341 350 359 367 , ;     
MCS.c880.171.matrix.txt 11 1th set: 10 78 , ;    1th set: 17 81 , ;    1th set: 0 53 103 , ;    1th set: 13 62 105 , ;    1th set: 15 64 106 , ;    1th set: 16 65 107 , ;    1th set: 1 82 119 , ;    1th set: 8 61 87 122 , ;    1th set: 66 88 123 , ;    1th set: 19 20 21 24 26 68 69 70 71 90 91 94 110 125 126 143 144 145 146 175 176 187 188 201 227 288 , ;    1th set: 35 37 38 39 40 41 42 74 75 76 77 96 98 99 100 117 118 141 142 163 164 166 185 186 199 200 202 228 289 , ;     
MCS.c880.172.matrix.txt 11 1th set: 216 241 242 269 270 295 339 348 357 365 , 2th set: 215 216 217 242 243 269 295 339 348 357 365 , ;    1th set: 5 60 86 121 , 2th set: 5 61 87 122 , 3th set: 8 61 87 122 , ;    1th set: 66 67 88 108 123 , 2th set: 18 66 88 123 , ;    1th set: 11 79 , ;    1th set: 17 81 , ;    1th set: 0 53 103 , ;    1th set: 1 55 104 , ;    1th set: 13 62 105 , ;    1th set: 19 22 23 24 25 26 68 69 70 71 91 92 93 111 125 126 143 144 146 175 176 188 189 201 227 288 , ;    1th set: 35 37 38 39 40 41 42 74 75 76 77 96 98 99 100 117 118 141 142 163 165 166 185 186 198 200 202 228 289 , ;    1th set: 52 252 320 331 342 352 , ;     
MCS.c880.173.matrix.txt 11 1th set: 49 330 341 350 359 367 , 2th set: 136 159 183 196 223 249 341 350 359 367 , 3th set: 136 157 182 195 220 246 340 349 358 366 , 4th set: 47 329 340 349 358 366 , ;    1th set: 10 78 , ;    1th set: 11 79 , ;    1th set: 12 80 , ;    1th set: 17 81 , ;    1th set: 0 53 103 , ;    1th set: 15 64 106 , ;    1th set: 16 65 107 , ;    1th set: 66 88 123 , ;    1th set: 19 20 21 22 23 25 26 68 69 70 71 89 90 92 94 110 111 125 126 143 144 145 175 176 188 189 201 227 288 , ;    1th set: 36 37 39 40 41 74 75 76 77 98 100 101 118 141 142 163 164 165 185 186 199 200 202 228 289 , ;     
MCS.c880.174.matrix.txt 15 1th set: 43 362 370 374 378 381 , 2th set: 46 85 109 114 124 137 149 155 156 171 178 181 191 194 208 215 217 234 241 243 269 270 295 317 328 339 348 357 365 370 374 378 381 , 3th set: 4 46 58 85 95 109 114 115 124 127 137 155 156 171 181 194 215 217 241 243 269 270 295 317 328 339 348 357 365 , ;    1th set: 66 67 88 108 123 , 2th set: 18 66 88 123 , ;    1th set: 10 78 , ;    1th set: 11 79 , ;    1th set: 12 80 , ;    1th set: 17 81 , ;    1th set: 0 53 103 , ;    1th set: 13 62 105 , ;    1th set: 15 64 106 , ;    1th set: 3 57 84 120 , ;    1th set: 5 60 86 121 , ;    1th set: 35 36 37 38 39 42 74 75 76 77 96 97 101 117 141 142 164 165 166 185 186 198 200 202 228 289 , ;    1th set: 31 45 112 113 134 135 153 154 170 180 193 212 214 238 240 266 267 293 338 347 356 364 372 376 , ;    1th set: 28 72 102 361 369 373 377 380 , ;    1th set: 44 363 371 375 379 382 , ;     
MCS.c880.175.matrix.txt 14 1th set: 7 60 86 121 , 2th set: 5 60 86 121 , 3th set: 5 61 87 122 , 4th set: 8 61 87 122 , ;    1th set: 3 4 31 56 58 83 95 113 115 127 134 135 153 154 180 193 212 213 239 266 293 356 364 372 376 , 2th set: 45 347 356 364 372 376 , ;    1th set: 218 219 220 245 246 272 297 340 349 358 366 , 2th set: 47 329 340 349 358 366 , ;    1th set: 10 78 , ;    1th set: 11 79 , ;    1th set: 13 62 105 , ;    1th set: 15 64 106 , ;    1th set: 16 65 107 , ;    1th set: 67 108 , ;    1th set: 66 88 123 , ;    1th set: 19 21 23 24 26 68 69 70 71 91 93 94 111 125 126 143 144 145 175 176 188 189 201 227 288 , ;    1th set: 46 328 339 348 357 365 , ;    1th set: 43 362 370 374 378 381 , ;    1th set: 44 363 371 375 379 382 , ;     
MCS.c880.176.matrix.txt  
MCS.c880.177.matrix.txt  
MCS.c880.178.matrix.txt 11 1th set: 1 55 104 , 2th set: 1 82 119 , 3th set: 2 54 82 119 , ;    1th set: 5 60 86 121 , 2th set: 5 61 87 122 , 3th set: 8 61 87 122 , ;    1th set: 10 78 , ;    1th set: 11 79 , ;    1th set: 12 80 , ;    1th set: 17 81 , ;    1th set: 0 53 103 , ;    1th set: 13 62 105 , ;    1th set: 15 64 106 , ;    1th set: 67 108 , ;    1th set: 35 36 38 39 41 42 74 75 76 77 97 98 99 101 117 118 141 142 163 164 165 166 185 186 198 199 202 228 289 , ;     
MCS.c880.179.matrix.txt 11 1th set: 49 330 341 350 359 367 , 2th set: 50 249 341 350 359 367 , ;    1th set: 54 55 82 104 119 , 2th set: 2 54 82 119 , ;    1th set: 10 78 , ;    1th set: 11 79 , ;    1th set: 12 80 , ;    1th set: 0 53 103 , ;    1th set: 15 64 106 , ;    1th set: 18 67 108 , ;    1th set: 66 88 123 , ;    1th set: 20 21 22 23 25 26 68 69 70 71 89 91 92 94 110 111 125 126 143 145 146 175 176 187 189 201 227 288 , ;    1th set: 35 38 40 41 42 74 75 76 77 98 99 101 118 141 142 163 164 165 166 185 186 198 199 202 228 289 , ;     
MCS.c880.180.matrix.txt 10 1th set: 2 54 82 119 , 2th set: 1 82 119 , ;    1th set: 8 61 87 122 , 2th set: 5 61 87 122 , ;    1th set: 10 78 , ;    1th set: 12 80 , ;    1th set: 13 62 105 , ;    1th set: 15 64 106 , ;    1th set: 16 65 107 , ;    1th set: 67 108 , ;    1th set: 3 57 84 120 , ;    1th set: 19 20 21 22 24 25 26 68 69 70 71 89 90 92 94 110 111 125 126 144 145 146 175 176 187 189 201 227 288 , ;     
MCS.c880.181.matrix.txt 12 1th set: 49 330 341 350 359 367 , 2th set: 50 249 341 350 359 367 , ;    1th set: 54 55 82 104 119 , 2th set: 2 54 82 119 , ;    1th set: 10 78 , ;    1th set: 11 79 , ;    1th set: 12 80 , ;    1th set: 0 53 103 , ;    1th set: 13 62 105 , ;    1th set: 15 64 106 , ;    1th set: 18 67 108 , ;    1th set: 66 88 123 , ;    1th set: 20 21 22 23 25 26 68 69 70 71 89 91 92 94 110 111 125 126 143 145 146 175 176 187 189 201 227 288 , ;    1th set: 35 38 40 41 42 74 75 76 77 98 99 101 118 141 142 163 164 165 166 185 186 198 199 202 228 289 , ;     
MCS.c880.182.matrix.txt 14 1th set: 2 54 82 119 , 2th set: 1 82 119 , ;    1th set: 10 78 , ;    1th set: 11 79 , ;    1th set: 12 80 , ;    1th set: 17 81 , ;    1th set: 0 53 103 , ;    1th set: 13 62 105 , ;    1th set: 15 64 106 , ;    1th set: 16 65 107 , ;    1th set: 67 108 , ;    1th set: 3 57 84 120 , ;    1th set: 18 66 88 123 , ;    1th set: 19 21 22 23 24 26 68 69 70 71 89 91 93 94 110 111 125 126 143 144 145 146 175 176 187 188 201 227 288 , ;    1th set: 35 37 38 39 40 41 42 74 75 76 77 96 98 99 100 117 118 141 142 163 164 165 166 185 186 198 199 202 228 289 , ;     
MCS.c880.183.matrix.txt 12 1th set: 49 330 341 350 359 367 , 2th set: 136 159 183 196 223 249 341 350 359 367 , 3th set: 136 157 182 195 220 246 340 349 358 366 , 4th set: 47 329 340 349 358 366 , ;    1th set: 10 78 , ;    1th set: 11 79 , ;    1th set: 12 80 , ;    1th set: 17 81 , ;    1th set: 0 53 103 , ;    1th set: 13 62 105 , ;    1th set: 15 64 106 , ;    1th set: 16 65 107 , ;    1th set: 66 88 123 , ;    1th set: 19 20 21 22 23 25 26 68 69 70 71 89 90 92 94 110 111 125 126 143 144 145 175 176 188 189 201 227 288 , ;    1th set: 36 37 39 40 41 74 75 76 77 98 100 101 118 141 142 163 164 165 185 186 199 200 202 228 289 , ;     
MCS.c880.184.matrix.txt 14 1th set: 5 61 87 122 , 2th set: 5 60 86 121 , 3th set: 7 60 86 121 , ;    1th set: 10 78 , ;    1th set: 11 79 , ;    1th set: 12 80 , ;    1th set: 17 81 , ;    1th set: 1 55 104 , ;    1th set: 15 64 106 , ;    1th set: 18 67 108 , ;    1th set: 66 88 123 , ;    1th set: 19 21 22 23 25 26 68 69 70 71 89 91 92 94 110 111 125 126 143 145 175 176 189 227 288 , ;    1th set: 35 36 37 38 39 40 41 74 75 76 77 96 97 100 101 117 118 141 142 163 164 165 185 186 199 200 202 228 289 , ;    1th set: 47 48 172 220 246 272 273 297 318 329 340 349 358 366 , ;    1th set: 102 167 205 231 257 258 290 353 361 369 373 377 380 , ;    1th set: 44 169 211 237 263 264 292 355 363 371 375 379 382 , ;     
MCS.c880.185.matrix.txt 12 1th set: 1 55 104 , 2th set: 1 82 119 , 3th set: 2 54 82 119 , ;    1th set: 5 60 86 121 , 2th set: 5 61 87 122 , 3th set: 8 61 87 122 , ;    1th set: 10 78 , ;    1th set: 11 79 , ;    1th set: 12 80 , ;    1th set: 17 81 , ;    1th set: 0 53 103 , ;    1th set: 13 62 105 , ;    1th set: 15 64 106 , ;    1th set: 16 65 107 , ;    1th set: 67 108 , ;    1th set: 35 36 38 39 41 42 74 75 76 77 97 98 99 101 117 118 141 142 163 164 165 166 185 186 198 199 202 228 289 , ;     
MCS.c880.186.matrix.txt  
MCS.c880.187.matrix.txt  
MCS.c880.188.matrix.txt 15 1th set: 43 362 370 374 378 381 , 2th set: 46 85 109 114 124 137 149 155 156 171 178 181 191 194 208 215 217 234 241 243 269 270 295 317 328 339 348 357 365 370 374 378 381 , 3th set: 4 46 58 85 95 109 114 115 124 127 137 155 156 171 181 194 215 217 241 243 269 270 295 317 328 339 348 357 365 , ;    1th set: 5 60 86 121 , 2th set: 5 61 87 122 , 3th set: 8 61 87 122 , ;    1th set: 66 67 88 108 123 , 2th set: 18 66 88 123 , ;    1th set: 10 78 , ;    1th set: 11 79 , ;    1th set: 12 80 , ;    1th set: 17 81 , ;    1th set: 0 53 103 , ;    1th set: 13 62 105 , ;    1th set: 15 64 106 , ;    1th set: 3 57 84 120 , ;    1th set: 35 36 37 38 39 42 74 75 76 77 96 97 101 117 141 142 164 165 166 185 186 198 200 202 228 289 , ;    1th set: 31 45 112 113 134 135 153 154 170 180 193 212 214 238 240 266 267 293 338 347 356 364 372 376 , ;    1th set: 28 72 102 361 369 373 377 380 , ;    1th set: 44 363 371 375 379 382 , ;     
MCS.c880.189.matrix.txt 12 1th set: 216 241 242 269 270 295 339 348 357 365 , 2th set: 215 216 217 242 243 269 295 339 348 357 365 , ;    1th set: 5 60 86 121 , 2th set: 5 61 87 122 , 3th set: 8 61 87 122 , ;    1th set: 66 67 88 108 123 , 2th set: 18 66 88 123 , ;    1th set: 10 78 , ;    1th set: 11 79 , ;    1th set: 17 81 , ;    1th set: 0 53 103 , ;    1th set: 1 55 104 , ;    1th set: 13 62 105 , ;    1th set: 19 22 23 24 25 26 68 69 70 71 91 92 93 111 125 126 143 144 146 175 176 188 189 201 227 288 , ;    1th set: 35 37 38 39 40 41 42 74 75 76 77 96 98 99 100 117 118 141 142 163 165 166 185 186 198 200 202 228 289 , ;    1th set: 52 252 320 331 342 352 , ;     
MCS.c880.190.matrix.txt 13 1th set: 49 330 341 350 359 367 , 2th set: 50 249 341 350 359 367 , ;    1th set: 54 55 82 104 119 , 2th set: 2 54 82 119 , ;    1th set: 10 78 , ;    1th set: 11 79 , ;    1th set: 12 80 , ;    1th set: 0 53 103 , ;    1th set: 13 62 105 , ;    1th set: 15 64 106 , ;    1th set: 18 67 108 , ;    1th set: 8 61 87 122 , ;    1th set: 66 88 123 , ;    1th set: 20 21 22 23 25 26 68 69 70 71 89 91 92 94 110 111 125 126 143 145 146 175 176 187 189 201 227 288 , ;    1th set: 35 38 40 41 42 74 75 76 77 98 99 101 118 141 142 163 164 165 166 185 186 198 199 202 228 289 , ;     
MCS.c880.191.matrix.txt 13 1th set: 7 60 86 121 , 2th set: 5 60 86 121 , 3th set: 5 61 87 122 , 4th set: 8 61 87 122 , ;    1th set: 212 213 214 239 240 266 293 356 364 372 376 , 2th set: 45 347 356 364 372 376 , ;    1th set: 218 219 220 245 246 272 297 340 349 358 366 , 2th set: 47 329 340 349 358 366 , ;    1th set: 10 78 , ;    1th set: 11 79 , ;    1th set: 13 62 105 , ;    1th set: 15 64 106 , ;    1th set: 16 65 107 , ;    1th set: 67 108 , ;    1th set: 66 88 123 , ;    1th set: 19 21 23 24 26 68 69 70 71 91 93 94 111 125 126 143 144 145 175 176 188 189 201 227 288 , ;    1th set: 43 362 370 374 378 381 , ;    1th set: 44 363 371 375 379 382 , ;     
MCS.c880.192.matrix.txt 11 1th set: 2 54 82 119 , 2th set: 1 82 119 , ;    1th set: 8 61 87 122 , 2th set: 5 61 87 122 , ;    1th set: 10 78 , ;    1th set: 12 80 , ;    1th set: 13 62 105 , ;    1th set: 15 64 106 , ;    1th set: 16 65 107 , ;    1th set: 67 108 , ;    1th set: 3 57 84 120 , ;    1th set: 66 88 123 , ;    1th set: 19 20 21 22 24 25 26 68 69 70 71 89 90 92 94 110 111 125 126 144 145 146 175 176 187 189 201 227 288 , ;     
MCS.c880.193.matrix.txt 13 1th set: 1 55 104 , 2th set: 1 82 119 , 3th set: 2 54 82 119 , ;    1th set: 5 60 86 121 , 2th set: 5 61 87 122 , 3th set: 8 61 87 122 , ;    1th set: 10 78 , ;    1th set: 11 79 , ;    1th set: 12 80 , ;    1th set: 17 81 , ;    1th set: 0 53 103 , ;    1th set: 13 62 105 , ;    1th set: 15 64 106 , ;    1th set: 16 65 107 , ;    1th set: 67 108 , ;    1th set: 19 20 21 22 23 25 68 69 70 71 89 90 94 110 125 126 144 145 146 175 176 187 189 201 227 288 , ;    1th set: 35 36 38 39 41 42 74 75 76 77 97 98 99 101 117 118 141 142 163 164 165 166 185 186 198 199 202 228 289 , ;     
MCS.c880.194.matrix.txt 15 1th set: 5 61 87 122 , 2th set: 5 60 86 121 , 3th set: 7 60 86 121 , ;    1th set: 10 78 , ;    1th set: 11 79 , ;    1th set: 12 80 , ;    1th set: 17 81 , ;    1th set: 1 55 104 , ;    1th set: 13 62 105 , ;    1th set: 15 64 106 , ;    1th set: 18 67 108 , ;    1th set: 66 88 123 , ;    1th set: 19 21 22 23 25 26 68 69 70 71 89 91 92 94 110 111 125 126 143 145 175 176 189 227 288 , ;    1th set: 35 36 37 38 39 40 41 74 75 76 77 96 97 100 101 117 118 141 142 163 164 165 185 186 199 200 202 228 289 , ;    1th set: 47 48 172 220 246 272 273 297 318 329 340 349 358 366 , ;    1th set: 102 167 205 231 257 258 290 353 361 369 373 377 380 , ;    1th set: 44 169 211 237 263 264 292 355 363 371 375 379 382 , ;     
MCS.c880.195.matrix.txt 11 1th set: 216 241 242 269 270 295 339 348 357 365 , 2th set: 215 216 217 242 243 269 295 339 348 357 365 , ;    1th set: 5 60 86 121 , 2th set: 5 61 87 122 , 3th set: 8 61 87 122 , ;    1th set: 66 67 88 108 123 , 2th set: 18 66 88 123 , ;    1th set: 10 78 , ;    1th set: 11 79 , ;    1th set: 17 81 , ;    1th set: 0 53 103 , ;    1th set: 13 62 105 , ;    1th set: 19 22 23 24 25 26 68 69 70 71 91 92 93 111 125 126 143 144 146 175 176 188 189 201 227 288 , ;    1th set: 35 37 38 39 40 41 42 74 75 76 77 96 98 99 100 117 118 141 142 163 165 166 185 186 198 200 202 228 289 , ;    1th set: 52 252 320 331 342 352 , ;     
MCS.c880.196.matrix.txt  
MCS.c880.197.matrix.txt  
MCS.c880.198.matrix.txt 12 1th set: 49 330 341 350 359 367 , 2th set: 136 159 183 196 223 249 341 350 359 367 , 3th set: 136 157 182 195 220 246 340 349 358 366 , 4th set: 47 329 340 349 358 366 , ;    1th set: 10 78 , ;    1th set: 11 79 , ;    1th set: 12 80 , ;    1th set: 17 81 , ;    1th set: 0 53 103 , ;    1th set: 13 62 105 , ;    1th set: 15 64 106 , ;    1th set: 16 65 107 , ;    1th set: 66 88 123 , ;    1th set: 19 20 21 22 23 25 26 68 69 70 71 89 90 92 94 110 111 125 126 143 144 145 175 176 188 189 201 227 288 , ;    1th set: 36 37 39 40 41 74 75 76 77 98 100 101 118 141 142 163 164 165 185 186 199 200 202 228 289 , ;     
MCS.c880.199.matrix.txt 12 1th set: 8 61 87 122 , 2th set: 7 60 61 86 87 121 122 , 3th set: 5 7 60 86 121 , ;    1th set: 10 78 , ;    1th set: 12 80 , ;    1th set: 17 81 , ;    1th set: 0 53 103 , ;    1th set: 13 62 105 , ;    1th set: 15 64 106 , ;    1th set: 16 65 107 , ;    1th set: 1 82 119 , ;    1th set: 66 88 123 , ;    1th set: 19 20 21 24 26 68 69 70 71 90 91 94 110 125 126 143 144 145 146 175 176 187 188 201 227 288 , ;    1th set: 35 37 38 39 40 41 42 74 75 76 77 96 98 99 100 117 118 141 142 163 164 166 185 186 199 200 202 228 289 , ;     
MCS.c880.200.matrix.txt 14 1th set: 7 60 86 121 , 2th set: 5 60 86 121 , 3th set: 5 61 87 122 , 4th set: 8 61 87 122 , ;    1th set: 212 213 214 239 240 266 293 356 364 372 376 , 2th set: 45 347 356 364 372 376 , ;    1th set: 218 219 220 245 246 272 297 340 349 358 366 , 2th set: 47 329 340 349 358 366 , ;    1th set: 10 78 , ;    1th set: 11 79 , ;    1th set: 0 53 103 , ;    1th set: 13 62 105 , ;    1th set: 15 64 106 , ;    1th set: 16 65 107 , ;    1th set: 67 108 , ;    1th set: 66 88 123 , ;    1th set: 19 21 23 24 26 68 69 70 71 91 93 94 111 125 126 143 144 145 175 176 188 189 201 227 288 , ;    1th set: 43 362 370 374 378 381 , ;    1th set: 44 363 371 375 379 382 , ;     
MCS.c880.201.matrix.txt 17 1th set: 43 362 370 374 378 381 , 2th set: 46 85 109 114 124 137 149 155 156 171 178 181 191 194 208 215 217 234 241 243 269 270 295 317 328 339 348 357 365 370 374 378 381 , 3th set: 4 46 58 85 95 109 114 115 124 127 137 155 156 171 181 194 215 217 241 243 269 270 295 317 328 339 348 357 365 , ;    1th set: 5 60 86 121 , 2th set: 5 61 87 122 , 3th set: 8 61 87 122 , ;    1th set: 66 67 88 108 123 , 2th set: 18 66 88 123 , ;    1th set: 10 78 , ;    1th set: 11 79 , ;    1th set: 12 80 , ;    1th set: 17 81 , ;    1th set: 0 53 103 , ;    1th set: 13 62 105 , ;    1th set: 15 64 106 , ;    1th set: 3 57 84 120 , ;    1th set: 19 22 23 26 68 69 70 71 91 94 125 126 144 145 146 175 176 187 189 201 227 288 , ;    1th set: 35 36 37 38 39 42 74 75 76 77 96 97 101 117 141 142 164 165 166 185 186 198 200 202 228 289 , ;    1th set: 136 161 184 197 226 252 320 331 342 352 , ;    1th set: 31 45 112 113 134 135 153 154 170 180 193 212 214 238 240 266 267 293 338 347 356 364 372 376 , ;    1th set: 28 72 102 361 369 373 377 380 , ;    1th set: 44 363 371 375 379 382 , ;     
MCS.c880.202.matrix.txt 14 1th set: 5 61 87 122 , 2th set: 5 60 86 121 , 3th set: 7 60 86 121 , ;    1th set: 10 78 , ;    1th set: 11 79 , ;    1th set: 12 80 , ;    1th set: 17 81 , ;    1th set: 13 62 105 , ;    1th set: 15 64 106 , ;    1th set: 18 67 108 , ;    1th set: 66 88 123 , ;    1th set: 19 21 22 23 25 26 68 69 70 71 89 91 92 94 110 111 125 126 143 145 175 176 189 227 288 , ;    1th set: 35 36 37 38 39 40 41 74 75 76 77 96 97 100 101 117 118 141 142 163 164 165 185 186 199 200 202 228 289 , ;    1th set: 47 48 172 220 246 272 273 297 318 329 340 349 358 366 , ;    1th set: 102 167 205 231 257 258 290 353 361 369 373 377 380 , ;    1th set: 44 169 211 237 263 264 292 355 363 371 375 379 382 , ;     
MCS.c880.203.matrix.txt 15 1th set: 4 6 9 51 52 58 59 85 95 109 114 115 124 127 140 161 162 174 184 197 224 226 250 252 280 281 301 308 314 320 331 342 352 , 2th set: 4 5 9 51 52 58 59 85 95 109 114 115 124 127 140 161 162 174 184 197 224 226 250 252 280 281 301 308 314 320 331 342 352 , 3th set: 5 61 87 122 , 4th set: 8 61 87 122 , ;    1th set: 29 178 191 208 234 370 374 378 381 , 2th set: 203 206 207 208 229 232 234 256 259 267 286 287 293 323 324 343 351 356 360 364 368 370 372 374 376 378 381 , 3th set: 31 180 193 214 240 356 364 372 376 , ;    1th set: 44 363 371 375 379 382 , 2th set: 32 56 57 83 84 112 120 132 152 192 211 237 371 375 379 382 , 3th set: 3 57 84 120 , ;    1th set: 49 330 341 350 359 367 , 2th set: 136 159 183 196 223 249 341 350 359 367 , 3th set: 136 157 182 195 220 246 340 349 358 366 , 4th set: 47 329 340 349 358 366 , ;    1th set: 10 78 , ;    1th set: 11 79 , ;    1th set: 12 80 , ;    1th set: 17 81 , ;    1th set: 0 53 103 , ;    1th set: 13 62 105 , ;    1th set: 15 64 106 , ;    1th set: 16 65 107 , ;    1th set: 66 88 123 , ;    1th set: 19 20 21 22 23 25 26 68 69 70 71 89 90 92 94 110 111 125 126 143 144 145 175 176 188 189 201 227 288 , ;    1th set: 36 37 39 40 41 74 75 76 77 98 100 101 118 141 142 163 164 165 185 186 199 200 202 228 289 , ;     
MCS.c880.204.matrix.txt 13 1th set: 49 330 341 350 359 367 , 2th set: 50 249 341 350 359 367 , ;    1th set: 54 55 82 104 119 , 2th set: 2 54 82 119 , ;    1th set: 10 78 , ;    1th set: 11 79 , ;    1th set: 12 80 , ;    1th set: 0 53 103 , ;    1th set: 13 62 105 , ;    1th set: 15 64 106 , ;    1th set: 18 67 108 , ;    1th set: 8 61 87 122 , ;    1th set: 66 88 123 , ;    1th set: 20 21 22 23 25 26 68 69 70 71 89 91 92 94 110 111 125 126 143 145 146 175 176 187 189 201 227 288 , ;    1th set: 35 38 40 41 42 74 75 76 77 98 99 101 118 141 142 163 164 165 166 185 186 198 199 202 228 289 , ;     
MCS.c880.205.matrix.txt 12 1th set: 8 61 87 122 , 2th set: 7 60 61 86 87 121 122 , 3th set: 5 7 60 86 121 , ;    1th set: 10 78 , ;    1th set: 12 80 , ;    1th set: 17 81 , ;    1th set: 0 53 103 , ;    1th set: 13 62 105 , ;    1th set: 15 64 106 , ;    1th set: 16 65 107 , ;    1th set: 1 82 119 , ;    1th set: 66 88 123 , ;    1th set: 19 20 21 24 26 68 69 70 71 90 91 94 110 125 126 143 144 145 146 175 176 187 188 201 227 288 , ;    1th set: 35 37 38 39 40 41 42 74 75 76 77 96 98 99 100 117 118 141 142 163 164 166 185 186 199 200 202 228 289 , ;     
MCS.c880.206.matrix.txt  
MCS.c880.207.matrix.txt  
MCS.c880.208.matrix.txt 14 1th set: 1 55 104 , 2th set: 1 82 119 , 3th set: 2 54 82 119 , ;    1th set: 5 60 86 121 , 2th set: 5 61 87 122 , 3th set: 8 61 87 122 , ;    1th set: 10 78 , ;    1th set: 11 79 , ;    1th set: 12 80 , ;    1th set: 17 81 , ;    1th set: 0 53 103 , ;    1th set: 13 62 105 , ;    1th set: 15 64 106 , ;    1th set: 16 65 107 , ;    1th set: 67 108 , ;    1th set: 66 88 123 , ;    1th set: 19 20 21 22 23 25 68 69 70 71 89 90 94 110 125 126 144 145 146 175 176 187 189 201 227 288 , ;    1th set: 35 36 38 39 41 42 74 75 76 77 97 98 99 101 117 118 141 142 163 164 165 166 185 186 198 199 202 228 289 , ;     
MCS.c880.209.matrix.txt 12 1th set: 216 241 242 269 270 295 339 348 357 365 , 2th set: 215 216 217 242 243 269 295 339 348 357 365 , ;    1th set: 5 60 86 121 , 2th set: 5 61 87 122 , 3th set: 8 61 87 122 , ;    1th set: 66 67 88 108 123 , 2th set: 18 66 88 123 , ;    1th set: 10 78 , ;    1th set: 11 79 , ;    1th set: 17 81 , ;    1th set: 0 53 103 , ;    1th set: 13 62 105 , ;    1th set: 16 65 107 , ;    1th set: 19 22 23 24 25 26 68 69 70 71 91 92 93 111 125 126 143 144 146 175 176 188 189 201 227 288 , ;    1th set: 35 37 38 39 40 41 42 74 75 76 77 96 98 99 100 117 118 141 142 163 165 166 185 186 198 200 202 228 289 , ;    1th set: 52 252 320 331 342 352 , ;     
MCS.c880.210.matrix.txt 14 1th set: 1 55 104 , 2th set: 1 82 119 , 3th set: 2 54 82 119 , ;    1th set: 10 78 , ;    1th set: 11 79 , ;    1th set: 12 80 , ;    1th set: 17 81 , ;    1th set: 0 53 103 , ;    1th set: 13 62 105 , ;    1th set: 15 64 106 , ;    1th set: 16 65 107 , ;    1th set: 67 108 , ;    1th set: 3 57 84 120 , ;    1th set: 18 66 88 123 , ;    1th set: 19 21 22 23 24 26 68 69 70 71 89 91 93 94 110 111 125 126 143 144 145 146 175 176 187 188 201 227 288 , ;    1th set: 35 37 38 39 40 41 42 74 75 76 77 96 98 99 100 117 118 141 142 163 164 165 166 185 186 198 199 202 228 289 , ;     
MCS.c880.211.matrix.txt 13 1th set: 216 241 242 269 270 295 339 348 357 365 , 2th set: 215 216 217 242 243 269 295 339 348 357 365 , ;    1th set: 5 60 86 121 , 2th set: 5 61 87 122 , 3th set: 8 61 87 122 , ;    1th set: 66 67 88 108 123 , 2th set: 18 66 88 123 , ;    1th set: 10 78 , ;    1th set: 11 79 , ;    1th set: 12 80 , ;    1th set: 17 81 , ;    1th set: 0 53 103 , ;    1th set: 13 62 105 , ;    1th set: 16 65 107 , ;    1th set: 19 22 23 24 25 26 68 69 70 71 91 92 93 111 125 126 143 144 146 175 176 188 189 201 227 288 , ;    1th set: 35 37 38 39 40 41 42 74 75 76 77 96 98 99 100 117 118 141 142 163 165 166 185 186 198 200 202 228 289 , ;    1th set: 52 252 320 331 342 352 , ;     
MCS.c880.212.matrix.txt 18 1th set: 43 362 370 374 378 381 , 2th set: 46 85 109 114 124 137 149 155 156 171 178 181 191 194 208 215 217 234 241 243 269 270 295 317 328 339 348 357 365 370 374 378 381 , 3th set: 4 46 58 85 95 109 114 115 124 127 137 155 156 171 181 194 215 217 241 243 269 270 295 317 328 339 348 357 365 , ;    1th set: 5 60 86 121 , 2th set: 5 61 87 122 , 3th set: 8 61 87 122 , ;    1th set: 66 67 88 108 123 , 2th set: 18 66 88 123 , ;    1th set: 10 78 , ;    1th set: 11 79 , ;    1th set: 12 80 , ;    1th set: 17 81 , ;    1th set: 0 53 103 , ;    1th set: 13 62 105 , ;    1th set: 15 64 106 , ;    1th set: 3 57 84 120 , ;    1th set: 19 22 23 26 68 69 70 71 91 94 125 126 144 145 146 175 176 187 189 201 227 288 , ;    1th set: 35 36 37 38 39 42 74 75 76 77 96 97 101 117 141 142 164 165 166 185 186 198 200 202 228 289 , ;    1th set: 136 161 184 197 226 252 320 331 342 352 , ;    1th set: 47 329 340 349 358 366 , ;    1th set: 31 45 112 113 134 135 153 154 170 180 193 212 214 238 240 266 267 293 338 347 356 364 372 376 , ;    1th set: 28 72 102 361 369 373 377 380 , ;    1th set: 44 363 371 375 379 382 , ;     
MCS.c880.213.matrix.txt 15 1th set: 5 61 87 122 , 2th set: 5 60 86 121 , 3th set: 7 60 86 121 , ;    1th set: 10 78 , ;    1th set: 11 79 , ;    1th set: 12 80 , ;    1th set: 17 81 , ;    1th set: 13 62 105 , ;    1th set: 15 64 106 , ;    1th set: 18 67 108 , ;    1th set: 3 57 84 120 , ;    1th set: 66 88 123 , ;    1th set: 19 21 22 23 25 26 68 69 70 71 89 91 92 94 110 111 125 126 143 145 175 176 189 227 288 , ;    1th set: 35 36 37 38 39 40 41 74 75 76 77 96 97 100 101 117 118 141 142 163 164 165 185 186 199 200 202 228 289 , ;    1th set: 47 48 172 220 246 272 273 297 318 329 340 349 358 366 , ;    1th set: 102 167 205 231 257 258 290 353 361 369 373 377 380 , ;    1th set: 44 169 211 237 263 264 292 355 363 371 375 379 382 , ;     
MCS.c880.214.matrix.txt 14 1th set: 1 55 104 , 2th set: 1 82 119 , 3th set: 2 54 82 119 , ;    1th set: 5 60 86 121 , 2th set: 5 61 87 122 , 3th set: 8 61 87 122 , ;    1th set: 10 78 , ;    1th set: 11 79 , ;    1th set: 12 80 , ;    1th set: 17 81 , ;    1th set: 0 53 103 , ;    1th set: 13 62 105 , ;    1th set: 15 64 106 , ;    1th set: 16 65 107 , ;    1th set: 67 108 , ;    1th set: 66 88 123 , ;    1th set: 19 20 21 22 23 25 68 69 70 71 89 90 94 110 125 126 144 145 146 175 176 187 189 201 227 288 , ;    1th set: 35 36 38 39 41 42 74 75 76 77 97 98 99 101 117 118 141 142 163 164 165 166 185 186 198 199 202 228 289 , ;     
MCS.c880.215.matrix.txt 12 1th set: 7 60 86 121 , 2th set: 5 60 86 121 , 3th set: 5 61 87 122 , 4th set: 8 61 87 122 , ;    1th set: 2 54 82 119 , 2th set: 1 82 119 , ;    1th set: 10 78 , ;    1th set: 12 80 , ;    1th set: 17 81 , ;    1th set: 13 62 105 , ;    1th set: 15 64 106 , ;    1th set: 16 65 107 , ;    1th set: 67 108 , ;    1th set: 3 57 84 120 , ;    1th set: 66 88 123 , ;    1th set: 19 20 21 22 24 25 26 68 69 70 71 89 90 92 94 110 111 125 126 144 145 146 175 176 187 189 201 227 288 , ;     
MCS.c880.216.matrix.txt  
MCS.c880.217.matrix.txt  
MCS.c880.218.matrix.txt 14 1th set: 49 330 341 350 359 367 , 2th set: 50 249 341 350 359 367 , ;    1th set: 54 55 82 104 119 , 2th set: 2 54 82 119 , ;    1th set: 10 78 , ;    1th set: 11 79 , ;    1th set: 12 80 , ;    1th set: 17 81 , ;    1th set: 0 53 103 , ;    1th set: 13 62 105 , ;    1th set: 15 64 106 , ;    1th set: 18 67 108 , ;    1th set: 8 61 87 122 , ;    1th set: 66 88 123 , ;    1th set: 20 21 22 23 25 26 68 69 70 71 89 91 92 94 110 111 125 126 143 145 146 175 176 187 189 201 227 288 , ;    1th set: 35 38 40 41 42 74 75 76 77 98 99 101 118 141 142 163 164 165 166 185 186 198 199 202 228 289 , ;     
MCS.c880.219.matrix.txt 14 1th set: 29 178 191 208 234 370 374 378 381 , 2th set: 203 206 207 208 229 232 234 256 259 267 286 287 293 323 324 343 351 356 360 364 368 370 372 374 376 378 381 , 3th set: 31 180 193 214 240 356 364 372 376 , ;    1th set: 44 363 371 375 379 382 , 2th set: 32 56 57 83 84 112 120 132 152 192 211 237 371 375 379 382 , 3th set: 3 57 84 120 , ;    1th set: 49 330 341 350 359 367 , 2th set: 136 159 183 196 223 249 341 350 359 367 , 3th set: 136 157 182 195 220 246 340 349 358 366 , 4th set: 47 329 340 349 358 366 , ;    1th set: 10 78 , ;    1th set: 11 79 , ;    1th set: 12 80 , ;    1th set: 17 81 , ;    1th set: 0 53 103 , ;    1th set: 13 62 105 , ;    1th set: 15 64 106 , ;    1th set: 16 65 107 , ;    1th set: 66 88 123 , ;    1th set: 19 20 21 22 23 25 26 68 69 70 71 89 90 92 94 110 111 125 126 143 144 145 175 176 188 189 201 227 288 , ;    1th set: 36 37 39 40 41 74 75 76 77 98 100 101 118 141 142 163 164 165 185 186 199 200 202 228 289 , ;     
MCS.c880.220.matrix.txt 15 1th set: 7 60 61 86 87 121 122 , 2th set: 5 61 87 122 , ;    1th set: 10 78 , ;    1th set: 11 79 , ;    1th set: 12 80 , ;    1th set: 17 81 , ;    1th set: 0 53 103 , ;    1th set: 13 62 105 , ;    1th set: 15 64 106 , ;    1th set: 16 65 107 , ;    1th set: 67 108 , ;    1th set: 3 57 84 120 , ;    1th set: 18 66 88 123 , ;    1th set: 19 20 21 22 24 26 68 69 70 71 89 90 94 110 125 126 144 146 175 176 189 227 288 , ;    1th set: 36 37 38 40 42 74 75 76 77 96 98 101 117 141 142 163 164 166 185 186 199 200 202 228 289 , ;    1th set: 50 249 341 350 359 367 , ;     
MCS.c880.221.matrix.txt 13 1th set: 7 60 86 121 , 2th set: 5 60 86 121 , 3th set: 5 61 87 122 , 4th set: 8 61 87 122 , ;    1th set: 2 54 82 119 , 2th set: 1 82 119 , ;    1th set: 10 78 , ;    1th set: 11 79 , ;    1th set: 12 80 , ;    1th set: 17 81 , ;    1th set: 13 62 105 , ;    1th set: 15 64 106 , ;    1th set: 16 65 107 , ;    1th set: 67 108 , ;    1th set: 3 57 84 120 , ;    1th set: 66 88 123 , ;    1th set: 19 20 21 22 24 25 26 68 69 70 71 89 90 92 94 110 111 125 126 144 145 146 175 176 187 189 201 227 288 , ;     
MCS.c880.222.matrix.txt 13 1th set: 29 178 191 208 234 370 374 378 381 , 2th set: 203 206 207 208 229 232 234 256 259 267 286 287 293 323 324 343 351 356 360 364 368 370 372 374 376 378 381 , 3th set: 31 180 193 214 240 356 364 372 376 , ;    1th set: 44 363 371 375 379 382 , 2th set: 32 56 57 83 84 112 120 132 152 192 211 237 371 375 379 382 , 3th set: 3 57 84 120 , ;    1th set: 10 78 , ;    1th set: 11 79 , ;    1th set: 12 80 , ;    1th set: 17 81 , ;    1th set: 0 53 103 , ;    1th set: 13 62 105 , ;    1th set: 15 64 106 , ;    1th set: 16 65 107 , ;    1th set: 66 88 123 , ;    1th set: 19 20 21 22 23 25 26 68 69 70 71 89 90 92 94 110 111 125 126 143 144 145 175 176 188 189 201 227 288 , ;    1th set: 36 37 39 40 41 74 75 76 77 98 100 101 118 141 142 163 164 165 185 186 199 200 202 228 289 , ;     
MCS.c880.223.matrix.txt 19 1th set: 43 362 370 374 378 381 , 2th set: 46 85 109 114 124 137 149 155 156 171 178 181 191 194 208 215 217 234 241 243 269 270 295 317 328 339 348 357 365 370 374 378 381 , 3th set: 4 46 58 85 95 109 114 115 124 127 137 155 156 171 181 194 215 217 241 243 269 270 295 317 328 339 348 357 365 , ;    1th set: 5 60 86 121 , 2th set: 5 61 87 122 , 3th set: 8 61 87 122 , ;    1th set: 66 67 88 108 123 , 2th set: 18 66 88 123 , ;    1th set: 10 78 , ;    1th set: 11 79 , ;    1th set: 12 80 , ;    1th set: 17 81 , ;    1th set: 0 53 103 , ;    1th set: 13 62 105 , ;    1th set: 15 64 106 , ;    1th set: 3 57 84 120 , ;    1th set: 19 22 23 26 68 69 70 71 91 94 125 126 144 145 146 175 176 187 189 201 227 288 , ;    1th set: 35 36 37 38 39 42 74 75 76 77 96 97 101 117 141 142 164 165 166 185 186 198 200 202 228 289 , ;    1th set: 136 161 184 197 226 252 320 331 342 352 , ;    1th set: 47 329 340 349 358 366 , ;    1th set: 49 330 341 350 359 367 , ;    1th set: 31 45 112 113 134 135 153 154 170 180 193 212 214 238 240 266 267 293 338 347 356 364 372 376 , ;    1th set: 28 72 102 361 369 373 377 380 , ;    1th set: 44 363 371 375 379 382 , ;     
MCS.c880.224.matrix.txt 13 1th set: 216 241 242 269 270 295 339 348 357 365 , 2th set: 215 216 217 242 243 269 295 339 348 357 365 , ;    1th set: 5 60 86 121 , 2th set: 5 61 87 122 , 3th set: 8 61 87 122 , ;    1th set: 66 67 88 108 123 , 2th set: 18 66 88 123 , ;    1th set: 10 78 , ;    1th set: 11 79 , ;    1th set: 12 80 , ;    1th set: 17 81 , ;    1th set: 0 53 103 , ;    1th set: 13 62 105 , ;    1th set: 16 65 107 , ;    1th set: 19 22 23 24 25 26 68 69 70 71 91 92 93 111 125 126 143 144 146 175 176 188 189 201 227 288 , ;    1th set: 35 37 38 39 40 41 42 74 75 76 77 96 98 99 100 117 118 141 142 163 165 166 185 186 198 200 202 228 289 , ;    1th set: 52 252 320 331 342 352 , ;     
MCS.c880.225.matrix.txt 14 1th set: 1 55 104 , 2th set: 1 82 119 , 3th set: 2 54 82 119 , ;    1th set: 5 60 86 121 , 2th set: 5 61 87 122 , 3th set: 8 61 87 122 , ;    1th set: 10 78 , ;    1th set: 11 79 , ;    1th set: 12 80 , ;    1th set: 17 81 , ;    1th set: 0 53 103 , ;    1th set: 13 62 105 , ;    1th set: 15 64 106 , ;    1th set: 16 65 107 , ;    1th set: 67 108 , ;    1th set: 66 88 123 , ;    1th set: 19 20 21 22 23 25 68 69 70 71 89 90 94 110 125 126 144 145 146 175 176 187 189 201 227 288 , ;    1th set: 35 36 38 39 41 42 74 75 76 77 97 98 99 101 117 118 141 142 163 164 165 166 185 186 198 199 202 228 289 , ;     
MCS.c880.226.matrix.txt  
MCS.c880.227.matrix.txt  
MCS.c880.228.matrix.txt 15 1th set: 49 330 341 350 359 367 , 2th set: 50 249 341 350 359 367 , ;    1th set: 54 55 82 104 119 , 2th set: 2 54 82 119 , ;    1th set: 10 78 , ;    1th set: 11 79 , ;    1th set: 12 80 , ;    1th set: 17 81 , ;    1th set: 0 53 103 , ;    1th set: 13 62 105 , ;    1th set: 15 64 106 , ;    1th set: 16 65 107 , ;    1th set: 18 67 108 , ;    1th set: 8 61 87 122 , ;    1th set: 66 88 123 , ;    1th set: 20 21 22 23 25 26 68 69 70 71 89 91 92 94 110 111 125 126 143 145 146 175 176 187 189 201 227 288 , ;    1th set: 35 38 40 41 42 74 75 76 77 98 99 101 118 141 142 163 164 165 166 185 186 198 199 202 228 289 , ;     
MCS.c880.229.matrix.txt 14 1th set: 212 213 214 239 240 266 293 356 364 372 376 , 2th set: 45 347 356 364 372 376 , ;    1th set: 218 219 220 245 246 272 297 340 349 358 366 , 2th set: 47 329 340 349 358 366 , ;    1th set: 1 55 104 , 2th set: 1 82 119 , 3th set: 2 54 82 119 , ;    1th set: 5 60 86 121 , 2th set: 5 61 87 122 , 3th set: 8 61 87 122 , ;    1th set: 10 78 , ;    1th set: 11 79 , ;    1th set: 17 81 , ;    1th set: 0 53 103 , ;    1th set: 13 62 105 , ;    1th set: 15 64 106 , ;    1th set: 16 65 107 , ;    1th set: 67 108 , ;    1th set: 66 88 123 , ;    1th set: 19 21 23 24 26 68 69 70 71 91 93 94 111 125 126 143 144 145 175 176 188 189 201 227 288 , ;     
MCS.c880.230.matrix.txt 12 1th set: 7 60 86 121 , 2th set: 5 60 86 121 , 3th set: 5 61 87 122 , 4th set: 8 61 87 122 , ;    1th set: 10 78 , ;    1th set: 11 79 , ;    1th set: 12 80 , ;    1th set: 17 81 , ;    1th set: 13 62 105 , ;    1th set: 15 64 106 , ;    1th set: 16 65 107 , ;    1th set: 67 108 , ;    1th set: 3 57 84 120 , ;    1th set: 66 88 123 , ;    1th set: 19 20 21 22 24 25 26 68 69 70 71 89 90 92 94 110 111 125 126 144 145 146 175 176 187 189 201 227 288 , ;     
MCS.c880.231.matrix.txt 15 1th set: 212 213 214 239 240 266 293 356 364 372 376 , 2th set: 45 347 356 364 372 376 , ;    1th set: 218 219 220 245 246 272 297 340 349 358 366 , 2th set: 47 329 340 349 358 366 , ;    1th set: 1 55 104 , 2th set: 1 82 119 , 3th set: 2 54 82 119 , ;    1th set: 5 60 86 121 , 2th set: 5 61 87 122 , 3th set: 8 61 87 122 , ;    1th set: 10 78 , ;    1th set: 11 79 , ;    1th set: 17 81 , ;    1th set: 0 53 103 , ;    1th set: 13 62 105 , ;    1th set: 15 64 106 , ;    1th set: 16 65 107 , ;    1th set: 67 108 , ;    1th set: 66 88 123 , ;    1th set: 19 21 23 24 26 68 69 70 71 91 93 94 111 125 126 143 144 145 175 176 188 189 201 227 288 , ;    1th set: 36 37 38 39 40 41 74 75 76 77 96 98 100 101 117 118 141 142 163 165 185 186 200 228 289 , ;     
MCS.c880.232.matrix.txt 14 1th set: 8 61 87 122 , 2th set: 7 60 61 86 87 121 122 , 3th set: 5 7 60 86 121 , ;    1th set: 10 78 , ;    1th set: 11 79 , ;    1th set: 12 80 , ;    1th set: 17 81 , ;    1th set: 0 53 103 , ;    1th set: 13 62 105 , ;    1th set: 15 64 106 , ;    1th set: 16 65 107 , ;    1th set: 18 67 108 , ;    1th set: 1 82 119 , ;    1th set: 66 88 123 , ;    1th set: 19 20 21 24 26 68 69 70 71 90 91 94 110 125 126 143 144 145 146 175 176 187 188 201 227 288 , ;    1th set: 35 37 38 39 40 41 42 74 75 76 77 96 98 99 100 117 118 141 142 163 164 166 185 186 199 200 202 228 289 , ;     
MCS.c880.233.matrix.txt 14 1th set: 216 241 242 269 270 295 339 348 357 365 , 2th set: 215 216 217 242 243 269 295 339 348 357 365 , ;    1th set: 5 60 86 121 , 2th set: 5 61 87 122 , 3th set: 8 61 87 122 , ;    1th set: 66 67 88 108 123 , 2th set: 18 66 88 123 , ;    1th set: 10 78 , ;    1th set: 11 79 , ;    1th set: 12 80 , ;    1th set: 17 81 , ;    1th set: 0 53 103 , ;    1th set: 13 62 105 , ;    1th set: 15 64 106 , ;    1th set: 16 65 107 , ;    1th set: 19 22 23 24 25 26 68 69 70 71 91 92 93 111 125 126 143 144 146 175 176 188 189 201 227 288 , ;    1th set: 35 37 38 39 40 41 42 74 75 76 77 96 98 99 100 117 118 141 142 163 165 166 185 186 198 200 202 228 289 , ;    1th set: 52 252 320 331 342 352 , ;     
MCS.c880.234.matrix.txt 15 1th set: 7 60 61 86 87 121 122 , 2th set: 5 61 87 122 , ;    1th set: 10 78 , ;    1th set: 11 79 , ;    1th set: 12 80 , ;    1th set: 17 81 , ;    1th set: 0 53 103 , ;    1th set: 13 62 105 , ;    1th set: 15 64 106 , ;    1th set: 16 65 107 , ;    1th set: 67 108 , ;    1th set: 3 57 84 120 , ;    1th set: 18 66 88 123 , ;    1th set: 19 20 21 22 24 26 68 69 70 71 89 90 94 110 125 126 144 146 175 176 189 227 288 , ;    1th set: 36 37 38 40 42 74 75 76 77 96 98 101 117 141 142 163 164 166 185 186 199 200 202 228 289 , ;    1th set: 50 249 341 350 359 367 , ;     
MCS.c880.235.matrix.txt 15 1th set: 1 55 104 , 2th set: 1 82 119 , 3th set: 2 54 82 119 , ;    1th set: 8 61 87 122 , 2th set: 5 61 87 122 , ;    1th set: 10 78 , ;    1th set: 11 79 , ;    1th set: 12 80 , ;    1th set: 17 81 , ;    1th set: 0 53 103 , ;    1th set: 13 62 105 , ;    1th set: 15 64 106 , ;    1th set: 16 65 107 , ;    1th set: 18 67 108 , ;    1th set: 3 57 84 120 , ;    1th set: 66 88 123 , ;    1th set: 19 20 21 23 25 68 69 70 71 90 91 94 110 125 126 143 145 146 175 176 187 189 201 227 288 , ;    1th set: 35 38 40 41 74 75 76 77 98 101 141 142 163 164 166 185 186 199 200 202 228 289 , ;     
MCS.c880.236.matrix.txt  
MCS.c880.237.matrix.txt  
MCS.c880.238.matrix.txt 18 1th set: 10 78 , ;    1th set: 11 79 , ;    1th set: 12 80 , ;    1th set: 17 81 , ;    1th set: 0 53 103 , ;    1th set: 13 62 105 , ;    1th set: 15 64 106 , ;    1th set: 16 65 107 , ;    1th set: 18 67 108 , ;    1th set: 3 57 84 120 , ;    1th set: 7 60 86 121 , ;    1th set: 5 61 87 122 , ;    1th set: 66 88 123 , ;    1th set: 19 21 22 23 25 26 68 69 70 71 89 91 92 94 110 111 125 126 143 145 175 176 189 227 288 , ;    1th set: 35 36 37 38 39 40 41 74 75 76 77 96 97 100 101 117 118 141 142 163 164 165 185 186 199 200 202 228 289 , ;    1th set: 47 48 172 220 246 272 273 297 318 329 340 349 358 366 , ;    1th set: 102 167 205 231 257 258 290 353 361 369 373 377 380 , ;    1th set: 44 169 211 237 263 264 292 355 363 371 375 379 382 , ;     
MCS.c880.239.matrix.txt 14 1th set: 29 178 191 208 234 370 374 378 381 , 2th set: 203 206 207 208 229 232 234 256 259 267 286 287 293 323 324 343 351 356 360 364 368 370 372 374 376 378 381 , 3th set: 31 180 193 214 240 356 364 372 376 , ;    1th set: 44 363 371 375 379 382 , 2th set: 32 56 57 83 84 112 120 132 152 192 211 237 371 375 379 382 , 3th set: 3 57 84 120 , ;    1th set: 10 78 , ;    1th set: 11 79 , ;    1th set: 12 80 , ;    1th set: 17 81 , ;    1th set: 0 53 103 , ;    1th set: 13 62 105 , ;    1th set: 15 64 106 , ;    1th set: 16 65 107 , ;    1th set: 18 67 108 , ;    1th set: 66 88 123 , ;    1th set: 19 20 21 22 23 25 26 68 69 70 71 89 90 92 94 110 111 125 126 143 144 145 175 176 188 189 201 227 288 , ;    1th set: 36 37 39 40 41 74 75 76 77 98 100 101 118 141 142 163 164 165 185 186 199 200 202 228 289 , ;     
MCS.c880.240.matrix.txt 16 1th set: 1 55 104 , 2th set: 1 82 119 , 3th set: 2 54 82 119 , ;    1th set: 7 60 61 86 87 121 122 , 2th set: 5 61 87 122 , ;    1th set: 10 78 , ;    1th set: 11 79 , ;    1th set: 12 80 , ;    1th set: 17 81 , ;    1th set: 0 53 103 , ;    1th set: 13 62 105 , ;    1th set: 15 64 106 , ;    1th set: 16 65 107 , ;    1th set: 67 108 , ;    1th set: 3 57 84 120 , ;    1th set: 18 66 88 123 , ;    1th set: 19 20 21 22 24 26 68 69 70 71 89 90 94 110 125 126 144 146 175 176 189 227 288 , ;    1th set: 36 37 38 40 42 74 75 76 77 96 98 101 117 141 142 163 164 166 185 186 199 200 202 228 289 , ;    1th set: 50 249 341 350 359 367 , ;     
MCS.c880.241.matrix.txt 15 1th set: 1 55 104 , 2th set: 1 82 119 , 3th set: 2 54 82 119 , ;    1th set: 8 61 87 122 , 2th set: 5 61 87 122 , 3th set: 5 60 86 121 , 4th set: 7 60 86 121 , ;    1th set: 10 78 , ;    1th set: 11 79 , ;    1th set: 12 80 , ;    1th set: 17 81 , ;    1th set: 0 53 103 , ;    1th set: 13 62 105 , ;    1th set: 15 64 106 , ;    1th set: 16 65 107 , ;    1th set: 18 67 108 , ;    1th set: 3 57 84 120 , ;    1th set: 66 88 123 , ;    1th set: 19 20 21 23 25 68 69 70 71 90 91 94 110 125 126 143 145 146 175 176 187 189 201 227 288 , ;    1th set: 35 38 40 41 74 75 76 77 98 101 141 142 163 164 166 185 186 199 200 202 228 289 , ;     
MCS.c880.242.matrix.txt 13 1th set: 7 60 86 121 , 2th set: 5 60 86 121 , 3th set: 5 61 87 122 , 4th set: 8 61 87 122 , ;    1th set: 10 78 , ;    1th set: 11 79 , ;    1th set: 12 80 , ;    1th set: 17 81 , ;    1th set: 0 53 103 , ;    1th set: 13 62 105 , ;    1th set: 15 64 106 , ;    1th set: 16 65 107 , ;    1th set: 67 108 , ;    1th set: 3 57 84 120 , ;    1th set: 66 88 123 , ;    1th set: 19 20 21 22 24 25 26 68 69 70 71 89 90 92 94 110 111 125 126 144 145 146 175 176 187 189 201 227 288 , ;     
MCS.c880.243.matrix.txt 13 1th set: 8 61 87 122 , 2th set: 7 60 61 86 87 121 122 , 3th set: 5 7 60 86 121 , ;    1th set: 10 78 , ;    1th set: 11 79 , ;    1th set: 12 80 , ;    1th set: 17 81 , ;    1th set: 0 53 103 , ;    1th set: 13 62 105 , ;    1th set: 15 64 106 , ;    1th set: 16 65 107 , ;    1th set: 18 67 108 , ;    1th set: 66 88 123 , ;    1th set: 19 20 21 24 26 68 69 70 71 90 91 94 110 125 126 143 144 145 146 175 176 187 188 201 227 288 , ;    1th set: 35 37 38 39 40 41 42 74 75 76 77 96 98 99 100 117 118 141 142 163 164 166 185 186 199 200 202 228 289 , ;     
MCS.c880.244.matrix.txt 13 1th set: 44 363 371 375 379 382 , 2th set: 32 56 57 83 84 112 120 132 152 192 211 237 371 375 379 382 , 3th set: 3 57 84 120 , ;    1th set: 10 78 , ;    1th set: 11 79 , ;    1th set: 12 80 , ;    1th set: 17 81 , ;    1th set: 0 53 103 , ;    1th set: 13 62 105 , ;    1th set: 15 64 106 , ;    1th set: 16 65 107 , ;    1th set: 18 67 108 , ;    1th set: 66 88 123 , ;    1th set: 19 20 21 22 23 25 26 68 69 70 71 89 90 92 94 110 111 125 126 143 144 145 175 176 188 189 201 227 288 , ;    1th set: 36 37 39 40 41 74 75 76 77 98 100 101 118 141 142 163 164 165 185 186 199 200 202 228 289 , ;     
MCS.c880.245.matrix.txt 15 1th set: 212 213 214 239 240 266 293 356 364 372 376 , 2th set: 45 347 356 364 372 376 , ;    1th set: 218 219 220 245 246 272 297 340 349 358 366 , 2th set: 47 329 340 349 358 366 , ;    1th set: 1 55 104 , 2th set: 1 82 119 , 3th set: 2 54 82 119 , ;    1th set: 5 60 86 121 , 2th set: 5 61 87 122 , 3th set: 8 61 87 122 , ;    1th set: 10 78 , ;    1th set: 11 79 , ;    1th set: 17 81 , ;    1th set: 0 53 103 , ;    1th set: 13 62 105 , ;    1th set: 15 64 106 , ;    1th set: 16 65 107 , ;    1th set: 67 108 , ;    1th set: 66 88 123 , ;    1th set: 19 21 23 24 26 68 69 70 71 91 93 94 111 125 126 143 144 145 175 176 188 189 201 227 288 , ;    1th set: 36 37 38 39 40 41 74 75 76 77 96 98 100 101 117 118 141 142 163 165 185 186 200 228 289 , ;    