219 221 224 244 245 247 250 254 269 271 274 282 294 295 296 302 303 304 305 311 312 317 318 328 329 339 340 348 349 357 358 365 366 
3 28 31 45 56 83 112 134 135 153 154 170 180 193 212 213 214 215 238 239 240 241 242 266 267 268 269 293 295 309 310 315 327 338 339 347 348 356 357 364 365 372 376 
28 30 32 44 112 132 133 151 152 169 179 192 209 210 211 212 215 235 236 237 238 241 242 263 264 265 268 269 292 295 309 310 321 326 336 339 346 348 355 357 363 365 371 375 379 382 
9 31 32 45 112 113 134 135 153 154 170 180 193 212 213 214 215 238 239 240 241 242 266 267 268 269 293 295 309 310 315 327 338 339 347 348 356 357 364 365 372 376 
207 232 233 260 261 291 370 374 378 381 
219 244 245 272 273 297 340 349 358 366 
12 80 
0 53 103 
15 64 106 
16 65 107 
3 57 84 120 
19 22 23 24 25 26 68 69 70 71 91 92 93 111 125 126 143 144 146 175 176 188 189 201 227 288 
28 30 31 32 44 112 132 133 134 135 151 152 153 154 169 179 180 192 193 209 210 211 212 213 235 236 237 238 263 264 265 292 321 326 336 346 355 363 371 375 379 382 
