7 60 86 121 
4 5 31 33 45 58 59 73 85 95 109 113 115 124 127 134 135 136 153 154 157 170 180 182 193 195 212 213 214 218 238 239 240 242 244 266 267 271 293 294 302 303 309 310 311 316 317 327 328 338 339 347 348 356 357 364 365 372 376 
204 229 230 256 332 333 343 344 351 353 360 361 368 369 373 377 380 
9 114 136 137 155 156 157 181 182 194 195 216 218 242 244 271 294 302 303 311 317 328 339 348 357 365 
2 54 82 119 
5 60 86 121 
8 61 87 122 
10 78 
12 80 
17 81 
0 53 103 
16 65 107 
67 108 
1 82 119 
3 57 84 120 
5 61 87 122 
18 66 88 123 
19 21 22 23 24 26 68 69 70 71 89 91 93 94 110 111 125 126 143 144 145 146 175 176 187 188 201 227 288 
35 37 38 39 40 41 42 74 75 76 77 96 98 99 100 117 118 141 142 163 164 165 166 185 186 198 199 202 228 289 
4 27 29 30 32 33 58 73 95 112 113 115 127 128 129 130 131 132 133 147 148 149 150 151 152 177 178 179 190 191 192 203 204 206 209 210 230 232 235 259 286 287 323 324 332 333 344 353 361 369 373 377 380 
28 72 136 137 155 156 157 181 182 194 195 216 218 242 244 271 294 302 303 311 317 328 339 348 357 365 
4 28 30 31 33 44 58 72 73 95 113 115 127 132 133 134 135 137 151 152 153 154 155 156 169 179 180 181 192 193 194 209 210 211 212 215 216 235 236 237 238 241 263 264 265 268 292 309 310 321 326 336 346 355 363 371 375 379 382 
