4 14 58 63 95 127 156 181 194 217 243 339 348 357 365 
32 56 57 83 84 112 120 132 152 192 211 237 371 375 379 382 
32 56 57 83 84 112 120 128 148 190 203 229 256 351 360 368 
4 14 58 63 95 127 147 177 190 205 231 369 373 377 380 
4 14 58 63 95 127 149 178 191 204 206 232 259 324 343 351 360 368 
204 229 230 256 257 290 351 360 368 369 373 377 380 
207 232 233 260 261 291 370 374 378 381 
4 14 58 63 95 127 147 177 190 203 229 256 351 360 368 
206 207 208 233 234 260 291 370 374 378 381 
222 247 248 275 276 299 341 350 359 367 
221 222 223 248 249 275 299 341 350 359 367 
216 241 242 269 270 295 339 348 357 365 
215 216 217 242 243 269 295 339 348 357 365 
66 67 88 108 123 
11 79 
1 55 104 
13 62 105 
3 57 84 120 
5 60 86 121 
18 66 88 123 
50 249 341 350 359 367 
4 14 58 63 95 127 149 178 191 208 234 370 374 378 381 
