32 56 57 83 84 112 120 130 150 191 208 234 370 374 378 381 
32 56 57 83 84 112 120 132 152 192 211 237 371 375 379 382 
3 57 84 120 
3 4 27 30 56 58 83 95 112 113 115 127 128 129 132 133 147 148 151 152 177 179 190 192 203 204 206 209 210 229 230 232 235 256 259 286 287 323 324 332 343 351 360 368 
9 28 56 57 72 83 84 114 120 137 194 217 243 339 348 357 365 
212 213 214 239 240 266 293 356 364 372 376 
136 159 183 196 221 247 276 299 341 350 359 367 
221 222 223 248 249 275 299 341 350 359 367 
218 219 220 245 246 272 297 340 349 358 366 
225 250 251 280 281 301 320 331 342 352 
224 225 226 251 252 280 301 320 331 342 352 
1 55 104 
2 54 82 119 
5 60 86 121 
8 61 87 122 
10 78 
11 79 
17 81 
0 53 103 
13 62 105 
15 64 106 
16 65 107 
67 108 
1 82 119 
5 61 87 122 
66 88 123 
19 21 23 24 26 68 69 70 71 91 93 94 111 125 126 143 144 145 175 176 188 189 201 227 288 
36 37 38 39 40 41 74 75 76 77 96 98 100 101 117 118 141 142 163 165 185 186 200 228 289 
52 252 320 331 342 352 
46 328 339 348 357 365 
47 329 340 349 358 366 
136 159 183 196 223 249 341 350 359 367 
45 347 356 364 372 376 
3 4 27 28 56 58 72 83 95 102 113 115 127 128 129 147 148 167 177 190 203 204 205 229 230 231 257 258 290 353 361 369 373 377 380 
43 362 370 374 378 381 
44 363 371 375 379 382 
