203 206 207 208 229 232 234 256 259 264 267 286 287 292 293 323 324 343 351 356 360 364 368 370 371 372 374 375 376 378 379 381 382 
3 4 6 51 52 56 58 59 83 85 95 109 114 115 124 127 140 161 162 174 184 197 224 226 250 252 280 281 301 308 314 320 331 342 352 
4 6 9 51 52 58 59 85 95 109 114 115 124 127 140 161 162 174 184 197 224 226 250 252 280 281 301 308 314 320 331 342 352 
5 9 51 52 59 85 109 114 124 140 149 161 162 174 178 184 191 197 208 224 226 234 250 252 280 281 301 308 314 320 331 342 352 370 374 378 381 
136 159 183 196 223 249 341 350 359 367 
136 157 182 195 220 246 340 349 358 366 
2 54 82 119 
10 78 
11 79 
12 80 
17 81 
15 64 106 
1 82 119 
66 88 123 
19 20 21 22 23 25 26 68 69 70 71 89 90 92 94 110 111 125 126 143 144 145 175 176 188 189 201 227 288 
36 37 39 40 41 74 75 76 77 98 100 101 118 141 142 163 164 165 185 186 199 200 202 228 289 
4 5 9 51 52 58 59 85 95 109 114 115 124 127 140 161 162 174 184 197 224 226 250 252 280 281 301 308 314 320 331 342 352 
47 329 340 349 358 366 
49 330 341 350 359 367 
31 180 193 214 240 356 364 372 376 
29 178 191 208 234 370 374 378 381 
44 363 371 375 379 382 
