32 56 57 83 84 112 120 132 152 192 211 237 371 375 379 382 
54 55 82 104 119 
32 56 57 83 84 112 120 128 148 190 203 229 256 351 360 368 
4 14 58 63 95 127 147 177 190 205 231 369 373 377 380 
4 14 58 63 95 127 149 178 191 204 206 232 259 324 343 351 360 368 
204 229 230 256 257 290 351 360 368 369 373 377 380 
207 232 233 260 261 291 370 374 378 381 
4 14 58 63 95 127 147 177 190 203 229 256 351 360 368 
206 207 208 233 234 260 291 370 374 378 381 
213 238 239 266 267 293 356 364 372 376 
212 213 214 239 240 266 293 356 364 372 376 
222 247 248 275 276 299 341 350 359 367 
221 222 223 248 249 275 299 341 350 359 367 
216 241 242 269 270 295 339 348 357 365 
215 216 217 242 243 269 295 339 348 357 365 
1 55 104 
2 54 82 119 
5 60 86 121 
8 61 87 122 
66 67 88 108 123 
10 78 
11 79 
12 80 
17 81 
0 53 103 
13 62 105 
16 65 107 
1 82 119 
3 57 84 120 
5 61 87 122 
18 66 88 123 
19 22 23 24 25 26 68 69 70 71 91 92 93 111 125 126 143 144 146 175 176 188 189 201 227 288 
35 37 38 39 40 41 42 74 75 76 77 96 98 99 100 117 118 141 142 163 165 166 185 186 198 200 202 228 289 
52 252 320 331 342 352 
50 249 341 350 359 367 
28 31 134 135 153 154 180 193 212 213 239 266 293 356 364 372 376 
4 14 58 63 95 127 149 178 191 208 234 370 374 378 381 
