27 28 128 129 147 148 177 190 203 209 212 213 214 229 235 238 240 256 259 261 286 287 291 323 324 343 351 356 360 364 368 370 372 374 376 378 381 
32 56 57 83 84 112 120 134 154 193 214 240 356 364 372 376 
32 56 57 83 84 116 120 136 157 159 182 195 220 246 340 349 358 366 
27 28 29 128 129 130 131 132 147 148 149 150 152 177 178 190 191 192 203 206 209 211 212 213 214 229 232 235 237 238 240 256 259 286 287 323 324 343 351 356 360 364 368 371 372 375 376 379 382 
32 56 57 83 84 112 120 132 152 192 211 237 371 375 379 382 
3 27 28 29 30 56 83 112 128 129 130 131 132 133 147 148 149 150 151 152 177 178 179 190 191 192 203 206 209 210 212 229 232 235 238 256 259 286 287 323 324 343 351 360 368 
3 57 84 120 
32 56 57 83 84 112 120 130 150 191 208 234 370 374 378 381 
207 232 233 260 261 291 370 374 378 381 
3 32 56 57 83 84 112 120 
206 207 208 233 234 260 291 370 374 378 381 
225 250 251 280 281 301 320 331 342 352 
224 225 226 251 252 280 301 320 331 342 352 
49 330 341 350 359 367 
54 55 82 104 119 
10 78 
11 79 
12 80 
0 53 103 
15 64 106 
18 67 108 
2 54 82 119 
66 88 123 
20 21 22 23 25 26 68 69 70 71 89 91 92 94 110 111 125 126 143 145 146 175 176 187 189 201 227 288 
35 38 40 41 42 74 75 76 77 98 99 101 118 141 142 163 164 165 166 185 186 198 199 202 228 289 
52 252 320 331 342 352 
46 328 339 348 357 365 
47 329 340 349 358 366 
50 249 341 350 359 367 
3 28 29 56 83 112 130 131 149 150 178 191 206 207 233 260 291 370 374 378 381 
