114 138 157 158 182 195 213 216 218 219 224 225 226 245 250 252 254 263 274 282 283 292 294 296 304 305 309 310 312 318 320 321 326 329 331 336 337 340 342 346 349 352 355 358 363 366 371 375 379 382 
212 213 214 239 240 263 292 315 316 321 326 327 336 337 338 346 347 355 356 363 364 371 372 375 376 379 382 
114 137 155 156 181 194 215 216 242 266 293 302 303 309 310 311 315 316 317 327 328 338 339 347 348 356 357 364 365 372 376 
136 159 183 196 216 219 221 247 266 283 293 294 309 310 315 316 327 338 347 356 364 372 376 
29 178 191 206 232 261 291 370 374 378 381 
27 29 177 178 190 191 204 206 232 259 324 343 351 360 368 
29 178 191 206 232 257 259 290 324 332 333 344 353 361 369 373 377 380 
206 207 208 233 234 260 291 370 374 378 381 
212 213 214 239 240 266 293 356 364 372 376 
136 159 183 196 219 221 247 276 283 299 341 350 359 367 
136 159 183 196 219 221 247 269 283 294 295 302 303 311 317 328 339 348 357 365 
136 159 183 196 221 247 272 274 296 297 304 305 312 318 329 340 349 358 366 
221 222 223 248 249 275 299 341 350 359 367 
216 241 242 269 270 295 339 348 357 365 
215 216 217 242 243 269 295 339 348 357 365 
278 279 280 300 301 308 314 320 331 342 352 
2 54 82 119 
8 61 87 122 
10 78 
12 80 
13 62 105 
15 64 106 
16 65 107 
67 108 
1 82 119 
3 57 84 120 
5 61 87 122 
19 20 21 22 24 25 26 68 69 70 71 89 90 92 94 110 111 125 126 144 145 146 175 176 187 189 201 227 288 
114 137 155 156 181 194 215 216 242 269 295 339 348 357 365 
114 138 157 158 182 195 218 219 245 272 297 340 349 358 366 
136 159 183 196 223 249 341 350 359 367 
4 31 58 95 113 115 127 134 135 153 154 180 193 212 213 239 266 293 356 364 372 376 
27 177 190 205 231 369 373 377 380 
29 178 191 208 234 370 374 378 381 
30 112 113 132 133 136 151 152 159 179 183 192 196 210 213 216 219 221 236 247 283 294 309 310 321 326 336 337 346 355 363 371 375 379 382 
