7 60 86 121 
9 28 56 57 83 84 113 120 129 148 190 205 231 369 373 377 380 
54 55 82 104 119 
9 28 56 57 72 83 84 114 120 137 194 217 243 339 348 357 365 
212 213 214 239 240 266 293 356 364 372 376 
136 159 183 196 221 247 276 299 341 350 359 367 
221 222 223 248 249 275 299 341 350 359 367 
218 219 220 245 246 272 297 340 349 358 366 
225 250 251 280 281 301 320 331 342 352 
224 225 226 251 252 280 301 320 331 342 352 
1 55 104 
2 54 82 119 
5 60 86 121 
8 61 87 122 
10 78 
11 79 
0 53 103 
13 62 105 
15 64 106 
16 65 107 
67 108 
1 82 119 
3 57 84 120 
5 61 87 122 
66 88 123 
19 21 23 24 26 68 69 70 71 91 93 94 111 125 126 143 144 145 175 176 188 189 201 227 288 
52 252 320 331 342 352 
46 328 339 348 357 365 
47 329 340 349 358 366 
136 159 183 196 223 249 341 350 359 367 
45 347 356 364 372 376 
43 362 370 374 378 381 
44 363 371 375 379 382 
