28 31 45 132 134 135 152 153 154 170 180 192 193 209 210 212 213 214 215 236 238 239 240 241 242 263 266 267 268 269 292 293 295 309 310 315 327 338 339 347 348 356 357 364 365 371 372 375 376 379 382 
28 31 32 45 72 112 134 135 137 153 154 155 156 170 180 181 193 194 212 213 214 216 238 239 240 266 267 268 270 293 295 309 310 315 327 338 339 347 348 356 357 364 365 372 376 
28 31 32 45 72 112 134 135 137 153 154 155 156 170 180 181 193 194 213 214 215 216 239 240 241 263 265 266 267 268 292 293 309 310 315 326 327 336 337 338 346 347 355 356 363 364 371 372 375 376 379 382 
28 31 32 45 112 134 135 153 154 170 180 193 212 213 214 215 238 239 240 242 266 267 268 269 270 293 295 309 310 315 327 338 339 347 348 356 357 364 365 372 376 
4 28 34 58 72 73 95 115 127 138 157 158 182 195 218 219 245 272 297 340 349 358 366 
219 221 224 244 245 247 250 254 269 271 274 282 294 295 296 302 303 304 305 311 312 317 318 328 329 339 340 348 349 357 358 365 366 
9 31 32 45 112 113 134 135 153 154 170 180 193 212 213 214 215 238 239 240 241 242 266 267 268 269 293 295 309 310 315 327 338 339 347 348 356 357 364 365 372 376 
219 244 245 272 273 297 340 349 358 366 
12 80 
0 53 103 
16 65 107 
19 22 23 24 25 26 68 69 70 71 91 92 93 111 125 126 143 144 146 175 176 188 189 201 227 288 
28 31 32 45 72 112 134 135 137 153 154 155 156 170 180 181 193 194 212 213 214 215 216 238 239 240 241 266 267 268 293 309 310 315 327 338 347 356 364 372 376 
