46 51 52 137 139 140 155 156 161 162 171 174 181 184 194 196 197 216 217 223 225 226 242 243 249 251 252 269 270 280 281 295 301 308 314 317 320 328 331 339 341 342 348 350 352 357 359 365 367 
4 30 44 58 95 113 115 127 130 132 133 150 151 152 169 179 191 192 208 210 211 234 236 237 263 264 292 355 363 370 371 374 375 378 379 381 382 
4 28 30 44 56 57 58 83 84 95 112 115 120 127 132 133 151 152 169 179 192 210 211 236 237 263 264 292 355 363 371 375 379 382 
3 51 52 56 83 114 140 161 162 174 184 197 225 226 251 252 280 281 301 308 314 320 331 342 352 
9 46 114 137 155 156 171 181 194 216 217 242 243 269 270 295 317 328 339 348 357 365 
9 114 116 136 139 159 160 183 196 221 222 248 275 299 341 350 359 367 
204 207 232 233 259 260 291 324 343 351 360 368 370 374 378 381 
206 207 208 233 234 260 291 370 374 378 381 
212 213 214 239 240 266 293 356 364 372 376 
28 46 72 137 155 156 171 181 194 216 217 242 243 269 270 295 317 328 339 348 357 365 
28 51 52 72 140 161 162 174 184 197 225 226 251 252 280 281 301 308 314 320 331 342 352 
221 222 223 248 249 275 299 341 350 359 367 
10 78 
17 81 
0 53 103 
13 62 105 
15 64 106 
16 65 107 
1 82 119 
8 61 87 122 
66 88 123 
19 20 21 24 26 68 69 70 71 90 91 94 110 125 126 143 144 145 146 175 176 187 188 201 227 288 
35 37 38 39 40 41 42 74 75 76 77 96 98 99 100 117 118 141 142 163 164 166 185 186 199 200 202 228 289 
28 72 116 136 139 159 160 183 196 221 222 248 275 299 341 350 359 367 
27 177 190 203 229 256 351 360 368 
3 29 56 83 112 113 130 131 149 150 178 191 206 207 233 260 291 370 374 378 381 
4 31 58 95 113 115 127 134 135 153 154 180 193 212 213 239 266 293 356 364 372 376 
3 4 30 44 56 58 83 95 112 113 115 127 132 133 151 152 169 179 192 210 211 236 237 263 264 292 355 363 371 375 379 382 
