4 9 30 31 33 44 58 73 95 113 114 115 127 132 133 134 135 137 151 152 153 154 155 156 169 179 180 181 192 193 194 209 210 211 212 215 216 235 236 237 238 241 263 264 265 268 292 309 310 321 326 336 346 355 363 371 375 379 382 
28 30 31 44 72 132 133 134 135 137 147 151 152 153 154 155 156 169 177 179 180 181 190 192 193 194 203 209 210 211 212 215 216 229 235 236 237 238 241 258 263 264 265 268 290 292 309 310 321 326 336 346 355 363 369 371 373 375 377 379 380 382 
7 60 86 121 
4 5 28 29 30 31 32 33 43 44 58 59 72 73 85 95 109 112 115 124 127 130 131 132 133 134 135 137 149 150 151 152 153 154 155 156 168 169 178 179 180 181 191 192 193 194 206 207 208 210 211 212 215 216 232 233 234 236 237 238 241 260 261 262 263 264 265 268 291 292 309 310 321 325 326 335 336 345 346 354 355 362 363 370 371 374 375 378 379 381 382 
4 28 29 31 32 33 58 72 73 95 112 113 115 127 130 131 134 135 137 149 150 153 154 155 156 178 180 181 191 193 194 204 206 209 212 215 216 229 230 232 235 238 241 258 259 268 286 287 290 309 310 323 324 332 333 344 353 361 369 373 377 380 
4 28 30 31 33 44 58 72 73 95 115 127 132 133 134 135 137 151 152 153 154 155 156 169 179 180 181 192 193 194 209 210 211 212 215 216 235 236 237 238 241 263 264 265 268 292 309 310 321 326 336 346 355 363 371 375 379 382 
4 27 33 58 73 95 113 115 127 128 129 147 148 177 190 203 204 230 332 333 343 344 351 353 360 361 368 369 373 377 380 
4 27 29 30 32 33 58 73 95 112 113 115 127 128 129 130 131 132 133 147 148 149 150 151 152 177 178 179 190 191 192 203 204 206 209 210 230 232 235 259 286 287 323 324 332 333 344 353 361 369 373 377 380 
28 30 31 44 72 113 132 133 134 135 137 147 151 152 153 154 155 156 169 177 179 180 181 190 192 193 194 203 209 210 211 212 215 216 229 235 236 237 238 241 256 263 264 265 268 292 309 310 321 326 336 346 351 355 360 363 368 371 375 379 382 
204 229 230 256 332 333 343 344 351 353 360 361 368 369 373 377 380 
5 60 86 121 
8 61 87 122 
12 80 
16 65 107 
3 57 84 120 
5 61 87 122 
18 66 88 123 
19 21 22 23 24 26 68 69 70 71 89 91 93 94 110 111 125 126 143 144 145 146 175 176 187 188 201 227 288 
4 28 30 31 33 44 58 72 73 95 113 115 127 132 133 134 135 137 151 152 153 154 155 156 169 179 180 181 192 193 194 209 210 211 212 215 216 235 236 237 238 241 263 264 265 268 292 309 310 321 326 336 346 355 363 371 375 379 382 
