3 29 30 43 56 83 112 113 130 131 132 133 149 150 151 152 168 178 179 191 192 207 208 209 212 215 216 217 233 234 235 238 241 243 260 261 262 268 285 291 309 310 322 325 334 339 345 348 354 357 362 365 370 374 378 381 
28 72 139 140 159 160 161 162 183 184 196 197 221 222 224 248 250 253 277 298 306 307 313 319 330 341 350 359 367 
221 222 223 224 226 248 249 250 252 253 277 298 306 307 313 319 320 330 331 341 342 350 352 359 367 
219 220 222 225 245 246 250 251 278 279 282 296 300 304 305 308 312 314 318 320 329 331 340 342 349 352 358 366 
3 56 83 114 140 161 162 184 197 224 225 251 278 279 300 308 314 320 331 342 352 
224 225 226 251 252 278 279 300 308 314 320 331 342 352 
8 61 87 122 
17 81 
0 53 103 
1 55 104 
13 62 105 
16 65 107 
5 61 87 122 
35 36 37 38 40 41 74 75 76 77 96 97 101 117 141 142 163 164 165 166 185 186 198 199 202 228 289 
28 72 140 161 162 184 197 224 225 251 278 279 300 308 314 320 331 342 352 
46 328 339 348 357 365 
50 249 341 350 359 367 
3 28 29 30 43 56 72 83 112 116 130 131 132 133 136 137 149 150 151 152 155 156 168 178 179 181 191 192 194 207 208 209 212 215 216 233 234 235 238 241 260 261 262 268 285 291 309 310 322 325 334 345 354 362 370 374 378 381 
