203 204 205 230 231 257 290 369 373 377 380 
204 229 230 257 258 290 369 373 377 380 
4 14 58 63 95 127 147 177 190 203 229 258 290 369 373 377 380 
4 14 58 63 95 127 149 178 191 204 206 207 209 210 211 232 233 235 237 259 262 285 322 324 325 334 335 343 345 351 360 368 371 375 379 382 
4 14 58 63 95 127 156 181 194 217 243 339 348 357 365 
32 56 57 83 84 112 120 132 152 192 211 237 371 375 379 382 
4 14 58 63 95 127 147 177 190 203 229 256 351 360 368 
204 229 230 256 257 290 351 360 368 369 373 377 380 
216 241 242 269 270 295 339 348 357 365 
215 216 217 242 243 269 295 339 348 357 365 
66 67 88 108 123 
11 79 
1 55 104 
13 62 105 
3 57 84 120 
18 66 88 123 
4 14 58 63 95 127 147 177 190 205 231 369 373 377 380 
