4 28 31 45 58 95 114 115 127 132 134 135 138 152 153 154 157 158 170 180 182 192 193 195 209 210 212 214 218 221 224 235 236 238 240 244 247 250 255 264 265 266 267 268 270 271 283 284 292 293 294 295 309 310 321 326 336 337 338 339 346 347 348 356 357 364 365 371 372 375 376 379 382 
28 31 45 112 134 135 153 154 170 180 193 212 214 238 240 266 267 293 338 347 356 364 372 376 
54 55 82 104 119 
1 55 104 
2 54 82 119 
10 78 
17 81 
13 62 105 
1 82 119 
5 60 86 121 
31 45 112 113 134 135 153 154 170 180 193 212 214 238 240 266 267 293 338 347 356 364 372 376 
44 363 371 375 379 382 
