4 14 27 30 58 63 95 127 156 177 179 181 190 192 194 204 207 210 213 215 241 268 310 323 324 343 351 360 368 
4 14 27 58 63 95 127 149 177 178 190 191 204 206 232 259 324 343 351 360 368 
4 14 29 58 63 95 127 147 177 178 190 191 204 206 232 259 324 343 351 360 368 
5 60 86 121 
10 78 
12 80 
15 64 106 
18 67 108 
7 60 86 121 
66 88 123 
35 36 37 38 39 40 41 74 75 76 77 96 97 100 101 117 118 141 142 163 164 165 185 186 199 200 202 228 289 
27 29 177 178 190 191 204 206 232 259 324 343 351 360 368 
