5 60 86 121 
4 14 27 58 63 95 127 149 177 178 190 191 204 206 232 259 324 343 351 360 368 
4 14 29 58 63 95 127 147 177 178 190 191 204 206 232 259 324 343 351 360 368 
51 52 85 109 124 174 226 252 280 281 301 308 314 320 331 342 352 
45 170 173 214 240 266 267 293 338 341 347 350 356 359 364 367 372 376 
43 168 171 208 234 243 260 261 291 339 348 354 357 362 365 370 374 378 381 
43 168 173 208 234 260 261 291 341 350 354 359 362 367 370 374 378 381 
10 78 
11 79 
12 80 
17 81 
1 55 104 
15 64 106 
18 67 108 
7 60 86 121 
5 61 87 122 
66 88 123 
19 21 22 23 25 26 68 69 70 71 89 91 92 94 110 111 125 126 143 145 175 176 189 227 288 
35 36 37 38 39 40 41 74 75 76 77 96 97 100 101 117 118 141 142 163 164 165 185 186 199 200 202 228 289 
47 48 172 220 246 272 273 297 318 329 340 349 358 366 
27 29 177 178 190 191 204 206 232 259 324 343 351 360 368 
45 85 109 124 170 214 240 266 267 293 338 347 356 364 372 376 
102 167 205 231 257 258 290 353 361 369 373 377 380 
43 85 109 124 168 208 234 260 261 291 354 362 370 374 378 381 
44 169 211 237 263 264 292 355 363 371 375 379 382 
