7 60 86 121 
54 55 82 104 119 
3 4 31 56 58 83 95 113 115 127 134 135 153 154 180 193 212 213 239 266 293 356 364 372 376 
136 159 183 196 221 247 276 299 341 350 359 367 
221 222 223 248 249 275 299 341 350 359 367 
218 219 220 245 246 272 297 340 349 358 366 
1 55 104 
2 54 82 119 
5 60 86 121 
8 61 87 122 
10 78 
11 79 
13 62 105 
15 64 106 
16 65 107 
67 108 
1 82 119 
5 61 87 122 
66 88 123 
19 21 23 24 26 68 69 70 71 91 93 94 111 125 126 143 144 145 175 176 188 189 201 227 288 
46 328 339 348 357 365 
47 329 340 349 358 366 
136 159 183 196 223 249 341 350 359 367 
45 347 356 364 372 376 
43 362 370 374 378 381 
44 363 371 375 379 382 
