54 55 82 104 119 
4 6 9 51 52 58 59 85 95 109 114 115 124 127 140 161 162 174 184 197 224 226 250 252 280 281 301 308 314 320 331 342 352 
203 206 207 208 229 232 234 256 259 267 286 287 293 323 324 343 351 356 360 364 368 370 372 374 376 378 381 
32 56 57 83 84 112 120 132 152 192 211 237 371 375 379 382 
136 159 183 196 223 249 341 350 359 367 
136 157 182 195 220 246 340 349 358 366 
1 55 104 
2 54 82 119 
8 61 87 122 
10 78 
11 79 
12 80 
17 81 
0 53 103 
13 62 105 
15 64 106 
16 65 107 
1 82 119 
3 57 84 120 
5 61 87 122 
66 88 123 
19 20 21 22 23 25 26 68 69 70 71 89 90 92 94 110 111 125 126 143 144 145 175 176 188 189 201 227 288 
36 37 39 40 41 74 75 76 77 98 100 101 118 141 142 163 164 165 185 186 199 200 202 228 289 
4 5 9 51 52 58 59 85 95 109 114 115 124 127 140 161 162 174 184 197 224 226 250 252 280 281 301 308 314 320 331 342 352 
47 329 340 349 358 366 
49 330 341 350 359 367 
31 180 193 214 240 356 364 372 376 
29 178 191 208 234 370 374 378 381 
44 363 371 375 379 382 
