204 207 209 212 213 214 232 233 235 238 240 259 262 285 322 324 325 334 335 343 345 351 354 356 360 362 364 368 370 372 374 376 378 381 
207 232 233 260 261 291 370 374 378 381 
206 207 208 233 234 260 291 370 374 378 381 
225 250 251 280 281 301 320 331 342 352 
224 225 226 251 252 280 301 320 331 342 352 
11 79 
15 64 106 
66 88 123 
35 38 40 41 42 74 75 76 77 98 99 101 118 141 142 163 164 165 166 185 186 198 199 202 228 289 
52 252 320 331 342 352 
46 328 339 348 357 365 
3 28 29 56 83 112 130 131 149 150 178 191 206 207 233 260 291 370 374 378 381 
