9 51 52 114 140 161 162 174 184 197 225 226 251 252 280 281 301 308 314 320 331 342 352 
204 207 232 233 259 260 291 324 343 351 360 368 370 374 378 381 
206 207 208 233 234 260 291 370 374 378 381 
212 213 214 239 240 266 293 356 364 372 376 
17 81 
0 53 103 
13 62 105 
15 64 106 
16 65 107 
1 82 119 
8 61 87 122 
35 37 38 39 40 41 42 74 75 76 77 96 98 99 100 117 118 141 142 163 164 166 185 186 199 200 202 228 289 
28 51 52 72 140 161 162 174 184 197 225 226 251 252 280 281 301 308 314 320 331 342 352 
27 177 190 203 229 256 351 360 368 
4 31 58 95 113 115 127 134 135 153 154 180 193 212 213 239 266 293 356 364 372 376 
3 29 56 83 112 113 130 131 149 150 178 191 206 207 233 260 291 370 374 378 381 
