28 29 30 43 56 57 72 83 84 112 116 120 130 131 132 133 136 137 149 150 151 152 155 156 168 178 179 181 191 192 194 207 208 209 212 215 216 233 234 235 238 241 260 261 262 268 285 291 309 310 322 325 334 345 354 362 370 374 378 381 
3 4 14 28 29 30 43 44 56 58 63 83 85 95 109 112 113 124 127 130 131 132 133 149 150 151 152 153 168 169 178 179 180 191 192 193 207 208 209 210 211 212 213 233 234 235 236 237 238 260 261 262 263 264 285 291 292 321 322 325 326 334 337 345 346 354 355 362 363 370 371 374 375 378 379 381 382 
3 29 30 43 56 83 112 113 114 116 130 131 132 133 136 137 149 150 151 152 155 156 168 178 179 181 191 192 194 207 208 209 212 215 216 233 234 235 238 241 260 261 262 268 285 291 309 310 322 325 334 345 354 362 370 374 378 381 
3 29 30 43 56 83 112 113 130 131 132 133 149 150 151 152 168 178 179 191 192 207 208 209 212 215 216 217 233 234 235 238 241 243 260 261 262 268 285 291 309 310 322 325 334 339 345 348 354 357 362 365 370 374 378 381 
204 229 230 256 332 333 343 344 351 353 360 361 368 369 373 377 380 
224 225 226 251 252 278 279 300 308 314 320 331 342 352 
8 61 87 122 
12 80 
17 81 
0 53 103 
1 55 104 
13 62 105 
15 64 106 
16 65 107 
5 61 87 122 
35 36 37 38 40 41 74 75 76 77 96 97 101 117 141 142 163 164 165 166 185 186 198 199 202 228 289 
46 328 339 348 357 365 
50 249 341 350 359 367 
28 72 102 361 369 373 377 380 
3 28 29 30 43 56 72 83 112 116 130 131 132 133 136 137 149 150 151 152 155 156 168 178 179 181 191 192 194 207 208 209 212 215 216 233 234 235 238 241 260 261 262 268 285 291 309 310 322 325 334 345 354 362 370 374 378 381 
