28 29 43 130 131 149 150 151 168 178 179 191 192 206 207 208 209 210 211 232 233 234 235 237 260 261 262 285 291 322 325 334 345 354 362 370 371 374 375 378 379 381 382 
28 29 43 130 131 149 150 162 168 178 184 191 197 206 207 208 209 210 211 226 232 233 234 235 237 252 260 261 262 285 291 320 322 325 331 334 342 345 352 354 362 370 371 374 375 378 379 381 382 
4 28 31 45 58 95 113 114 115 116 127 134 135 136 137 138 139 140 153 154 155 156 157 158 159 160 161 162 170 180 181 182 183 184 193 194 195 196 197 212 213 214 215 218 221 224 225 238 239 240 241 244 247 250 255 266 267 268 271 283 284 293 294 309 310 315 327 338 347 356 364 372 376 
4 28 29 43 58 95 115 127 130 131 149 150 168 178 191 206 207 208 209 210 211 232 233 234 235 237 260 261 262 285 291 322 325 334 345 354 362 370 371 374 375 378 379 381 382 
4 28 29 43 58 95 115 127 130 131 149 150 168 178 191 206 207 208 209 210 211 212 232 233 234 235 237 238 260 261 262 285 291 322 325 334 345 354 362 370 371 374 375 378 379 381 382 
4 58 95 114 115 116 127 136 137 138 139 140 155 156 157 158 159 160 161 162 181 182 183 184 194 195 196 197 215 216 218 221 224 225 242 244 247 250 255 271 283 284 294 302 303 311 317 328 339 348 357 365 
28 31 45 134 135 153 154 170 180 193 212 213 214 238 239 240 266 267 268 269 270 293 295 302 303 309 310 311 315 317 327 328 338 339 347 348 356 357 364 365 372 376 
28 31 45 134 135 153 154 170 180 193 212 213 214 238 239 240 241 242 266 267 268 269 270 293 295 309 310 315 327 338 339 347 348 356 357 364 365 372 376 
204 229 230 256 257 290 351 360 368 369 373 377 380 
219 244 245 272 273 297 340 349 358 366 
218 219 220 245 246 272 297 340 349 358 366 
216 241 242 269 270 295 339 348 357 365 
215 216 217 242 243 269 295 339 348 357 365 
278 279 280 300 301 308 314 320 331 342 352 
1 55 104 
2 54 82 119 
5 60 86 121 
8 61 87 122 
10 78 
11 79 
12 80 
17 81 
0 53 103 
13 62 105 
15 64 106 
16 65 107 
67 108 
1 82 119 
5 61 87 122 
66 88 123 
19 20 21 22 23 25 68 69 70 71 89 90 94 110 125 126 144 145 146 175 176 187 189 201 227 288 
35 36 38 39 41 42 74 75 76 77 97 98 99 101 117 118 141 142 163 164 165 166 185 186 198 199 202 228 289 
4 58 95 114 115 127 138 157 158 182 195 218 219 245 272 297 340 349 358 366 
27 112 113 128 129 147 148 177 190 203 204 230 257 290 369 373 377 380 
4 29 31 43 58 95 113 115 127 130 131 134 135 149 150 153 154 168 178 180 191 193 206 207 208 209 212 213 232 233 234 235 238 260 261 262 285 291 322 325 334 345 354 362 370 374 378 381 
