4 28 29 43 58 95 115 127 130 131 149 150 168 178 191 206 207 208 209 210 211 212 232 233 234 235 237 238 260 261 262 285 291 322 325 334 345 354 362 370 371 374 375 378 379 381 382 
4 29 43 58 95 113 115 127 130 131 149 150 168 178 191 204 207 208 209 212 213 214 233 234 235 238 240 259 260 261 262 285 291 322 324 325 334 343 345 351 354 356 360 362 364 368 370 372 374 376 378 381 
4 29 43 58 95 113 115 127 130 131 149 150 168 178 191 206 207 208 210 211 212 232 233 234 237 238 260 261 262 264 285 291 292 322 325 334 345 354 362 370 371 374 375 378 379 381 382 
4 29 43 58 95 113 115 127 130 131 149 150 168 178 191 206 207 208 209 210 211 232 233 234 235 237 260 261 262 285 291 322 325 334 345 354 362 370 371 374 375 378 379 381 382 
4 58 95 114 115 116 127 136 137 155 156 181 194 215 216 242 266 293 302 303 309 310 311 315 316 317 327 328 338 339 347 348 356 357 364 365 372 376 
4 58 95 114 115 127 140 161 162 184 197 225 251 278 279 300 308 314 320 331 342 352 
29 43 113 130 131 149 150 151 168 178 179 191 192 206 207 208 209 211 212 213 214 232 233 234 235 237 238 240 260 261 262 285 291 322 325 334 345 354 356 362 364 370 371 372 374 375 376 378 379 381 382 
216 241 242 269 270 295 339 348 357 365 
215 216 217 242 243 269 295 339 348 357 365 
278 279 280 300 301 308 314 320 331 342 352 
10 78 
0 53 103 
1 55 104 
4 29 31 43 58 95 113 115 127 130 131 134 135 149 150 153 154 168 178 180 191 193 206 207 208 209 212 213 232 233 234 235 238 260 261 262 285 291 322 325 334 345 354 362 370 374 378 381 
