28 29 112 130 131 136 149 150 151 153 155 157 178 179 180 181 182 191 192 193 194 195 206 207 210 213 216 219 222 225 233 255 260 291 294 309 310 322 325 334 335 345 354 362 370 374 378 381 
28 29 112 130 131 149 150 162 178 184 191 197 206 207 224 233 251 260 278 279 291 300 308 314 320 331 342 352 370 374 378 381 
136 157 182 195 219 222 225 255 269 294 295 302 303 311 317 328 339 348 357 365 
28 31 45 134 135 153 154 156 170 180 181 193 194 212 213 214 215 216 238 239 240 241 242 266 267 268 269 293 295 309 310 315 327 338 339 347 348 356 357 364 365 372 376 
28 31 45 134 135 153 154 162 170 180 184 193 197 212 213 214 215 224 238 239 240 241 242 250 266 267 268 269 281 293 295 301 309 310 315 320 327 331 338 339 342 347 348 352 356 357 364 365 372 376 
4 27 28 29 30 58 95 112 115 127 128 129 130 131 132 133 147 148 149 150 151 152 177 178 179 190 191 192 203 206 209 210 215 229 232 235 241 242 256 259 268 269 286 287 295 309 310 323 324 339 343 348 351 357 360 365 368 
4 9 31 45 58 95 113 115 127 134 135 153 154 170 180 193 212 213 214 215 238 239 240 241 242 266 267 268 269 293 295 309 310 315 327 338 339 347 348 356 357 364 365 372 376 
4 9 29 58 95 112 113 115 127 130 131 149 150 178 191 206 207 209 212 215 233 235 238 241 242 262 268 269 285 295 309 310 322 325 334 335 339 345 348 354 357 362 365 370 374 378 381 
4 27 28 30 58 95 112 115 127 128 129 132 133 147 148 151 152 177 179 190 192 203 209 210 215 229 235 241 242 256 259 261 268 269 286 287 291 295 309 310 323 324 339 343 348 351 357 360 365 368 370 374 378 381 
4 28 31 45 58 95 115 127 134 135 153 154 170 180 193 212 213 214 215 238 239 240 241 242 266 267 268 269 293 295 309 310 315 327 338 339 347 348 356 357 364 365 372 376 
4 28 29 58 95 112 115 127 130 131 149 150 178 191 206 207 233 260 291 370 374 378 381 
209 212 232 233 235 238 256 258 259 260 261 286 287 290 291 323 324 343 351 360 368 369 370 373 374 377 378 380 381 
225 248 253 254 272 296 297 298 304 305 306 307 312 313 318 319 329 330 340 341 349 350 358 359 366 367 
256 257 258 290 332 333 343 344 351 353 360 361 368 369 373 377 380 
229 230 256 257 258 290 343 351 360 368 369 373 377 380 
207 232 233 260 261 291 370 374 378 381 
222 247 248 275 276 299 341 350 359 367 
204 229 230 257 258 290 369 373 377 380 
225 253 275 298 299 306 307 313 319 330 341 350 359 367 
136 155 181 194 215 216 242 269 295 339 348 357 365 
222 225 254 272 296 297 304 305 312 318 329 340 349 358 366 
225 250 251 280 281 301 320 331 342 352 
278 279 280 300 301 308 314 320 331 342 352 
1 55 104 
2 54 82 119 
8 61 87 122 
10 78 
11 79 
12 80 
17 81 
0 53 103 
13 62 105 
15 64 106 
16 65 107 
18 67 108 
1 82 119 
3 57 84 120 
5 61 87 122 
66 88 123 
19 20 21 23 25 68 69 70 71 90 91 94 110 125 126 143 145 146 175 176 187 189 201 227 288 
35 38 40 41 74 75 76 77 98 101 141 142 163 164 166 185 186 199 200 202 228 289 
136 157 182 195 218 219 245 272 297 340 349 358 366 
4 58 95 114 115 127 139 159 160 183 196 221 222 248 275 299 341 350 359 367 
27 28 112 128 129 147 148 177 190 203 204 230 257 290 369 373 377 380 
4 28 30 31 44 58 95 115 127 132 133 134 135 151 152 153 154 169 179 180 192 193 209 210 211 212 213 235 236 237 238 263 264 265 292 321 326 336 346 355 363 371 375 379 382 
