54 55 82 104 119 
136 157 182 195 218 219 221 224 245 247 250 254 274 282 296 304 305 312 318 329 340 349 358 366 
136 161 184 197 224 225 251 278 279 300 308 314 320 331 342 352 
28 29 30 112 130 131 149 150 178 179 191 192 207 209 233 235 262 325 334 335 345 354 362 370 374 378 381 
209 210 211 212 213 214 236 237 238 240 265 321 326 336 337 346 355 356 363 364 371 372 375 376 379 382 
4 9 27 58 95 112 113 115 127 128 129 147 148 177 190 203 204 229 256 343 351 360 368 
4 27 28 58 95 112 115 127 128 129 147 148 177 190 203 204 229 256 343 351 360 368 
203 204 205 229 231 256 343 351 360 368 369 373 377 380 
136 161 184 197 226 252 320 331 342 352 
136 157 182 195 220 246 340 349 358 366 
1 55 104 
2 54 82 119 
7 60 61 86 87 121 122 
10 78 
11 79 
12 80 
17 81 
0 53 103 
13 62 105 
15 64 106 
16 65 107 
67 108 
1 82 119 
3 57 84 120 
5 61 87 122 
18 66 88 123 
19 20 21 22 24 26 68 69 70 71 89 90 94 110 125 126 144 146 175 176 189 227 288 
36 37 38 40 42 74 75 76 77 96 98 101 117 141 142 163 164 166 185 186 199 200 202 228 289 
52 252 320 331 342 352 
48 246 340 349 358 366 
50 249 341 350 359 367 
28 72 102 361 369 373 377 380 
43 362 370 374 378 381 
30 179 192 211 237 371 375 379 382 
