28 29 30 43 128 130 131 132 133 148 149 150 151 152 168 178 179 190 191 192 203 207 208 209 212 215 218 219 220 229 233 234 235 238 241 244 246 255 256 260 261 262 268 271 283 284 285 291 294 309 310 322 325 334 340 345 349 351 354 358 360 362 366 368 370 374 378 381 
3 28 29 30 43 56 83 114 116 128 130 131 132 133 136 137 148 149 150 151 152 155 156 168 178 179 181 190 191 192 194 203 207 208 209 212 215 216 229 233 234 235 238 241 256 260 261 262 268 285 291 309 310 322 325 334 345 351 354 360 362 368 370 374 378 381 
3 28 29 30 43 44 56 83 85 109 112 113 114 116 124 130 131 132 133 136 137 149 150 151 152 155 156 168 169 178 179 181 191 192 194 207 208 211 212 215 216 233 234 235 236 237 238 241 260 261 262 263 264 265 268 285 291 292 309 310 321 322 325 326 334 336 345 346 354 355 362 363 370 371 374 375 378 379 381 382 
3 28 29 30 43 44 56 83 85 109 112 113 114 116 124 130 131 132 133 136 137 149 150 151 152 155 156 168 169 178 179 181 191 192 194 207 208 209 210 211 215 216 233 234 235 236 237 241 260 261 262 263 264 265 268 285 291 292 309 310 322 325 326 334 337 345 346 354 355 362 363 370 371 374 375 378 379 381 382 
3 4 14 28 29 30 43 44 56 58 63 83 85 95 109 112 113 124 127 130 131 132 133 149 150 151 152 153 168 169 178 179 180 191 192 193 207 208 209 210 211 212 213 233 234 235 236 237 238 260 261 262 263 264 285 291 292 321 322 325 326 334 337 345 346 354 355 362 363 370 371 374 375 378 379 381 382 
28 29 30 43 56 57 83 84 112 120 130 131 132 133 149 150 151 152 168 178 179 191 192 207 208 209 212 215 218 219 220 233 234 235 238 241 244 246 255 260 261 262 268 271 283 284 285 291 294 309 310 322 325 334 340 345 349 354 358 362 366 370 374 378 381 
3 29 30 43 56 83 112 113 114 116 130 131 132 133 136 137 149 150 151 152 155 156 168 178 179 181 191 192 194 207 208 209 212 215 216 233 234 235 238 241 260 261 262 268 285 291 309 310 322 325 334 345 354 362 370 374 378 381 
219 220 222 225 245 246 250 251 278 279 282 296 300 304 305 308 312 314 318 320 329 331 340 342 349 352 358 366 
224 225 226 251 252 278 279 300 308 314 320 331 342 352 
1 55 104 
16 65 107 
28 72 140 161 162 184 197 224 225 251 278 279 300 308 314 320 331 342 352 
3 28 29 30 43 56 72 83 112 116 130 131 132 133 136 137 149 150 151 152 155 156 168 178 179 181 191 192 194 207 208 209 212 215 216 233 234 235 238 241 260 261 262 268 285 291 309 310 322 325 334 345 354 362 370 374 378 381 
