204 
 4 229 
 27 229 
 29 229 
 30 229 
 32 229 
 33 229 
 58 229 
 73 229 
 95 229 
 112 229 
 113 229 
 115 229 
 127 229 
 128 229 
 129 229 
 130 229 
 131 229 
 132 229 
 133 229 
 147 229 
 148 229 
 149 229 
 150 229 
 151 229 
 152 229 
 177 229 
 178 229 
 179 229 
 190 229 
 191 229 
 192 229 
 203 229 
 206 229 
 209 229 
 210 229 
 229 232 
 229 235 
 229 259 
 229 286 
 229 287 
 229 323 
 229 324 
 230 
 4 256 
 27 256 
 29 256 
 30 256 
 32 256 
 33 256 
 58 256 
 73 256 
 95 256 
 112 256 
 113 256 
 115 256 
 127 256 
 128 256 
 129 256 
 130 256 
 131 256 
 132 256 
 133 256 
 147 256 
 148 256 
 149 256 
 150 256 
 151 256 
 152 256 
 177 256 
 178 256 
 179 256 
 190 256 
 191 256 
 192 256 
 203 256 
 206 256 
 209 256 
 210 256 
 232 256 
 235 256 
 256 259 
 256 286 
 256 287 
 256 323 
 256 324 
 332 
 333 
 4 343 
 27 343 
 29 343 
 30 343 
 32 343 
 33 343 
 58 343 
 73 343 
 95 343 
 112 343 
 113 343 
 115 343 
 127 343 
 128 343 
 129 343 
 130 343 
 131 343 
 132 343 
 133 343 
 147 343 
 148 343 
 149 343 
 150 343 
 151 343 
 152 343 
 177 343 
 178 343 
 179 343 
 190 343 
 191 343 
 192 343 
 203 343 
 206 343 
 209 343 
 210 343 
 232 343 
 235 343 
 259 343 
 286 343 
 287 343 
 323 343 
 324 343 
 344 
 4 351 
 27 351 
 29 351 
 30 351 
 32 351 
 33 351 
 58 351 
 73 351 
 95 351 
 112 351 
 113 351 
 115 351 
 127 351 
 128 351 
 129 351 
 130 351 
 131 351 
 132 351 
 133 351 
 147 351 
 148 351 
 149 351 
 150 351 
 151 351 
 152 351 
 177 351 
 178 351 
 179 351 
 190 351 
 191 351 
 192 351 
 203 351 
 206 351 
 209 351 
 210 351 
 232 351 
 235 351 
 259 351 
 286 351 
 287 351 
 323 351 
 324 351 
 353 
 4 360 
 27 360 
 29 360 
 30 360 
 32 360 
 33 360 
 58 360 
 73 360 
 95 360 
 112 360 
 113 360 
 115 360 
 127 360 
 128 360 
 129 360 
 130 360 
 131 360 
 132 360 
 133 360 
 147 360 
 148 360 
 149 360 
 150 360 
 151 360 
 152 360 
 177 360 
 178 360 
 179 360 
 190 360 
 191 360 
 192 360 
 203 360 
 206 360 
 209 360 
 210 360 
 232 360 
 235 360 
 259 360 
 286 360 
 287 360 
 323 360 
 324 360 
 361 
 4 368 
 27 368 
 29 368 
 30 368 
 32 368 
 33 368 
 58 368 
 73 368 
 95 368 
 112 368 
 113 368 
 115 368 
 127 368 
 128 368 
 129 368 
 130 368 
 131 368 
 132 368 
 133 368 
 147 368 
 148 368 
 149 368 
 150 368 
 151 368 
 152 368 
 177 368 
 178 368 
 179 368 
 190 368 
 191 368 
 192 368 
 203 368 
 206 368 
 209 368 
 210 368 
 232 368 
 235 368 
 259 368 
 286 368 
 287 368 
 323 368 
 324 368 
 369 
 373 
 377 
 380 
 0.235146 
263 

5 7 
 60 
 86 
 121 
 0.000490 
4 

12 
 80 
 0.000040 
2 

16 
 65 
 107 
 0.000089 
3 

3 
 57 
 84 
 120 
 0.000081 
4 

18 
 66 
 88 
 123 
 0.000064 
4 

19 
 21 
 22 
 23 
 24 
 26 
 68 
 69 
 70 
 71 
 89 
 91 
 93 
 94 
 110 
 111 
 125 
 126 
 143 
 144 
 145 
 146 
 175 
 176 
 187 
 188 
 201 
 227 
 288 
 0.000395 
29 

47 49 136 
 49 136 329 
 49 136 340 
 49 136 349 
 49 136 358 
 49 136 366 
 47 136 330 
 136 329 330 
 136 330 340 
 136 330 349 
 136 330 358 
 136 330 366 
 47 136 341 
 136 329 341 
 47 136 350 
 136 329 350 
 47 136 359 
 136 329 359 
 47 136 367 
 136 329 367 
 47 49 157 159 
 49 157 159 329 
 47 157 159 330 
 157 159 329 330 
 47 49 159 182 
 49 159 182 329 
 47 159 182 330 
 159 182 329 330 
 47 49 159 195 
 49 159 195 329 
 47 159 195 330 
 159 195 329 330 
 47 49 159 220 
 49 159 220 329 
 47 159 220 330 
 159 220 329 330 
 47 49 159 246 
 49 159 246 329 
 47 159 246 330 
 159 246 329 330 
 49 159 340 
 159 330 340 
 49 159 349 
 159 330 349 
 49 159 358 
 159 330 358 
 49 159 366 
 159 330 366 
 47 49 157 183 
 49 157 183 329 
 47 157 183 330 
 157 183 329 330 
 47 49 182 183 
 49 182 183 329 
 47 182 183 330 
 182 183 329 330 
 47 49 183 195 
 49 183 195 329 
 47 183 195 330 
 183 195 329 330 
 47 49 183 220 
 49 183 220 329 
 47 183 220 330 
 183 220 329 330 
 47 49 183 246 
 49 183 246 329 
 47 183 246 330 
 183 246 329 330 
 49 183 340 
 183 330 340 
 49 183 349 
 183 330 349 
 49 183 358 
 183 330 358 
 49 183 366 
 183 330 366 
 47 49 157 196 
 49 157 196 329 
 47 157 196 330 
 157 196 329 330 
 47 49 182 196 
 49 182 196 329 
 47 182 196 330 
 182 196 329 330 
 47 49 195 196 
 49 195 196 329 
 47 195 196 330 
 195 196 329 330 
 47 49 196 220 
 49 196 220 329 
 47 196 220 330 
 196 220 329 330 
 47 49 196 246 
 49 196 246 329 
 47 196 246 330 
 196 246 329 330 
 49 196 340 
 196 330 340 
 49 196 349 
 196 330 349 
 49 196 358 
 196 330 358 
 49 196 366 
 196 330 366 
 47 49 157 223 
 49 157 223 329 
 47 157 223 330 
 157 223 329 330 
 47 49 182 223 
 49 182 223 329 
 47 182 223 330 
 182 223 329 330 
 47 49 195 223 
 49 195 223 329 
 47 195 223 330 
 195 223 329 330 
 47 49 220 223 
 49 220 223 329 
 47 220 223 330 
 220 223 329 330 
 47 49 223 246 
 49 223 246 329 
 47 223 246 330 
 223 246 329 330 
 49 223 340 
 223 330 340 
 49 223 349 
 223 330 349 
 49 223 358 
 223 330 358 
 49 223 366 
 223 330 366 
 47 49 157 249 
 49 157 249 329 
 47 157 249 330 
 157 249 329 330 
 47 49 182 249 
 49 182 249 329 
 47 182 249 330 
 182 249 329 330 
 47 49 195 249 
 49 195 249 329 
 47 195 249 330 
 195 249 329 330 
 47 49 220 249 
 49 220 249 329 
 47 220 249 330 
 220 249 329 330 
 47 49 246 249 
 49 246 249 329 
 47 246 249 330 
 246 249 329 330 
 49 249 340 
 249 330 340 
 49 249 349 
 249 330 349 
 49 249 358 
 249 330 358 
 49 249 366 
 249 330 366 
 47 157 341 
 157 329 341 
 47 182 341 
 182 329 341 
 47 195 341 
 195 329 341 
 47 220 341 
 220 329 341 
 47 246 341 
 246 329 341 
 340 341 
 341 349 
 341 358 
 341 366 
 47 157 350 
 157 329 350 
 47 182 350 
 182 329 350 
 47 195 350 
 195 329 350 
 47 220 350 
 220 329 350 
 47 246 350 
 246 329 350 
 340 350 
 349 350 
 350 358 
 350 366 
 47 157 359 
 157 329 359 
 47 182 359 
 182 329 359 
 47 195 359 
 195 329 359 
 47 220 359 
 220 329 359 
 47 246 359 
 246 329 359 
 340 359 
 349 359 
 358 359 
 359 366 
 47 157 367 
 157 329 367 
 47 182 367 
 182 329 367 
 47 195 367 
 195 329 367 
 47 220 367 
 220 329 367 
 47 246 367 
 246 329 367 
 340 367 
 349 367 
 358 367 
 366 367 
 1.682327 
216 

1 2 
 1 54 
 82 
 119 
 0.000415 
4 

10 
 78 
 0.000038 
2 

11 
 79 
 0.000039 
2 

17 
 81 
 0.000051 
2 

15 
 64 
 106 
 0.000047 
3 

66 
 88 
 123 
 0.000047 
3 

19 
 20 
 21 
 22 
 23 
 25 
 26 
 68 
 69 
 70 
 71 
 89 
 90 
 92 
 94 
 110 
 111 
 125 
 126 
 143 
 144 
 145 
 175 
 176 
 188 
 189 
 201 
 227 
 288 
 0.000319 
29 

36 
 37 
 39 
 40 
 41 
 74 
 75 
 76 
 77 
 98 
 100 
 101 
 118 
 141 
 142 
 163 
 164 
 165 
 185 
 186 
 199 
 200 
 202 
 228 
 289 
 0.000319 
25 

28 46 
 46 72 
 46 102 
 46 361 
 46 369 
 46 373 
 46 377 
 46 380 
 28 85 
 72 85 
 85 102 
 85 361 
 85 369 
 85 373 
 85 377 
 85 380 
 28 109 
 72 109 
 102 109 
 109 361 
 109 369 
 109 373 
 109 377 
 109 380 
 28 114 
 72 114 
 102 114 
 114 361 
 114 369 
 114 373 
 114 377 
 114 380 
 28 124 
 72 124 
 102 124 
 124 361 
 124 369 
 124 373 
 124 377 
 124 380 
 28 137 
 72 137 
 102 137 
 137 361 
 137 369 
 137 373 
 137 377 
 137 380 
 4 28 147 
 4 72 147 
 4 102 147 
 4 147 361 
 28 58 147 
 58 72 147 
 58 102 147 
 58 147 361 
 28 95 147 
 72 95 147 
 95 102 147 
 95 147 361 
 28 115 147 
 72 115 147 
 102 115 147 
 115 147 361 
 28 127 147 
 72 127 147 
 102 127 147 
 127 147 361 
 28 155 
 72 155 
 102 155 
 155 361 
 155 369 
 155 373 
 155 377 
 155 380 
 28 156 
 72 156 
 102 156 
 156 361 
 156 369 
 156 373 
 156 377 
 156 380 
 28 171 
 72 171 
 102 171 
 171 361 
 171 369 
 171 373 
 171 377 
 171 380 
 4 28 177 
 4 72 177 
 4 102 177 
 4 177 361 
 28 58 177 
 58 72 177 
 58 102 177 
 58 177 361 
 28 95 177 
 72 95 177 
 95 102 177 
 95 177 361 
 28 115 177 
 72 115 177 
 102 115 177 
 115 177 361 
 28 127 177 
 72 127 177 
 102 127 177 
 127 177 361 
 28 181 
 72 181 
 102 181 
 181 361 
 181 369 
 181 373 
 181 377 
 181 380 
 4 28 190 
 4 72 190 
 4 102 190 
 4 190 361 
 28 58 190 
 58 72 190 
 58 102 190 
 58 190 361 
 28 95 190 
 72 95 190 
 95 102 190 
 95 190 361 
 28 115 190 
 72 115 190 
 102 115 190 
 115 190 361 
 28 127 190 
 72 127 190 
 102 127 190 
 127 190 361 
 28 194 
 72 194 
 102 194 
 194 361 
 194 369 
 194 373 
 194 377 
 194 380 
 4 28 205 
 4 72 205 
 4 102 205 
 4 205 361 
 28 58 205 
 58 72 205 
 58 102 205 
 58 205 361 
 28 95 205 
 72 95 205 
 95 102 205 
 95 205 361 
 28 115 205 
 72 115 205 
 102 115 205 
 115 205 361 
 28 127 205 
 72 127 205 
 102 127 205 
 127 205 361 
 28 215 
 72 215 
 102 215 
 215 361 
 215 369 
 215 373 
 215 377 
 215 380 
 28 217 
 72 217 
 102 217 
 217 361 
 217 369 
 217 373 
 217 377 
 217 380 
 4 28 231 
 4 72 231 
 4 102 231 
 4 231 361 
 28 58 231 
 58 72 231 
 58 102 231 
 58 231 361 
 28 95 231 
 72 95 231 
 95 102 231 
 95 231 361 
 28 115 231 
 72 115 231 
 102 115 231 
 115 231 361 
 28 127 231 
 72 127 231 
 102 127 231 
 127 231 361 
 28 241 
 72 241 
 102 241 
 241 361 
 241 369 
 241 373 
 241 377 
 241 380 
 28 243 
 72 243 
 102 243 
 243 361 
 243 369 
 243 373 
 243 377 
 243 380 
 28 269 
 72 269 
 102 269 
 269 361 
 269 369 
 269 373 
 269 377 
 269 380 
 28 270 
 72 270 
 102 270 
 270 361 
 270 369 
 270 373 
 270 377 
 270 380 
 28 295 
 72 295 
 102 295 
 295 361 
 295 369 
 295 373 
 295 377 
 295 380 
 28 317 
 72 317 
 102 317 
 317 361 
 317 369 
 317 373 
 317 377 
 317 380 
 28 328 
 72 328 
 102 328 
 328 361 
 328 369 
 328 373 
 328 377 
 328 380 
 28 339 
 72 339 
 102 339 
 339 361 
 339 369 
 339 373 
 339 377 
 339 380 
 28 348 
 72 348 
 102 348 
 348 361 
 348 369 
 348 373 
 348 377 
 348 380 
 28 357 
 72 357 
 102 357 
 357 361 
 357 369 
 357 373 
 357 377 
 357 380 
 28 365 
 72 365 
 102 365 
 361 365 
 365 369 
 365 373 
 365 377 
 365 380 
 4 369 
 58 369 
 95 369 
 115 369 
 127 369 
 4 373 
 58 373 
 95 373 
 115 373 
 127 373 
 4 377 
 58 377 
 95 377 
 115 377 
 127 377 
 4 380 
 58 380 
 95 380 
 115 380 
 127 380 
 2.201754 
312 

66 
 18 67 
 88 
 18 108 
 123 
 0.000518 
5 

10 
 78 
 0.000051 
2 

12 
 80 
 0.000038 
2 

17 
 81 
 0.000066 
2 

13 
 62 
 105 
 0.000086 
3 

3 
 57 
 84 
 120 
 0.000056 
4 

5 
 60 
 86 
 121 
 0.000090 
4 

35 
 36 
 37 
 38 
 39 
 42 
 74 
 75 
 76 
 77 
 96 
 97 
 101 
 117 
 141 
 142 
 164 
 165 
 166 
 185 
 186 
 198 
 200 
 202 
 228 
 289 
 0.000283 
26 

31 
 45 
 112 
 113 
 134 
 135 
 153 
 154 
 170 
 180 
 193 
 212 
 214 
 238 
 240 
 266 
 267 
 293 
 338 
 347 
 356 
 364 
 372 
 376 
 0.000316 
24 

44 
 363 
 371 
 375 
 379 
 382 
 0.000106 
6 

9 28 
 28 114 
 28 46 
 28 137 
 28 155 
 28 156 
 28 171 
 28 181 
 28 194 
 28 216 
 28 217 
 28 242 
 28 243 
 28 269 
 28 270 
 28 295 
 28 317 
 28 328 
 28 339 
 28 348 
 28 357 
 28 365 
 46 51 
 51 137 
 51 155 
 51 156 
 51 171 
 51 181 
 51 194 
 51 216 
 51 217 
 51 242 
 51 243 
 51 269 
 51 270 
 51 295 
 51 317 
 51 328 
 51 339 
 51 348 
 51 357 
 51 365 
 46 52 
 52 137 
 52 155 
 52 156 
 52 171 
 52 181 
 52 194 
 52 216 
 52 217 
 52 242 
 52 243 
 52 269 
 52 270 
 52 295 
 52 317 
 52 328 
 52 339 
 52 348 
 52 357 
 52 365 
 46 72 
 9 72 
 72 114 
 72 137 
 72 155 
 72 156 
 72 171 
 72 181 
 72 194 
 72 216 
 72 217 
 72 242 
 72 243 
 72 269 
 72 270 
 72 295 
 72 317 
 72 328 
 72 339 
 72 348 
 72 357 
 72 365 
 46 140 
 137 140 
 140 155 
 140 156 
 140 171 
 140 181 
 140 194 
 140 216 
 140 217 
 140 242 
 140 243 
 140 269 
 140 270 
 140 295 
 140 317 
 140 328 
 140 339 
 140 348 
 140 357 
 140 365 
 46 161 
 137 161 
 155 161 
 156 161 
 161 171 
 161 181 
 161 194 
 161 216 
 161 217 
 161 242 
 161 243 
 161 269 
 161 270 
 161 295 
 161 317 
 161 328 
 161 339 
 161 348 
 161 357 
 161 365 
 46 162 
 137 162 
 155 162 
 156 162 
 162 171 
 162 181 
 162 194 
 162 216 
 162 217 
 162 242 
 162 243 
 162 269 
 162 270 
 162 295 
 162 317 
 162 328 
 162 339 
 162 348 
 162 357 
 162 365 
 46 174 
 137 174 
 155 174 
 156 174 
 171 174 
 174 181 
 174 194 
 174 216 
 174 217 
 174 242 
 174 243 
 174 269 
 174 270 
 174 295 
 174 317 
 174 328 
 174 339 
 174 348 
 174 357 
 174 365 
 46 184 
 137 184 
 155 184 
 156 184 
 171 184 
 181 184 
 184 194 
 184 216 
 184 217 
 184 242 
 184 243 
 184 269 
 184 270 
 184 295 
 184 317 
 184 328 
 184 339 
 184 348 
 184 357 
 184 365 
 46 197 
 137 197 
 155 197 
 156 197 
 171 197 
 181 197 
 194 197 
 197 216 
 197 217 
 197 242 
 197 243 
 197 269 
 197 270 
 197 295 
 197 317 
 197 328 
 197 339 
 197 348 
 197 357 
 197 365 
 46 225 
 137 225 
 155 225 
 156 225 
 171 225 
 181 225 
 194 225 
 216 225 
 217 225 
 225 242 
 225 243 
 225 269 
 225 270 
 225 295 
 225 317 
 225 328 
 225 339 
 225 348 
 225 357 
 225 365 
 46 226 
 137 226 
 155 226 
 156 226 
 171 226 
 181 226 
 194 226 
 216 226 
 217 226 
 226 242 
 226 243 
 226 269 
 226 270 
 226 295 
 226 317 
 226 328 
 226 339 
 226 348 
 226 357 
 226 365 
 46 251 
 137 251 
 155 251 
 156 251 
 171 251 
 181 251 
 194 251 
 216 251 
 217 251 
 242 251 
 243 251 
 251 269 
 251 270 
 251 295 
 251 317 
 251 328 
 251 339 
 251 348 
 251 357 
 251 365 
 46 252 
 137 252 
 155 252 
 156 252 
 171 252 
 181 252 
 194 252 
 216 252 
 217 252 
 242 252 
 243 252 
 252 269 
 252 270 
 252 295 
 252 317 
 252 328 
 252 339 
 252 348 
 252 357 
 252 365 
 46 280 
 137 280 
 155 280 
 156 280 
 171 280 
 181 280 
 194 280 
 216 280 
 217 280 
 242 280 
 243 280 
 269 280 
 270 280 
 280 295 
 280 317 
 280 328 
 280 339 
 280 348 
 280 357 
 280 365 
 46 281 
 137 281 
 155 281 
 156 281 
 171 281 
 181 281 
 194 281 
 216 281 
 217 281 
 242 281 
 243 281 
 269 281 
 270 281 
 281 295 
 281 317 
 281 328 
 281 339 
 281 348 
 281 357 
 281 365 
 46 301 
 137 301 
 155 301 
 156 301 
 171 301 
 181 301 
 194 301 
 216 301 
 217 301 
 242 301 
 243 301 
 269 301 
 270 301 
 295 301 
 301 317 
 301 328 
 301 339 
 301 348 
 301 357 
 301 365 
 46 308 
 137 308 
 155 308 
 156 308 
 171 308 
 181 308 
 194 308 
 216 308 
 217 308 
 242 308 
 243 308 
 269 308 
 270 308 
 295 308 
 308 317 
 308 328 
 308 339 
 308 348 
 308 357 
 308 365 
 46 314 
 137 314 
 155 314 
 156 314 
 171 314 
 181 314 
 194 314 
 216 314 
 217 314 
 242 314 
 243 314 
 269 314 
 270 314 
 295 314 
 314 317 
 314 328 
 314 339 
 314 348 
 314 357 
 314 365 
 46 320 
 137 320 
 155 320 
 156 320 
 171 320 
 181 320 
 194 320 
 216 320 
 217 320 
 242 320 
 243 320 
 269 320 
 270 320 
 295 320 
 317 320 
 320 328 
 320 339 
 320 348 
 320 357 
 320 365 
 46 331 
 137 331 
 155 331 
 156 331 
 171 331 
 181 331 
 194 331 
 216 331 
 217 331 
 242 331 
 243 331 
 269 331 
 270 331 
 295 331 
 317 331 
 328 331 
 331 339 
 331 348 
 331 357 
 331 365 
 46 342 
 137 342 
 155 342 
 156 342 
 171 342 
 181 342 
 194 342 
 216 342 
 217 342 
 242 342 
 243 342 
 269 342 
 270 342 
 295 342 
 317 342 
 328 342 
 339 342 
 342 348 
 342 357 
 342 365 
 46 352 
 137 352 
 155 352 
 156 352 
 171 352 
 181 352 
 194 352 
 216 352 
 217 352 
 242 352 
 243 352 
 269 352 
 270 352 
 295 352 
 317 352 
 328 352 
 339 352 
 348 352 
 352 357 
 352 365 
 0.136682 
464 

17 
 81 
 0.000073 
2 

0 
 53 
 103 
 0.000052 
3 

13 
 62 
 105 
 0.000104 
3 

15 
 64 
 106 
 0.000115 
3 

16 
 65 
 107 
 0.000071 
3 

1 
 82 
 119 
 0.000055 
3 

8 
 61 
 87 
 122 
 0.000075 
4 

66 
 88 
 123 
 0.000056 
3 

35 
 37 
 38 
 39 
 40 
 41 
 42 
 74 
 75 
 76 
 77 
 96 
 98 
 99 
 100 
 117 
 118 
 141 
 142 
 163 
 164 
 166 
 185 
 186 
 199 
 200 
 202 
 228 
 289 
 0.000453 
29 

29 31 203 
 31 178 203 
 31 191 203 
 29 180 203 
 178 180 203 
 180 191 203 
 29 193 203 
 178 193 203 
 191 193 203 
 29 203 214 
 178 203 214 
 191 203 214 
 29 203 240 
 178 203 240 
 191 203 240 
 29 31 206 
 31 178 206 
 31 191 206 
 29 180 206 
 178 180 206 
 180 191 206 
 29 193 206 
 178 193 206 
 191 193 206 
 29 206 214 
 178 206 214 
 191 206 214 
 29 206 240 
 178 206 240 
 191 206 240 
 29 31 207 
 31 178 207 
 31 191 207 
 29 180 207 
 178 180 207 
 180 191 207 
 29 193 207 
 178 193 207 
 191 193 207 
 29 207 214 
 178 207 214 
 191 207 214 
 29 207 240 
 178 207 240 
 191 207 240 
 31 208 
 180 208 
 193 208 
 208 214 
 208 240 
 208 356 
 208 364 
 208 372 
 208 376 
 29 31 229 
 31 178 229 
 31 191 229 
 29 180 229 
 178 180 229 
 180 191 229 
 29 193 229 
 178 193 229 
 191 193 229 
 29 214 229 
 178 214 229 
 191 214 229 
 29 229 240 
 178 229 240 
 191 229 240 
 29 31 232 
 31 178 232 
 31 191 232 
 29 180 232 
 178 180 232 
 180 191 232 
 29 193 232 
 178 193 232 
 191 193 232 
 29 214 232 
 178 214 232 
 191 214 232 
 29 232 240 
 178 232 240 
 191 232 240 
 31 234 
 180 234 
 193 234 
 214 234 
 234 240 
 234 356 
 234 364 
 234 372 
 234 376 
 29 31 256 
 31 178 256 
 31 191 256 
 29 180 256 
 178 180 256 
 180 191 256 
 29 193 256 
 178 193 256 
 191 193 256 
 29 214 256 
 178 214 256 
 191 214 256 
 29 240 256 
 178 240 256 
 191 240 256 
 29 31 259 
 31 178 259 
 31 191 259 
 29 180 259 
 178 180 259 
 180 191 259 
 29 193 259 
 178 193 259 
 191 193 259 
 29 214 259 
 178 214 259 
 191 214 259 
 29 240 259 
 178 240 259 
 191 240 259 
 29 31 267 
 31 178 267 
 31 191 267 
 29 180 267 
 178 180 267 
 180 191 267 
 29 193 267 
 178 193 267 
 191 193 267 
 29 214 267 
 178 214 267 
 191 214 267 
 29 240 267 
 178 240 267 
 191 240 267 
 29 31 286 
 31 178 286 
 31 191 286 
 29 180 286 
 178 180 286 
 180 191 286 
 29 193 286 
 178 193 286 
 191 193 286 
 29 214 286 
 178 214 286 
 191 214 286 
 29 240 286 
 178 240 286 
 191 240 286 
 29 31 287 
 31 178 287 
 31 191 287 
 29 180 287 
 178 180 287 
 180 191 287 
 29 193 287 
 178 193 287 
 191 193 287 
 29 214 287 
 178 214 287 
 191 214 287 
 29 240 287 
 178 240 287 
 191 240 287 
 29 31 293 
 31 178 293 
 31 191 293 
 29 180 293 
 178 180 293 
 180 191 293 
 29 193 293 
 178 193 293 
 191 193 293 
 29 214 293 
 178 214 293 
 191 214 293 
 29 240 293 
 178 240 293 
 191 240 293 
 29 31 323 
 31 178 323 
 31 191 323 
 29 180 323 
 178 180 323 
 180 191 323 
 29 193 323 
 178 193 323 
 191 193 323 
 29 214 323 
 178 214 323 
 191 214 323 
 29 240 323 
 178 240 323 
 191 240 323 
 29 31 324 
 31 178 324 
 31 191 324 
 29 180 324 
 178 180 324 
 180 191 324 
 29 193 324 
 178 193 324 
 191 193 324 
 29 214 324 
 178 214 324 
 191 214 324 
 29 240 324 
 178 240 324 
 191 240 324 
 29 31 343 
 31 178 343 
 31 191 343 
 29 180 343 
 178 180 343 
 180 191 343 
 29 193 343 
 178 193 343 
 191 193 343 
 29 214 343 
 178 214 343 
 191 214 343 
 29 240 343 
 178 240 343 
 191 240 343 
 29 31 351 
 31 178 351 
 31 191 351 
 29 180 351 
 178 180 351 
 180 191 351 
 29 193 351 
 178 193 351 
 191 193 351 
 29 214 351 
 178 214 351 
 191 214 351 
 29 240 351 
 178 240 351 
 191 240 351 
 29 356 
 178 356 
 191 356 
 356 370 
 356 374 
 356 378 
 356 381 
 29 31 360 
 31 178 360 
 31 191 360 
 29 180 360 
 178 180 360 
 180 191 360 
 29 193 360 
 178 193 360 
 191 193 360 
 29 214 360 
 178 214 360 
 191 214 360 
 29 240 360 
 178 240 360 
 191 240 360 
 29 364 
 178 364 
 191 364 
 364 370 
 364 374 
 364 378 
 364 381 
 29 31 368 
 31 178 368 
 31 191 368 
 29 180 368 
 178 180 368 
 180 191 368 
 29 193 368 
 178 193 368 
 191 193 368 
 29 214 368 
 178 214 368 
 191 214 368 
 29 240 368 
 178 240 368 
 191 240 368 
 31 370 
 180 370 
 193 370 
 214 370 
 240 370 
 370 372 
 370 376 
 29 372 
 178 372 
 191 372 
 372 374 
 372 378 
 372 381 
 31 374 
 180 374 
 193 374 
 214 374 
 240 374 
 374 376 
 29 376 
 178 376 
 191 376 
 376 378 
 376 381 
 31 378 
 180 378 
 193 378 
 214 378 
 240 378 
 31 381 
 180 381 
 193 381 
 214 381 
 240 381 
 1.291665 
321 

3 32 44 
 3 32 363 
 3 44 56 
 3 56 363 
 44 57 
 57 363 
 57 371 
 57 375 
 57 379 
 57 382 
 3 44 83 
 3 83 363 
 44 84 
 84 363 
 84 371 
 84 375 
 84 379 
 84 382 
 3 44 112 
 3 112 363 
 44 120 
 120 363 
 120 371 
 120 375 
 120 379 
 120 382 
 3 44 132 
 3 132 363 
 3 44 152 
 3 152 363 
 3 44 192 
 3 192 363 
 3 44 211 
 3 211 363 
 3 44 237 
 3 237 363 
 3 371 
 3 375 
 3 379 
 3 382 
 0.015652 
40 

47 49 136 
 49 136 329 
 49 136 340 
 49 136 349 
 49 136 358 
 49 136 366 
 47 136 330 
 136 329 330 
 136 330 340 
 136 330 349 
 136 330 358 
 136 330 366 
 47 136 341 
 136 329 341 
 47 136 350 
 136 329 350 
 47 136 359 
 136 329 359 
 47 136 367 
 136 329 367 
 47 49 157 159 
 49 157 159 329 
 47 157 159 330 
 157 159 329 330 
 47 49 159 182 
 49 159 182 329 
 47 159 182 330 
 159 182 329 330 
 47 49 159 195 
 49 159 195 329 
 47 159 195 330 
 159 195 329 330 
 47 49 159 220 
 49 159 220 329 
 47 159 220 330 
 159 220 329 330 
 47 49 159 246 
 49 159 246 329 
 47 159 246 330 
 159 246 329 330 
 49 159 340 
 159 330 340 
 49 159 349 
 159 330 349 
 49 159 358 
 159 330 358 
 49 159 366 
 159 330 366 
 47 49 157 183 
 49 157 183 329 
 47 157 183 330 
 157 183 329 330 
 47 49 182 183 
 49 182 183 329 
 47 182 183 330 
 182 183 329 330 
 47 49 183 195 
 49 183 195 329 
 47 183 195 330 
 183 195 329 330 
 47 49 183 220 
 49 183 220 329 
 47 183 220 330 
 183 220 329 330 
 47 49 183 246 
 49 183 246 329 
 47 183 246 330 
 183 246 329 330 
 49 183 340 
 183 330 340 
 49 183 349 
 183 330 349 
 49 183 358 
 183 330 358 
 49 183 366 
 183 330 366 
 47 49 157 196 
 49 157 196 329 
 47 157 196 330 
 157 196 329 330 
 47 49 182 196 
 49 182 196 329 
 47 182 196 330 
 182 196 329 330 
 47 49 195 196 
 49 195 196 329 
 47 195 196 330 
 195 196 329 330 
 47 49 196 220 
 49 196 220 329 
 47 196 220 330 
 196 220 329 330 
 47 49 196 246 
 49 196 246 329 
 47 196 246 330 
 196 246 329 330 
 49 196 340 
 196 330 340 
 49 196 349 
 196 330 349 
 49 196 358 
 196 330 358 
 49 196 366 
 196 330 366 
 47 49 157 223 
 49 157 223 329 
 47 157 223 330 
 157 223 329 330 
 47 49 182 223 
 49 182 223 329 
 47 182 223 330 
 182 223 329 330 
 47 49 195 223 
 49 195 223 329 
 47 195 223 330 
 195 223 329 330 
 47 49 220 223 
 49 220 223 329 
 47 220 223 330 
 220 223 329 330 
 47 49 223 246 
 49 223 246 329 
 47 223 246 330 
 223 246 329 330 
 49 223 340 
 223 330 340 
 49 223 349 
 223 330 349 
 49 223 358 
 223 330 358 
 49 223 366 
 223 330 366 
 47 49 157 249 
 49 157 249 329 
 47 157 249 330 
 157 249 329 330 
 47 49 182 249 
 49 182 249 329 
 47 182 249 330 
 182 249 329 330 
 47 49 195 249 
 49 195 249 329 
 47 195 249 330 
 195 249 329 330 
 47 49 220 249 
 49 220 249 329 
 47 220 249 330 
 220 249 329 330 
 47 49 246 249 
 49 246 249 329 
 47 246 249 330 
 246 249 329 330 
 49 249 340 
 249 330 340 
 49 249 349 
 249 330 349 
 49 249 358 
 249 330 358 
 49 249 366 
 249 330 366 
 47 157 341 
 157 329 341 
 47 182 341 
 182 329 341 
 47 195 341 
 195 329 341 
 47 220 341 
 220 329 341 
 47 246 341 
 246 329 341 
 340 341 
 341 349 
 341 358 
 341 366 
 47 157 350 
 157 329 350 
 47 182 350 
 182 329 350 
 47 195 350 
 195 329 350 
 47 220 350 
 220 329 350 
 47 246 350 
 246 329 350 
 340 350 
 349 350 
 350 358 
 350 366 
 47 157 359 
 157 329 359 
 47 182 359 
 182 329 359 
 47 195 359 
 195 329 359 
 47 220 359 
 220 329 359 
 47 246 359 
 246 329 359 
 340 359 
 349 359 
 358 359 
 359 366 
 47 157 367 
 157 329 367 
 47 182 367 
 182 329 367 
 47 195 367 
 195 329 367 
 47 220 367 
 220 329 367 
 47 246 367 
 246 329 367 
 340 367 
 349 367 
 358 367 
 366 367 
 1.692736 
216 

10 
 78 
 0.000081 
2 

11 
 79 
 0.000038 
2 

12 
 80 
 0.000042 
2 

17 
 81 
 0.000037 
2 

0 
 53 
 103 
 0.000073 
3 

13 
 62 
 105 
 0.000061 
3 

15 
 64 
 106 
 0.000061 
3 

16 
 65 
 107 
 0.000059 
3 

66 
 88 
 123 
 0.000062 
3 

19 
 20 
 21 
 22 
 23 
 25 
 26 
 68 
 69 
 70 
 71 
 89 
 90 
 92 
 94 
 110 
 111 
 125 
 126 
 143 
 144 
 145 
 175 
 176 
 188 
 189 
 201 
 227 
 288 
 0.000337 
29 

36 
 37 
 39 
 40 
 41 
 74 
 75 
 76 
 77 
 98 
 100 
 101 
 118 
 141 
 142 
 163 
 164 
 165 
 185 
 186 
 199 
 200 
 202 
 228 
 289 
 0.000447 
25 

29 31 203 
 31 178 203 
 31 191 203 
 29 180 203 
 178 180 203 
 180 191 203 
 29 193 203 
 178 193 203 
 191 193 203 
 29 203 214 
 178 203 214 
 191 203 214 
 29 203 240 
 178 203 240 
 191 203 240 
 29 31 206 
 31 178 206 
 31 191 206 
 29 180 206 
 178 180 206 
 180 191 206 
 29 193 206 
 178 193 206 
 191 193 206 
 29 206 214 
 178 206 214 
 191 206 214 
 29 206 240 
 178 206 240 
 191 206 240 
 29 31 207 
 31 178 207 
 31 191 207 
 29 180 207 
 178 180 207 
 180 191 207 
 29 193 207 
 178 193 207 
 191 193 207 
 29 207 214 
 178 207 214 
 191 207 214 
 29 207 240 
 178 207 240 
 191 207 240 
 31 208 
 180 208 
 193 208 
 208 214 
 208 240 
 208 356 
 208 364 
 208 372 
 208 376 
 29 31 229 
 31 178 229 
 31 191 229 
 29 180 229 
 178 180 229 
 180 191 229 
 29 193 229 
 178 193 229 
 191 193 229 
 29 214 229 
 178 214 229 
 191 214 229 
 29 229 240 
 178 229 240 
 191 229 240 
 29 31 232 
 31 178 232 
 31 191 232 
 29 180 232 
 178 180 232 
 180 191 232 
 29 193 232 
 178 193 232 
 191 193 232 
 29 214 232 
 178 214 232 
 191 214 232 
 29 232 240 
 178 232 240 
 191 232 240 
 31 234 
 180 234 
 193 234 
 214 234 
 234 240 
 234 356 
 234 364 
 234 372 
 234 376 
 29 31 256 
 31 178 256 
 31 191 256 
 29 180 256 
 178 180 256 
 180 191 256 
 29 193 256 
 178 193 256 
 191 193 256 
 29 214 256 
 178 214 256 
 191 214 256 
 29 240 256 
 178 240 256 
 191 240 256 
 29 31 259 
 31 178 259 
 31 191 259 
 29 180 259 
 178 180 259 
 180 191 259 
 29 193 259 
 178 193 259 
 191 193 259 
 29 214 259 
 178 214 259 
 191 214 259 
 29 240 259 
 178 240 259 
 191 240 259 
 29 31 267 
 31 178 267 
 31 191 267 
 29 180 267 
 178 180 267 
 180 191 267 
 29 193 267 
 178 193 267 
 191 193 267 
 29 214 267 
 178 214 267 
 191 214 267 
 29 240 267 
 178 240 267 
 191 240 267 
 29 31 286 
 31 178 286 
 31 191 286 
 29 180 286 
 178 180 286 
 180 191 286 
 29 193 286 
 178 193 286 
 191 193 286 
 29 214 286 
 178 214 286 
 191 214 286 
 29 240 286 
 178 240 286 
 191 240 286 
 29 31 287 
 31 178 287 
 31 191 287 
 29 180 287 
 178 180 287 
 180 191 287 
 29 193 287 
 178 193 287 
 191 193 287 
 29 214 287 
 178 214 287 
 191 214 287 
 29 240 287 
 178 240 287 
 191 240 287 
 29 31 293 
 31 178 293 
 31 191 293 
 29 180 293 
 178 180 293 
 180 191 293 
 29 193 293 
 178 193 293 
 191 193 293 
 29 214 293 
 178 214 293 
 191 214 293 
 29 240 293 
 178 240 293 
 191 240 293 
 29 31 323 
 31 178 323 
 31 191 323 
 29 180 323 
 178 180 323 
 180 191 323 
 29 193 323 
 178 193 323 
 191 193 323 
 29 214 323 
 178 214 323 
 191 214 323 
 29 240 323 
 178 240 323 
 191 240 323 
 29 31 324 
 31 178 324 
 31 191 324 
 29 180 324 
 178 180 324 
 180 191 324 
 29 193 324 
 178 193 324 
 191 193 324 
 29 214 324 
 178 214 324 
 191 214 324 
 29 240 324 
 178 240 324 
 191 240 324 
 29 31 343 
 31 178 343 
 31 191 343 
 29 180 343 
 178 180 343 
 180 191 343 
 29 193 343 
 178 193 343 
 191 193 343 
 29 214 343 
 178 214 343 
 191 214 343 
 29 240 343 
 178 240 343 
 191 240 343 
 29 31 351 
 31 178 351 
 31 191 351 
 29 180 351 
 178 180 351 
 180 191 351 
 29 193 351 
 178 193 351 
 191 193 351 
 29 214 351 
 178 214 351 
 191 214 351 
 29 240 351 
 178 240 351 
 191 240 351 
 29 356 
 178 356 
 191 356 
 356 370 
 356 374 
 356 378 
 356 381 
 29 31 360 
 31 178 360 
 31 191 360 
 29 180 360 
 178 180 360 
 180 191 360 
 29 193 360 
 178 193 360 
 191 193 360 
 29 214 360 
 178 214 360 
 191 214 360 
 29 240 360 
 178 240 360 
 191 240 360 
 29 364 
 178 364 
 191 364 
 364 370 
 364 374 
 364 378 
 364 381 
 29 31 368 
 31 178 368 
 31 191 368 
 29 180 368 
 178 180 368 
 180 191 368 
 29 193 368 
 178 193 368 
 191 193 368 
 29 214 368 
 178 214 368 
 191 214 368 
 29 240 368 
 178 240 368 
 191 240 368 
 31 370 
 180 370 
 193 370 
 214 370 
 240 370 
 370 372 
 370 376 
 29 372 
 178 372 
 191 372 
 372 374 
 372 378 
 372 381 
 31 374 
 180 374 
 193 374 
 214 374 
 240 374 
 374 376 
 29 376 
 178 376 
 191 376 
 376 378 
 376 381 
 31 378 
 180 378 
 193 378 
 214 378 
 240 378 
 31 381 
 180 381 
 193 381 
 214 381 
 240 381 
 1.340102 
321 

3 32 44 
 3 32 363 
 3 44 56 
 3 56 363 
 44 57 
 57 363 
 57 371 
 57 375 
 57 379 
 57 382 
 3 44 83 
 3 83 363 
 44 84 
 84 363 
 84 371 
 84 375 
 84 379 
 84 382 
 3 44 112 
 3 112 363 
 44 120 
 120 363 
 120 371 
 120 375 
 120 379 
 120 382 
 3 44 132 
 3 132 363 
 3 44 152 
 3 152 363 
 3 44 192 
 3 192 363 
 3 44 211 
 3 211 363 
 3 44 237 
 3 237 363 
 3 371 
 3 375 
 3 379 
 3 382 
 0.015870 
40 

10 
 78 
 0.000053 
2 

11 
 79 
 0.000066 
2 

12 
 80 
 0.000038 
2 

17 
 81 
 0.000064 
2 

0 
 53 
 103 
 0.000122 
3 

13 
 62 
 105 
 0.000054 
3 

15 
 64 
 106 
 0.000092 
3 

16 
 65 
 107 
 0.000063 
3 

66 
 88 
 123 
 0.000083 
3 

19 
 20 
 21 
 22 
 23 
 25 
 26 
 68 
 69 
 70 
 71 
 89 
 90 
 92 
 94 
 110 
 111 
 125 
 126 
 143 
 144 
 145 
 175 
 176 
 188 
 189 
 201 
 227 
 288 
 0.000443 
29 

36 
 37 
 39 
 40 
 41 
 74 
 75 
 76 
 77 
 98 
 100 
 101 
 118 
 141 
 142 
 163 
 164 
 165 
 185 
 186 
 199 
 200 
 202 
 228 
 289 
 0.000376 
25 

29 31 203 
 31 178 203 
 31 191 203 
 29 180 203 
 178 180 203 
 180 191 203 
 29 193 203 
 178 193 203 
 191 193 203 
 29 203 214 
 178 203 214 
 191 203 214 
 29 203 240 
 178 203 240 
 191 203 240 
 29 31 206 
 31 178 206 
 31 191 206 
 29 180 206 
 178 180 206 
 180 191 206 
 29 193 206 
 178 193 206 
 191 193 206 
 29 206 214 
 178 206 214 
 191 206 214 
 29 206 240 
 178 206 240 
 191 206 240 
 29 31 207 
 31 178 207 
 31 191 207 
 29 180 207 
 178 180 207 
 180 191 207 
 29 193 207 
 178 193 207 
 191 193 207 
 29 207 214 
 178 207 214 
 191 207 214 
 29 207 240 
 178 207 240 
 191 207 240 
 31 208 
 180 208 
 193 208 
 208 214 
 208 240 
 208 356 
 208 364 
 208 372 
 208 376 
 29 31 229 
 31 178 229 
 31 191 229 
 29 180 229 
 178 180 229 
 180 191 229 
 29 193 229 
 178 193 229 
 191 193 229 
 29 214 229 
 178 214 229 
 191 214 229 
 29 229 240 
 178 229 240 
 191 229 240 
 29 31 232 
 31 178 232 
 31 191 232 
 29 180 232 
 178 180 232 
 180 191 232 
 29 193 232 
 178 193 232 
 191 193 232 
 29 214 232 
 178 214 232 
 191 214 232 
 29 232 240 
 178 232 240 
 191 232 240 
 31 234 
 180 234 
 193 234 
 214 234 
 234 240 
 234 356 
 234 364 
 234 372 
 234 376 
 29 31 256 
 31 178 256 
 31 191 256 
 29 180 256 
 178 180 256 
 180 191 256 
 29 193 256 
 178 193 256 
 191 193 256 
 29 214 256 
 178 214 256 
 191 214 256 
 29 240 256 
 178 240 256 
 191 240 256 
 29 31 259 
 31 178 259 
 31 191 259 
 29 180 259 
 178 180 259 
 180 191 259 
 29 193 259 
 178 193 259 
 191 193 259 
 29 214 259 
 178 214 259 
 191 214 259 
 29 240 259 
 178 240 259 
 191 240 259 
 29 31 267 
 31 178 267 
 31 191 267 
 29 180 267 
 178 180 267 
 180 191 267 
 29 193 267 
 178 193 267 
 191 193 267 
 29 214 267 
 178 214 267 
 191 214 267 
 29 240 267 
 178 240 267 
 191 240 267 
 29 31 286 
 31 178 286 
 31 191 286 
 29 180 286 
 178 180 286 
 180 191 286 
 29 193 286 
 178 193 286 
 191 193 286 
 29 214 286 
 178 214 286 
 191 214 286 
 29 240 286 
 178 240 286 
 191 240 286 
 29 31 287 
 31 178 287 
 31 191 287 
 29 180 287 
 178 180 287 
 180 191 287 
 29 193 287 
 178 193 287 
 191 193 287 
 29 214 287 
 178 214 287 
 191 214 287 
 29 240 287 
 178 240 287 
 191 240 287 
 29 31 293 
 31 178 293 
 31 191 293 
 29 180 293 
 178 180 293 
 180 191 293 
 29 193 293 
 178 193 293 
 191 193 293 
 29 214 293 
 178 214 293 
 191 214 293 
 29 240 293 
 178 240 293 
 191 240 293 
 29 31 323 
 31 178 323 
 31 191 323 
 29 180 323 
 178 180 323 
 180 191 323 
 29 193 323 
 178 193 323 
 191 193 323 
 29 214 323 
 178 214 323 
 191 214 323 
 29 240 323 
 178 240 323 
 191 240 323 
 29 31 324 
 31 178 324 
 31 191 324 
 29 180 324 
 178 180 324 
 180 191 324 
 29 193 324 
 178 193 324 
 191 193 324 
 29 214 324 
 178 214 324 
 191 214 324 
 29 240 324 
 178 240 324 
 191 240 324 
 29 31 343 
 31 178 343 
 31 191 343 
 29 180 343 
 178 180 343 
 180 191 343 
 29 193 343 
 178 193 343 
 191 193 343 
 29 214 343 
 178 214 343 
 191 214 343 
 29 240 343 
 178 240 343 
 191 240 343 
 29 31 351 
 31 178 351 
 31 191 351 
 29 180 351 
 178 180 351 
 180 191 351 
 29 193 351 
 178 193 351 
 191 193 351 
 29 214 351 
 178 214 351 
 191 214 351 
 29 240 351 
 178 240 351 
 191 240 351 
 29 356 
 178 356 
 191 356 
 356 370 
 356 374 
 356 378 
 356 381 
 29 31 360 
 31 178 360 
 31 191 360 
 29 180 360 
 178 180 360 
 180 191 360 
 29 193 360 
 178 193 360 
 191 193 360 
 29 214 360 
 178 214 360 
 191 214 360 
 29 240 360 
 178 240 360 
 191 240 360 
 29 364 
 178 364 
 191 364 
 364 370 
 364 374 
 364 378 
 364 381 
 29 31 368 
 31 178 368 
 31 191 368 
 29 180 368 
 178 180 368 
 180 191 368 
 29 193 368 
 178 193 368 
 191 193 368 
 29 214 368 
 178 214 368 
 191 214 368 
 29 240 368 
 178 240 368 
 191 240 368 
 31 370 
 180 370 
 193 370 
 214 370 
 240 370 
 370 372 
 370 376 
 29 372 
 178 372 
 191 372 
 372 374 
 372 378 
 372 381 
 31 374 
 180 374 
 193 374 
 214 374 
 240 374 
 374 376 
 29 376 
 178 376 
 191 376 
 376 378 
 376 381 
 31 378 
 180 378 
 193 378 
 214 378 
 240 378 
 31 381 
 180 381 
 193 381 
 214 381 
 240 381 
 1.324450 
321 

3 32 44 
 3 32 363 
 3 44 56 
 3 56 363 
 44 57 
 57 363 
 57 371 
 57 375 
 57 379 
 57 382 
 3 44 83 
 3 83 363 
 44 84 
 84 363 
 84 371 
 84 375 
 84 379 
 84 382 
 3 44 112 
 3 112 363 
 44 120 
 120 363 
 120 371 
 120 375 
 120 379 
 120 382 
 3 44 132 
 3 132 363 
 3 44 152 
 3 152 363 
 3 44 192 
 3 192 363 
 3 44 211 
 3 211 363 
 3 44 237 
 3 237 363 
 3 371 
 3 375 
 3 379 
 3 382 
 0.015542 
40 

10 
 78 
 0.000071 
2 

11 
 79 
 0.000037 
2 

12 
 80 
 0.000050 
2 

17 
 81 
 0.000037 
2 

0 
 53 
 103 
 0.000073 
3 

13 
 62 
 105 
 0.000061 
3 

15 
 64 
 106 
 0.000098 
3 

16 
 65 
 107 
 0.000069 
3 

18 
 67 
 108 
 0.000088 
3 

66 
 88 
 123 
 0.000092 
3 

19 
 20 
 21 
 22 
 23 
 25 
 26 
 68 
 69 
 70 
 71 
 89 
 90 
 92 
 94 
 110 
 111 
 125 
 126 
 143 
 144 
 145 
 175 
 176 
 188 
 189 
 201 
 227 
 288 
 0.000464 
29 

36 
 37 
 39 
 40 
 41 
 74 
 75 
 76 
 77 
 98 
 100 
 101 
 118 
 141 
 142 
 163 
 164 
 165 
 185 
 186 
 199 
 200 
 202 
 228 
 289 
 0.000541 
25 

