54 55 82 104 119 
46 85 109 114 124 137 147 155 156 171 177 181 190 194 205 215 217 231 241 243 269 270 295 317 328 339 348 357 365 369 373 377 380 
1 55 104 
2 54 82 119 
66 67 88 108 123 
10 78 
12 80 
17 81 
13 62 105 
1 82 119 
3 57 84 120 
5 60 86 121 
18 66 88 123 
35 36 37 38 39 42 74 75 76 77 96 97 101 117 141 142 164 165 166 185 186 198 200 202 228 289 
4 46 58 85 95 109 114 115 124 127 137 155 156 171 181 194 215 217 241 243 269 270 295 317 328 339 348 357 365 
31 45 112 113 134 135 153 154 170 180 193 212 214 238 240 266 267 293 338 347 356 364 372 376 
28 72 102 361 369 373 377 380 
44 363 371 375 379 382 
